t , Ki , Mi , Ni , Vxi , Vyi , Vzi , Txi , Tyi , Tzi
0 , 113.917 , 0.0379722 , 3e+21 , 0.943571 , 3.39584 , -9.13738 , 0.0257305 , 0.0251286 , 0.0250574
4e-09 , 113.917 , 0.0379722 , 3e+21 , 0.943571 , 3.39584 , -9.13738 , 0.0257305 , 0.0251286 , 0.0250574
8e-09 , 113.917 , 0.0379722 , 3e+21 , 0.943571 , 3.39584 , -9.13738 , 0.0257305 , 0.0251286 , 0.0250574
1.2e-08 , 113.917 , 0.0379722 , 3e+21 , 0.943571 , 3.39584 , -9.13738 , 0.0257305 , 0.0251286 , 0.0250574
1.6e-08 , 113.917 , 0.0379722 , 3e+21 , 0.943571 , 3.39584 , -9.13738 , 0.0257305 , 0.0251286 , 0.0250574
2e-08 , 113.917 , 0.0379722 , 3e+21 , 0.943571 , 3.39584 , -9.13738 , 0.0257305 , 0.0251286 , 0.0250574
2.4e-08 , 113.917 , 0.0379722 , 3e+21 , 0.943571 , 3.39584 , -9.13738 , 0.0257305 , 0.0251286 , 0.0250574
2.8e-08 , 113.917 , 0.0379722 , 3e+21 , 0.943571 , 3.39584 , -9.13738 , 0.0257305 , 0.0251286 , 0.0250574
3.2e-08 , 113.917 , 0.0379722 , 3e+21 , 0.943571 , 3.39584 , -9.13738 , 0.0257305 , 0.0251286 , 0.0250574
3.6e-08 , 113.917 , 0.0379722 , 3e+21 , 0.943571 , 3.39584 , -9.13738 , 0.0257305 , 0.0251286 , 0.0250574
4e-08 , 113.917 , 0.0379722 , 3e+21 , 0.943571 , 3.39584 , -9.13738 , 0.0257305 , 0.0251286 , 0.0250574
4.4e-08 , 113.917 , 0.0379722 , 3e+21 , 0.943571 , 3.39584 , -9.13738 , 0.0257305 , 0.0251286 , 0.0250574
4.8e-08 , 113.917 , 0.0379722 , 3e+21 , 0.943571 , 3.39584 , -9.13738 , 0.0257305 , 0.0251286 , 0.0250574
5.2e-08 , 113.917 , 0.0379722 , 3e+21 , 0.943571 , 3.39584 , -9.13738 , 0.0257305 , 0.0251286 , 0.0250574
5.6e-08 , 113.917 , 0.0379722 , 3e+21 , 0.943571 , 3.39584 , -9.13738 , 0.0257305 , 0.0251286 , 0.0250574
6e-08 , 113.917 , 0.0379722 , 3e+21 , 0.943571 , 3.39584 , -9.13738 , 0.0257305 , 0.0251286 , 0.0250574
6.4e-08 , 113.917 , 0.0379722 , 3e+21 , 0.943571 , 3.39584 , -9.13738 , 0.0257305 , 0.0251286 , 0.0250574
6.8e-08 , 113.917 , 0.0379722 , 3e+21 , 0.943571 , 3.39584 , -9.13738 , 0.0257305 , 0.0251286 , 0.0250574
7.2e-08 , 113.917 , 0.0379722 , 3e+21 , 0.943571 , 3.39584 , -9.13738 , 0.0257305 , 0.0251286 , 0.0250574
7.6e-08 , 113.917 , 0.0379722 , 3e+21 , 0.943571 , 3.39584 , -9.13738 , 0.0257305 , 0.0251286 , 0.0250574
8e-08 , 113.917 , 0.0379722 , 3e+21 , 0.943571 , 3.39584 , -9.13738 , 0.0257305 , 0.0251286 , 0.0250574
8.4e-08 , 113.917 , 0.0379722 , 3e+21 , 0.943571 , 3.39584 , -9.13738 , 0.0257305 , 0.0251286 , 0.0250574
8.8e-08 , 113.917 , 0.0379722 , 3e+21 , 0.943571 , 3.39584 , -9.13738 , 0.0257305 , 0.0251286 , 0.0250574
9.2e-08 , 113.917 , 0.0379722 , 3e+21 , 0.943571 , 3.39584 , -9.13738 , 0.0257305 , 0.0251286 , 0.0250574
9.6e-08 , 113.917 , 0.0379722 , 3e+21 , 0.943571 , 3.39584 , -9.13738 , 0.0257305 , 0.0251286 , 0.0250574
1e-07 , 113.917 , 0.0379722 , 3e+21 , 0.943571 , 3.39584 , -9.13738 , 0.0257305 , 0.0251286 , 0.0250574
1.04e-07 , 113.917 , 0.0379722 , 3e+21 , 0.943571 , 3.39584 , -9.13738 , 0.0257305 , 0.0251286 , 0.0250574
1.08e-07 , 113.917 , 0.0379722 , 3e+21 , 0.943571 , 3.39584 , -9.13738 , 0.0257305 , 0.0251286 , 0.0250574
1.12e-07 , 113.917 , 0.0379722 , 3e+21 , 0.943571 , 3.39584 , -9.13738 , 0.0257305 , 0.0251286 , 0.0250574
1.16e-07 , 113.917 , 0.0379722 , 3e+21 , 0.943571 , 3.39584 , -9.13738 , 0.0257305 , 0.0251286 , 0.0250574
1.2e-07 , 113.917 , 0.0379722 , 3e+21 , 0.943571 , 3.39584 , -9.13738 , 0.0257305 , 0.0251286 , 0.0250574
1.24e-07 , 113.917 , 0.0379722 , 3e+21 , 0.943571 , 3.39584 , -9.13738 , 0.0257305 , 0.0251286 , 0.0250574
1.28e-07 , 113.917 , 0.0379722 , 3e+21 , 0.943571 , 3.39584 , -9.13738 , 0.0257305 , 0.0251286 , 0.0250574
1.32e-07 , 113.917 , 0.0379722 , 3e+21 , 0.943571 , 3.39584 , -9.13738 , 0.0257305 , 0.0251286 , 0.0250574
1.36e-07 , 113.917 , 0.0379722 , 3e+21 , 0.943571 , 3.39584 , -9.13738 , 0.0257305 , 0.0251286 , 0.0250574
1.4e-07 , 113.917 , 0.0379722 , 3e+21 , 0.943571 , 3.39584 , -9.13738 , 0.0257305 , 0.0251286 , 0.0250574
1.44e-07 , 113.917 , 0.0379722 , 3e+21 , 0.943571 , 3.39584 , -9.13738 , 0.0257305 , 0.0251286 , 0.0250574
1.48e-07 , 113.917 , 0.0379722 , 3e+21 , 0.943571 , 3.39584 , -9.13738 , 0.0257305 , 0.0251286 , 0.0250574
1.52e-07 , 113.917 , 0.0379722 , 3e+21 , 0.943571 , 3.39584 , -9.13738 , 0.0257305 , 0.0251286 , 0.0250574
1.56e-07 , 113.917 , 0.0379722 , 3e+21 , 0.943571 , 3.39584 , -9.13738 , 0.0257305 , 0.0251286 , 0.0250574
1.6e-07 , 113.917 , 0.0379722 , 3e+21 , 0.943571 , 3.39584 , -9.13738 , 0.0257305 , 0.0251286 , 0.0250574
1.64e-07 , 113.917 , 0.0379722 , 3e+21 , 0.943571 , 3.39584 , -9.13738 , 0.0257305 , 0.0251286 , 0.0250574
1.68e-07 , 113.917 , 0.0379722 , 3e+21 , 0.943571 , 3.39584 , -9.13738 , 0.0257305 , 0.0251286 , 0.0250574
1.72e-07 , 113.917 , 0.0379722 , 3e+21 , 0.943571 , 3.39584 , -9.13738 , 0.0257305 , 0.0251286 , 0.0250574
1.76e-07 , 113.917 , 0.0379722 , 3e+21 , 0.943571 , 3.39584 , -9.13738 , 0.0257305 , 0.0251286 , 0.0250574
1.8e-07 , 113.917 , 0.0379722 , 3e+21 , 0.943571 , 3.39584 , -9.13738 , 0.0257305 , 0.0251286 , 0.0250574
1.84e-07 , 113.917 , 0.0379722 , 3e+21 , 0.943571 , 3.39584 , -9.13738 , 0.0257305 , 0.0251286 , 0.0250574
1.88e-07 , 113.917 , 0.0379722 , 3e+21 , 0.943571 , 3.39584 , -9.13738 , 0.0257305 , 0.0251286 , 0.0250574
1.92e-07 , 113.917 , 0.0379722 , 3e+21 , 0.943571 , 3.39584 , -9.13738 , 0.0257305 , 0.0251286 , 0.0250574
1.96e-07 , 113.917 , 0.0379722 , 3e+21 , 0.943571 , 3.39584 , -9.13738 , 0.0257305 , 0.0251286 , 0.0250574
2e-07 , 113.917 , 0.0379722 , 3e+21 , 0.943571 , 3.39584 , -9.13738 , 0.0257305 , 0.0251286 , 0.0250574
2.04e-07 , 113.917 , 0.0379722 , 3e+21 , 0.943571 , 3.39584 , -9.13738 , 0.0257305 , 0.0251286 , 0.0250574
2.08e-07 , 113.917 , 0.0379722 , 3e+21 , 0.943571 , 3.39584 , -9.13738 , 0.0257305 , 0.0251286 , 0.0250574
2.12e-07 , 113.917 , 0.0379722 , 3e+21 , 0.943571 , 3.39584 , -9.13738 , 0.0257305 , 0.0251286 , 0.0250574
2.16e-07 , 113.917 , 0.0379722 , 3e+21 , 0.943571 , 3.39584 , -9.13738 , 0.0257305 , 0.0251286 , 0.0250574
2.2e-07 , 113.917 , 0.0379722 , 3e+21 , 0.943571 , 3.39584 , -9.13738 , 0.0257305 , 0.0251286 , 0.0250574
2.24e-07 , 113.917 , 0.0379722 , 3e+21 , 0.943571 , 3.39584 , -9.13738 , 0.0257305 , 0.0251286 , 0.0250574
2.28e-07 , 113.917 , 0.0379722 , 3e+21 , 0.943571 , 3.39584 , -9.13738 , 0.0257305 , 0.0251286 , 0.0250574
2.32e-07 , 113.917 , 0.0379722 , 3e+21 , 0.943571 , 3.39584 , -9.13738 , 0.0257305 , 0.0251286 , 0.0250574
2.36e-07 , 113.917 , 0.0379722 , 3e+21 , 0.943571 , 3.39584 , -9.13738 , 0.0257305 , 0.0251286 , 0.0250574
2.4e-07 , 113.917 , 0.0379722 , 3e+21 , 0.943571 , 3.39584 , -9.13738 , 0.0257305 , 0.0251286 , 0.0250574
2.44e-07 , 113.917 , 0.0379722 , 3e+21 , 0.943571 , 3.39584 , -9.13738 , 0.0257305 , 0.0251286 , 0.0250574
2.48e-07 , 113.917 , 0.0379722 , 3e+21 , 0.943571 , 3.39584 , -9.13738 , 0.0257305 , 0.0251286 , 0.0250574
2.52e-07 , 113.917 , 0.0379722 , 3e+21 , 0.943571 , 3.39584 , -9.13738 , 0.0257305 , 0.0251286 , 0.0250574
2.56e-07 , 113.917 , 0.0379722 , 3e+21 , 0.943571 , 3.39584 , -9.13738 , 0.0257305 , 0.0251286 , 0.0250574
2.6e-07 , 113.917 , 0.0379722 , 3e+21 , 0.943571 , 3.39584 , -9.13738 , 0.0257305 , 0.0251286 , 0.0250574
2.64e-07 , 113.917 , 0.0379722 , 3e+21 , 0.943571 , 3.39584 , -9.13738 , 0.0257305 , 0.0251286 , 0.0250574
2.68e-07 , 113.917 , 0.0379722 , 3e+21 , 0.943571 , 3.39584 , -9.13738 , 0.0257305 , 0.0251286 , 0.0250574
2.72e-07 , 113.917 , 0.0379722 , 3e+21 , 0.943571 , 3.39584 , -9.13738 , 0.0257305 , 0.0251286 , 0.0250574
2.76e-07 , 113.917 , 0.0379722 , 3e+21 , 0.943571 , 3.39584 , -9.13738 , 0.0257305 , 0.0251286 , 0.0250574
2.8e-07 , 113.917 , 0.0379722 , 3e+21 , 0.943571 , 3.39584 , -9.13738 , 0.0257305 , 0.0251286 , 0.0250574
2.84e-07 , 113.917 , 0.0379722 , 3e+21 , 0.943571 , 3.39584 , -9.13738 , 0.0257305 , 0.0251286 , 0.0250574
2.88e-07 , 113.917 , 0.0379722 , 3e+21 , 0.943571 , 3.39584 , -9.13738 , 0.0257305 , 0.0251286 , 0.0250574
2.92e-07 , 113.917 , 0.0379722 , 3e+21 , 0.943571 , 3.39584 , -9.13738 , 0.0257305 , 0.0251286 , 0.0250574
2.96e-07 , 113.917 , 0.0379722 , 3e+21 , 0.943571 , 3.39584 , -9.13738 , 0.0257305 , 0.0251286 , 0.0250574
3e-07 , 113.917 , 0.0379722 , 3e+21 , 0.943571 , 3.39584 , -9.13738 , 0.0257305 , 0.0251286 , 0.0250574
3.04e-07 , 113.917 , 0.0379722 , 3e+21 , 0.943571 , 3.39584 , -9.13738 , 0.0257305 , 0.0251286 , 0.0250574
3.08e-07 , 113.917 , 0.0379722 , 3e+21 , 0.943571 , 3.39584 , -9.13738 , 0.0257305 , 0.0251286 , 0.0250574
3.12e-07 , 113.917 , 0.0379722 , 3e+21 , 0.943571 , 3.39584 , -9.13738 , 0.0257305 , 0.0251286 , 0.0250574
3.16e-07 , 113.917 , 0.0379722 , 3e+21 , 0.943571 , 3.39584 , -9.13738 , 0.0257305 , 0.0251286 , 0.0250574
3.2e-07 , 113.917 , 0.0379722 , 3e+21 , 0.943571 , 3.39584 , -9.13738 , 0.0257305 , 0.0251286 , 0.0250574
3.24e-07 , 113.917 , 0.0379722 , 3e+21 , 0.943571 , 3.39584 , -9.13738 , 0.0257305 , 0.0251286 , 0.0250574
3.28e-07 , 113.917 , 0.0379722 , 3e+21 , 0.943571 , 3.39584 , -9.13738 , 0.0257305 , 0.0251286 , 0.0250574
3.32e-07 , 113.917 , 0.0379722 , 3e+21 , 0.943571 , 3.39584 , -9.13738 , 0.0257305 , 0.0251286 , 0.0250574
3.36e-07 , 113.917 , 0.0379722 , 3e+21 , 0.943571 , 3.39584 , -9.13738 , 0.0257305 , 0.0251286 , 0.0250574
3.4e-07 , 113.917 , 0.0379722 , 3e+21 , 0.943571 , 3.39584 , -9.13738 , 0.0257305 , 0.0251286 , 0.0250574
3.44e-07 , 113.917 , 0.0379722 , 3e+21 , 0.943571 , 3.39584 , -9.13738 , 0.0257305 , 0.0251286 , 0.0250574
3.48e-07 , 113.917 , 0.0379722 , 3e+21 , 0.943571 , 3.39584 , -9.13738 , 0.0257305 , 0.0251286 , 0.0250574
3.52e-07 , 113.917 , 0.0379722 , 3e+21 , 0.943571 , 3.39584 , -9.13738 , 0.0257305 , 0.0251286 , 0.0250574
3.56e-07 , 113.917 , 0.0379722 , 3e+21 , 0.943571 , 3.39584 , -9.13738 , 0.0257305 , 0.0251286 , 0.0250574
3.6e-07 , 113.917 , 0.0379722 , 3e+21 , 0.943571 , 3.39584 , -9.13738 , 0.0257305 , 0.0251286 , 0.0250574
3.64e-07 , 113.917 , 0.0379722 , 3e+21 , 0.943571 , 3.39584 , -9.13738 , 0.0257305 , 0.0251286 , 0.0250574
3.68e-07 , 113.917 , 0.0379722 , 3e+21 , 0.943571 , 3.39584 , -9.13738 , 0.0257305 , 0.0251286 , 0.0250574
3.72e-07 , 113.917 , 0.0379722 , 3e+21 , 0.943571 , 3.39584 , -9.13738 , 0.0257305 , 0.0251286 , 0.0250574
3.76e-07 , 113.917 , 0.0379722 , 3e+21 , 0.943571 , 3.39584 , -9.13738 , 0.0257305 , 0.0251286 , 0.0250574
3.8e-07 , 113.917 , 0.0379722 , 3e+21 , 0.943571 , 3.39584 , -9.13738 , 0.0257305 , 0.0251286 , 0.0250574
3.84e-07 , 113.917 , 0.0379722 , 3e+21 , 0.943571 , 3.39584 , -9.13738 , 0.0257305 , 0.0251286 , 0.0250574
3.88e-07 , 113.917 , 0.0379722 , 3e+21 , 0.943571 , 3.39584 , -9.13738 , 0.0257305 , 0.0251286 , 0.0250574
3.92e-07 , 113.917 , 0.0379722 , 3e+21 , 0.943571 , 3.39584 , -9.13738 , 0.0257305 , 0.0251286 , 0.0250574
3.96e-07 , 113.917 , 0.0379722 , 3e+21 , 0.943571 , 3.39584 , -9.13738 , 0.0257305 , 0.0251286 , 0.0250574
4e-07 , 113.917 , 0.0379722 , 3e+21 , 0.943571 , 3.39584 , -9.13738 , 0.0257305 , 0.0251286 , 0.0250574
4.04e-07 , 113.917 , 0.0379722 , 3e+21 , 0.943571 , 3.39584 , -9.13738 , 0.0257305 , 0.0251286 , 0.0250574
4.08e-07 , 113.917 , 0.0379722 , 3e+21 , 0.943571 , 3.39584 , -9.13738 , 0.0257305 , 0.0251286 , 0.0250574
4.12e-07 , 113.917 , 0.0379722 , 3e+21 , 0.943571 , 3.39584 , -9.13738 , 0.0257305 , 0.0251286 , 0.0250574
4.16e-07 , 113.917 , 0.0379722 , 3e+21 , 0.943571 , 3.39584 , -9.13738 , 0.0257305 , 0.0251286 , 0.0250574
4.2e-07 , 113.917 , 0.0379722 , 3e+21 , 0.943571 , 3.39584 , -9.13738 , 0.0257305 , 0.0251286 , 0.0250574
4.24e-07 , 113.917 , 0.0379722 , 3e+21 , 0.943571 , 3.39584 , -9.13738 , 0.0257305 , 0.0251286 , 0.0250574
4.28e-07 , 113.917 , 0.0379722 , 3e+21 , 0.943571 , 3.39584 , -9.13738 , 0.0257305 , 0.0251286 , 0.0250574
4.32e-07 , 113.917 , 0.0379722 , 3e+21 , 0.943571 , 3.39584 , -9.13738 , 0.0257305 , 0.0251286 , 0.0250574
4.36e-07 , 113.917 , 0.0379722 , 3e+21 , 0.943571 , 3.39584 , -9.13738 , 0.0257305 , 0.0251286 , 0.0250574
4.4e-07 , 113.917 , 0.0379722 , 3e+21 , 0.943571 , 3.39584 , -9.13738 , 0.0257305 , 0.0251286 , 0.0250574
4.44e-07 , 113.917 , 0.0379722 , 3e+21 , 0.943571 , 3.39584 , -9.13738 , 0.0257305 , 0.0251286 , 0.0250574
4.48e-07 , 113.917 , 0.0379722 , 3e+21 , 0.943571 , 3.39584 , -9.13738 , 0.0257305 , 0.0251286 , 0.0250574
4.52e-07 , 113.917 , 0.0379722 , 3e+21 , 0.943571 , 3.39584 , -9.13738 , 0.0257305 , 0.0251286 , 0.0250574
4.56e-07 , 113.917 , 0.0379722 , 3e+21 , 0.943571 , 3.39584 , -9.13738 , 0.0257305 , 0.0251286 , 0.0250574
4.6e-07 , 113.917 , 0.0379722 , 3e+21 , 0.943571 , 3.39584 , -9.13738 , 0.0257305 , 0.0251286 , 0.0250574
4.64e-07 , 113.917 , 0.0379722 , 3e+21 , 0.943571 , 3.39584 , -9.13738 , 0.0257305 , 0.0251286 , 0.0250574
4.68e-07 , 113.917 , 0.0379722 , 3e+21 , 0.943571 , 3.39584 , -9.13738 , 0.0257305 , 0.0251286 , 0.0250574
4.72e-07 , 113.917 , 0.0379722 , 3e+21 , 0.943571 , 3.39584 , -9.13738 , 0.0257305 , 0.0251286 , 0.0250574
4.76e-07 , 113.917 , 0.0379722 , 3e+21 , 0.943571 , 3.39584 , -9.13738 , 0.0257305 , 0.0251286 , 0.0250574
4.8e-07 , 113.917 , 0.0379722 , 3e+21 , 0.943571 , 3.39584 , -9.13738 , 0.0257305 , 0.0251286 , 0.0250574
4.84e-07 , 113.917 , 0.0379722 , 3e+21 , 0.943571 , 3.39584 , -9.13738 , 0.0257305 , 0.0251286 , 0.0250574
4.88e-07 , 113.917 , 0.0379722 , 3e+21 , 0.943571 , 3.39584 , -9.13738 , 0.0257305 , 0.0251286 , 0.0250574
4.92e-07 , 113.917 , 0.0379722 , 3e+21 , 0.943571 , 3.39584 , -9.13738 , 0.0257305 , 0.0251286 , 0.0250574
4.96e-07 , 113.917 , 0.0379722 , 3e+21 , 0.943571 , 3.39584 , -9.13738 , 0.0257305 , 0.0251286 , 0.0250574
5e-07 , 113.917 , 0.0379722 , 3e+21 , 0.943571 , 3.39584 , -9.13738 , 0.0257305 , 0.0251286 , 0.0250574
5.04e-07 , 113.917 , 0.0379722 , 3e+21 , 0.943571 , 3.39584 , -9.13738 , 0.0257305 , 0.0251286 , 0.0250574
5.08e-07 , 113.917 , 0.0379722 , 3e+21 , 0.943571 , 3.39584 , -9.13738 , 0.0257305 , 0.0251286 , 0.0250574
5.12e-07 , 113.917 , 0.0379722 , 3e+21 , 0.943571 , 3.39584 , -9.13738 , 0.0257305 , 0.0251286 , 0.0250574
5.16e-07 , 113.917 , 0.0379722 , 3e+21 , 0.943571 , 3.39584 , -9.13738 , 0.0257305 , 0.0251286 , 0.0250574
5.2e-07 , 113.917 , 0.0379722 , 3e+21 , 0.943571 , 3.39584 , -9.13738 , 0.0257305 , 0.0251286 , 0.0250574
5.24e-07 , 113.917 , 0.0379722 , 3e+21 , 0.943571 , 3.39584 , -9.13738 , 0.0257305 , 0.0251286 , 0.0250574
5.28e-07 , 113.917 , 0.0379722 , 3e+21 , 0.943571 , 3.39584 , -9.13738 , 0.0257305 , 0.0251286 , 0.0250574
5.32e-07 , 113.917 , 0.0379722 , 3e+21 , 0.943571 , 3.39584 , -9.13738 , 0.0257305 , 0.0251286 , 0.0250574
5.36e-07 , 113.917 , 0.0379722 , 3e+21 , 0.943571 , 3.39584 , -9.13738 , 0.0257305 , 0.0251286 , 0.0250574
5.4e-07 , 113.917 , 0.0379722 , 3e+21 , 0.943571 , 3.39584 , -9.13738 , 0.0257305 , 0.0251286 , 0.0250574
5.44e-07 , 113.917 , 0.0379722 , 3e+21 , 0.943571 , 3.39584 , -9.13738 , 0.0257305 , 0.0251286 , 0.0250574
5.48e-07 , 113.917 , 0.0379722 , 3e+21 , 0.943571 , 3.39584 , -9.13738 , 0.0257305 , 0.0251286 , 0.0250574
5.52e-07 , 113.917 , 0.0379722 , 3e+21 , 0.943571 , 3.39584 , -9.13738 , 0.0257305 , 0.0251286 , 0.0250574
5.56e-07 , 113.917 , 0.0379722 , 3e+21 , 0.943571 , 3.39584 , -9.13738 , 0.0257305 , 0.0251286 , 0.0250574
5.6e-07 , 113.917 , 0.0379722 , 3e+21 , 0.943571 , 3.39584 , -9.13738 , 0.0257305 , 0.0251286 , 0.0250574
5.64e-07 , 113.917 , 0.0379722 , 3e+21 , 0.943571 , 3.39584 , -9.13738 , 0.0257305 , 0.0251286 , 0.0250574
5.68e-07 , 113.917 , 0.0379722 , 3e+21 , 0.943571 , 3.39584 , -9.13738 , 0.0257305 , 0.0251286 , 0.0250574
5.72e-07 , 113.917 , 0.0379722 , 3e+21 , 0.943571 , 3.39584 , -9.13738 , 0.0257305 , 0.0251286 , 0.0250574
5.76e-07 , 113.917 , 0.0379722 , 3e+21 , 0.943571 , 3.39584 , -9.13738 , 0.0257305 , 0.0251286 , 0.0250574
5.8e-07 , 113.917 , 0.0379722 , 3e+21 , 0.943571 , 3.39584 , -9.13738 , 0.0257305 , 0.0251286 , 0.0250574
5.84e-07 , 113.917 , 0.0379722 , 3e+21 , 0.943571 , 3.39584 , -9.13738 , 0.0257305 , 0.0251286 , 0.0250574
5.88e-07 , 113.917 , 0.0379722 , 3e+21 , 0.943571 , 3.39584 , -9.13738 , 0.0257305 , 0.0251286 , 0.0250574
5.92e-07 , 113.917 , 0.0379722 , 3e+21 , 0.943571 , 3.39584 , -9.13738 , 0.0257305 , 0.0251286 , 0.0250574
5.96e-07 , 113.917 , 0.0379722 , 3e+21 , 0.943571 , 3.39584 , -9.13738 , 0.0257305 , 0.0251286 , 0.0250574
6e-07 , 113.917 , 0.0379722 , 3e+21 , 0.943571 , 3.39584 , -9.13738 , 0.0257305 , 0.0251286 , 0.0250574
6.04e-07 , 113.917 , 0.0379722 , 3e+21 , 0.943571 , 3.39584 , -9.13738 , 0.0257305 , 0.0251286 , 0.0250574
6.08e-07 , 113.917 , 0.0379722 , 3e+21 , 0.943571 , 3.39584 , -9.13738 , 0.0257305 , 0.0251286 , 0.0250574
6.12e-07 , 113.917 , 0.0379722 , 3e+21 , 0.943571 , 3.39584 , -9.13738 , 0.0257305 , 0.0251286 , 0.0250574
6.16e-07 , 113.917 , 0.0379722 , 3e+21 , 0.943571 , 3.39584 , -9.13738 , 0.0257305 , 0.0251286 , 0.0250574
6.2e-07 , 113.917 , 0.0379722 , 3e+21 , 0.943571 , 3.39584 , -9.13738 , 0.0257305 , 0.0251286 , 0.0250574
6.24e-07 , 113.917 , 0.0379722 , 3e+21 , 0.943571 , 3.39584 , -9.13738 , 0.0257305 , 0.0251286 , 0.0250574
6.28e-07 , 113.917 , 0.0379722 , 3e+21 , 0.943571 , 3.39584 , -9.13738 , 0.0257305 , 0.0251286 , 0.0250574
6.32e-07 , 113.917 , 0.0379722 , 3e+21 , 0.943571 , 3.39584 , -9.13738 , 0.0257305 , 0.0251286 , 0.0250574
6.36e-07 , 113.917 , 0.0379722 , 3e+21 , 0.943571 , 3.39584 , -9.13738 , 0.0257305 , 0.0251286 , 0.0250574
6.4e-07 , 113.917 , 0.0379722 , 3e+21 , 0.943571 , 3.39584 , -9.13738 , 0.0257305 , 0.0251286 , 0.0250574
6.44e-07 , 113.917 , 0.0379722 , 3e+21 , 0.943571 , 3.39584 , -9.13738 , 0.0257305 , 0.0251286 , 0.0250574
6.48e-07 , 113.917 , 0.0379722 , 3e+21 , 0.943571 , 3.39584 , -9.13738 , 0.0257305 , 0.0251286 , 0.0250574
6.52e-07 , 113.917 , 0.0379722 , 3e+21 , 0.943571 , 3.39584 , -9.13738 , 0.0257305 , 0.0251286 , 0.0250574
6.56e-07 , 113.917 , 0.0379722 , 3e+21 , 0.943571 , 3.39584 , -9.13738 , 0.0257305 , 0.0251286 , 0.0250574
6.6e-07 , 113.917 , 0.0379722 , 3e+21 , 0.943571 , 3.39584 , -9.13738 , 0.0257305 , 0.0251286 , 0.0250574
6.64e-07 , 113.917 , 0.0379722 , 3e+21 , 0.943571 , 3.39584 , -9.13738 , 0.0257305 , 0.0251286 , 0.0250574
6.68e-07 , 113.917 , 0.0379722 , 3e+21 , 0.943571 , 3.39584 , -9.13738 , 0.0257305 , 0.0251286 , 0.0250574
6.72e-07 , 113.917 , 0.0379722 , 3e+21 , 0.943571 , 3.39584 , -9.13738 , 0.0257305 , 0.0251286 , 0.0250574
6.76e-07 , 113.917 , 0.0379722 , 3e+21 , 0.943571 , 3.39584 , -9.13738 , 0.0257305 , 0.0251286 , 0.0250574
6.8e-07 , 113.917 , 0.0379722 , 3e+21 , 0.943571 , 3.39584 , -9.13738 , 0.0257305 , 0.0251286 , 0.0250574
6.84e-07 , 113.917 , 0.0379722 , 3e+21 , 0.943571 , 3.39584 , -9.13738 , 0.0257305 , 0.0251286 , 0.0250574
6.88e-07 , 113.917 , 0.0379722 , 3e+21 , 0.943571 , 3.39584 , -9.13738 , 0.0257305 , 0.0251286 , 0.0250574
6.92e-07 , 113.917 , 0.0379722 , 3e+21 , 0.943571 , 3.39584 , -9.13738 , 0.0257305 , 0.0251286 , 0.0250574
6.96e-07 , 113.917 , 0.0379722 , 3e+21 , 0.943571 , 3.39584 , -9.13738 , 0.0257305 , 0.0251286 , 0.0250574
7e-07 , 113.917 , 0.0379722 , 3e+21 , 0.943571 , 3.39584 , -9.13738 , 0.0257305 , 0.0251286 , 0.0250574
7.04e-07 , 113.917 , 0.0379722 , 3e+21 , 0.943571 , 3.39584 , -9.13738 , 0.0257305 , 0.0251286 , 0.0250574
7.08e-07 , 113.917 , 0.0379722 , 3e+21 , 0.943571 , 3.39584 , -9.13738 , 0.0257305 , 0.0251286 , 0.0250574
7.12e-07 , 113.917 , 0.0379722 , 3e+21 , 0.943571 , 3.39584 , -9.13738 , 0.0257305 , 0.0251286 , 0.0250574
7.16e-07 , 113.917 , 0.0379722 , 3e+21 , 0.943571 , 3.39584 , -9.13738 , 0.0257305 , 0.0251286 , 0.0250574
7.2e-07 , 113.917 , 0.0379722 , 3e+21 , 0.943571 , 3.39584 , -9.13738 , 0.0257305 , 0.0251286 , 0.0250574
7.24e-07 , 113.917 , 0.0379722 , 3e+21 , 0.943571 , 3.39584 , -9.13738 , 0.0257305 , 0.0251286 , 0.0250574
7.28e-07 , 113.917 , 0.0379722 , 3e+21 , 0.943571 , 3.39584 , -9.13738 , 0.0257305 , 0.0251286 , 0.0250574
7.32e-07 , 113.917 , 0.0379722 , 3e+21 , 0.943571 , 3.39584 , -9.13738 , 0.0257305 , 0.0251286 , 0.0250574
7.36e-07 , 113.917 , 0.0379722 , 3e+21 , 0.943571 , 3.39584 , -9.13738 , 0.0257305 , 0.0251286 , 0.0250574
7.4e-07 , 113.917 , 0.0379722 , 3e+21 , 0.943571 , 3.39584 , -9.13738 , 0.0257305 , 0.0251286 , 0.0250574
7.44e-07 , 113.917 , 0.0379722 , 3e+21 , 0.943571 , 3.39584 , -9.13738 , 0.0257305 , 0.0251286 , 0.0250574
7.48e-07 , 113.917 , 0.0379722 , 3e+21 , 0.943571 , 3.39584 , -9.13738 , 0.0257305 , 0.0251286 , 0.0250574
7.52e-07 , 113.917 , 0.0379722 , 3e+21 , 0.943571 , 3.39584 , -9.13738 , 0.0257305 , 0.0251286 , 0.0250574
7.56e-07 , 113.917 , 0.0379722 , 3e+21 , 0.943571 , 3.39584 , -9.13738 , 0.0257305 , 0.0251286 , 0.0250574
7.6e-07 , 113.917 , 0.0379722 , 3e+21 , 0.943571 , 3.39584 , -9.13738 , 0.0257305 , 0.0251286 , 0.0250574
7.64e-07 , 113.917 , 0.0379722 , 3e+21 , 0.943571 , 3.39584 , -9.13738 , 0.0257305 , 0.0251286 , 0.0250574
7.68e-07 , 113.917 , 0.0379722 , 3e+21 , 0.943571 , 3.39584 , -9.13738 , 0.0257305 , 0.0251286 , 0.0250574
7.72e-07 , 113.917 , 0.0379722 , 3e+21 , 0.943571 , 3.39584 , -9.13738 , 0.0257305 , 0.0251286 , 0.0250574
7.76e-07 , 113.917 , 0.0379722 , 3e+21 , 0.943571 , 3.39584 , -9.13738 , 0.0257305 , 0.0251286 , 0.0250574
7.8e-07 , 113.917 , 0.0379722 , 3e+21 , 0.943571 , 3.39584 , -9.13738 , 0.0257305 , 0.0251286 , 0.0250574
7.84e-07 , 113.917 , 0.0379722 , 3e+21 , 0.943571 , 3.39584 , -9.13738 , 0.0257305 , 0.0251286 , 0.0250574
7.88e-07 , 113.917 , 0.0379722 , 3e+21 , 0.943571 , 3.39584 , -9.13738 , 0.0257305 , 0.0251286 , 0.0250574
7.92e-07 , 113.917 , 0.0379722 , 3e+21 , 0.943571 , 3.39584 , -9.13738 , 0.0257305 , 0.0251286 , 0.0250574
7.96e-07 , 113.917 , 0.0379722 , 3e+21 , 0.943571 , 3.39584 , -9.13738 , 0.0257305 , 0.0251286 , 0.0250574
8e-07 , 113.917 , 0.0379722 , 3e+21 , 0.943571 , 3.39584 , -9.13738 , 0.0257305 , 0.0251286 , 0.0250574
8.04e-07 , 113.917 , 0.0379722 , 3e+21 , 0.943571 , 3.39584 , -9.13738 , 0.0257305 , 0.0251286 , 0.0250574
8.08e-07 , 113.917 , 0.0379722 , 3e+21 , 0.943571 , 3.39584 , -9.13738 , 0.0257305 , 0.0251286 , 0.0250574
8.12e-07 , 113.917 , 0.0379722 , 3e+21 , 0.943571 , 3.39584 , -9.13738 , 0.0257305 , 0.0251286 , 0.0250574
8.16e-07 , 113.917 , 0.0379722 , 3e+21 , 0.943571 , 3.39584 , -9.13738 , 0.0257305 , 0.0251286 , 0.0250574
8.2e-07 , 113.917 , 0.0379722 , 3e+21 , 0.943571 , 3.39584 , -9.13738 , 0.0257305 , 0.0251286 , 0.0250574
8.24e-07 , 113.917 , 0.0379722 , 3e+21 , 0.943571 , 3.39584 , -9.13738 , 0.0257305 , 0.0251286 , 0.0250574
8.28e-07 , 113.917 , 0.0379722 , 3e+21 , 0.943571 , 3.39584 , -9.13738 , 0.0257305 , 0.0251286 , 0.0250574
8.32e-07 , 113.917 , 0.0379722 , 3e+21 , 0.943571 , 3.39584 , -9.13738 , 0.0257305 , 0.0251286 , 0.0250574
8.36e-07 , 113.917 , 0.0379722 , 3e+21 , 0.943571 , 3.39584 , -9.13738 , 0.0257305 , 0.0251286 , 0.0250574
8.4e-07 , 113.917 , 0.0379722 , 3e+21 , 0.943571 , 3.39584 , -9.13738 , 0.0257305 , 0.0251286 , 0.0250574
8.44e-07 , 113.917 , 0.0379722 , 3e+21 , 0.943571 , 3.39584 , -9.13738 , 0.0257305 , 0.0251286 , 0.0250574
8.48e-07 , 113.917 , 0.0379722 , 3e+21 , 0.943571 , 3.39584 , -9.13738 , 0.0257305 , 0.0251286 , 0.0250574
8.52e-07 , 113.917 , 0.0379722 , 3e+21 , 0.943571 , 3.39584 , -9.13738 , 0.0257305 , 0.0251286 , 0.0250574
8.56e-07 , 113.917 , 0.0379722 , 3e+21 , 0.943571 , 3.39584 , -9.13738 , 0.0257305 , 0.0251286 , 0.0250574
8.6e-07 , 113.917 , 0.0379722 , 3e+21 , 0.943571 , 3.39584 , -9.13738 , 0.0257305 , 0.0251286 , 0.0250574
8.64e-07 , 113.917 , 0.0379722 , 3e+21 , 0.943571 , 3.39584 , -9.13738 , 0.0257305 , 0.0251286 , 0.0250574
8.68e-07 , 113.917 , 0.0379722 , 3e+21 , 0.943571 , 3.39584 , -9.13738 , 0.0257305 , 0.0251286 , 0.0250574
8.72e-07 , 113.917 , 0.0379722 , 3e+21 , 0.943571 , 3.39584 , -9.13738 , 0.0257305 , 0.0251286 , 0.0250574
8.76e-07 , 113.917 , 0.0379722 , 3e+21 , 0.943571 , 3.39584 , -9.13738 , 0.0257305 , 0.0251286 , 0.0250574
8.8e-07 , 113.917 , 0.0379722 , 3e+21 , 0.943571 , 3.39584 , -9.13738 , 0.0257305 , 0.0251286 , 0.0250574
8.84e-07 , 113.917 , 0.0379722 , 3e+21 , 0.943571 , 3.39584 , -9.13738 , 0.0257305 , 0.0251286 , 0.0250574
8.88e-07 , 113.917 , 0.0379722 , 3e+21 , 0.943571 , 3.39584 , -9.13738 , 0.0257305 , 0.0251286 , 0.0250574
8.92e-07 , 113.917 , 0.0379722 , 3e+21 , 0.943571 , 3.39584 , -9.13738 , 0.0257305 , 0.0251286 , 0.0250574
8.96e-07 , 113.917 , 0.0379722 , 3e+21 , 0.943571 , 3.39584 , -9.13738 , 0.0257305 , 0.0251286 , 0.0250574
9e-07 , 113.917 , 0.0379722 , 3e+21 , 0.943571 , 3.39584 , -9.13738 , 0.0257305 , 0.0251286 , 0.0250574
9.04e-07 , 113.917 , 0.0379722 , 3e+21 , 0.943571 , 3.39584 , -9.13738 , 0.0257305 , 0.0251286 , 0.0250574
9.08e-07 , 113.917 , 0.0379722 , 3e+21 , 0.943571 , 3.39584 , -9.13738 , 0.0257305 , 0.0251286 , 0.0250574
9.12e-07 , 113.917 , 0.0379722 , 3e+21 , 0.943571 , 3.39584 , -9.13738 , 0.0257305 , 0.0251286 , 0.0250574
9.16e-07 , 113.917 , 0.0379722 , 3e+21 , 0.943571 , 3.39584 , -9.13738 , 0.0257305 , 0.0251286 , 0.0250574
9.2e-07 , 113.917 , 0.0379722 , 3e+21 , 0.943571 , 3.39584 , -9.13738 , 0.0257305 , 0.0251286 , 0.0250574
9.24e-07 , 113.917 , 0.0379722 , 3e+21 , 0.943571 , 3.39584 , -9.13738 , 0.0257305 , 0.0251286 , 0.0250574
9.28e-07 , 113.917 , 0.0379722 , 3e+21 , 0.943571 , 3.39584 , -9.13738 , 0.0257305 , 0.0251286 , 0.0250574
9.32e-07 , 113.917 , 0.0379722 , 3e+21 , 0.943571 , 3.39584 , -9.13738 , 0.0257305 , 0.0251286 , 0.0250574
9.36e-07 , 113.917 , 0.0379722 , 3e+21 , 0.943571 , 3.39584 , -9.13738 , 0.0257305 , 0.0251286 , 0.0250574
9.4e-07 , 113.917 , 0.0379722 , 3e+21 , 0.943571 , 3.39584 , -9.13738 , 0.0257305 , 0.0251286 , 0.0250574
9.44e-07 , 113.917 , 0.0379722 , 3e+21 , 0.943571 , 3.39584 , -9.13738 , 0.0257305 , 0.0251286 , 0.0250574
9.48e-07 , 113.917 , 0.0379722 , 3e+21 , 0.943571 , 3.39584 , -9.13738 , 0.0257305 , 0.0251286 , 0.0250574
9.52e-07 , 113.917 , 0.0379722 , 3e+21 , 0.943571 , 3.39584 , -9.13738 , 0.0257305 , 0.0251286 , 0.0250574
9.56e-07 , 113.917 , 0.0379722 , 3e+21 , 0.943571 , 3.39584 , -9.13738 , 0.0257305 , 0.0251286 , 0.0250574
9.6e-07 , 113.917 , 0.0379722 , 3e+21 , 0.943571 , 3.39584 , -9.13738 , 0.0257305 , 0.0251286 , 0.0250574
9.64e-07 , 113.917 , 0.0379722 , 3e+21 , 0.943571 , 3.39584 , -9.13738 , 0.0257305 , 0.0251286 , 0.0250574
9.68e-07 , 113.917 , 0.0379722 , 3e+21 , 0.943571 , 3.39584 , -9.13738 , 0.0257305 , 0.0251286 , 0.0250574
9.72e-07 , 113.917 , 0.0379722 , 3e+21 , 0.943571 , 3.39584 , -9.13738 , 0.0257305 , 0.0251286 , 0.0250574
9.76e-07 , 113.917 , 0.0379722 , 3e+21 , 0.943571 , 3.39584 , -9.13738 , 0.0257305 , 0.0251286 , 0.0250574
9.8e-07 , 113.917 , 0.0379722 , 3e+21 , 0.943571 , 3.39584 , -9.13738 , 0.0257305 , 0.0251286 , 0.0250574
9.84e-07 , 113.917 , 0.0379722 , 3e+21 , 0.943571 , 3.39584 , -9.13738 , 0.0257305 , 0.0251286 , 0.0250574
9.88e-07 , 113.917 , 0.0379722 , 3e+21 , 0.943571 , 3.39584 , -9.13738 , 0.0257305 , 0.0251286 , 0.0250574
9.92e-07 , 113.917 , 0.0379722 , 3e+21 , 0.943571 , 3.39584 , -9.13738 , 0.0257305 , 0.0251286 , 0.0250574
9.96e-07 , 113.917 , 0.0379722 , 3e+21 , 0.943571 , 3.39584 , -9.13738 , 0.0257305 , 0.0251286 , 0.0250574
1e-06 , 113.917 , 0.0379722 , 3e+21 , 0.943571 , 3.39584 , -9.13738 , 0.0257305 , 0.0251286 , 0.0250574
1.004e-06 , 113.917 , 0.0379722 , 3e+21 , 0.943571 , 3.39584 , -9.13738 , 0.0257305 , 0.0251286 , 0.0250574
1.008e-06 , 113.917 , 0.0379722 , 3e+21 , 0.943571 , 3.39584 , -9.13738 , 0.0257305 , 0.0251286 , 0.0250574
1.012e-06 , 113.917 , 0.0379722 , 3e+21 , 0.943571 , 3.39584 , -9.13738 , 0.0257305 , 0.0251286 , 0.0250574
1.016e-06 , 113.917 , 0.0379722 , 3e+21 , 0.943571 , 3.39584 , -9.13738 , 0.0257305 , 0.0251286 , 0.0250574
1.02e-06 , 113.917 , 0.0379722 , 3e+21 , 0.943571 , 3.39584 , -9.13738 , 0.0257305 , 0.0251286 , 0.0250574
1.024e-06 , 113.917 , 0.0379722 , 3e+21 , 0.943571 , 3.39584 , -9.13738 , 0.0257305 , 0.0251286 , 0.0250574
1.028e-06 , 113.917 , 0.0379722 , 3e+21 , 0.943571 , 3.39584 , -9.13738 , 0.0257305 , 0.0251286 , 0.0250574
1.032e-06 , 113.917 , 0.0379722 , 3e+21 , 0.943571 , 3.39584 , -9.13738 , 0.0257305 , 0.0251286 , 0.0250574
1.036e-06 , 113.917 , 0.0379722 , 3e+21 , 0.943571 , 3.39584 , -9.13738 , 0.0257305 , 0.0251286 , 0.0250574
1.04e-06 , 113.917 , 0.0379722 , 3e+21 , 0.943571 , 3.39584 , -9.13738 , 0.0257305 , 0.0251286 , 0.0250574
1.044e-06 , 113.917 , 0.0379722 , 3e+21 , 0.943571 , 3.39584 , -9.13738 , 0.0257305 , 0.0251286 , 0.0250574
1.048e-06 , 113.917 , 0.0379722 , 3e+21 , 0.943571 , 3.39584 , -9.13738 , 0.0257305 , 0.0251286 , 0.0250574
1.052e-06 , 113.917 , 0.0379722 , 3e+21 , 0.943571 , 3.39584 , -9.13738 , 0.0257305 , 0.0251286 , 0.0250574
1.056e-06 , 113.917 , 0.0379722 , 3e+21 , 0.943571 , 3.39584 , -9.13738 , 0.0257305 , 0.0251286 , 0.0250574
1.06e-06 , 113.917 , 0.0379722 , 3e+21 , 0.943571 , 3.39584 , -9.13738 , 0.0257305 , 0.0251286 , 0.0250574
1.064e-06 , 113.917 , 0.0379722 , 3e+21 , 0.943571 , 3.39584 , -9.13738 , 0.0257305 , 0.0251286 , 0.0250574
1.068e-06 , 113.917 , 0.0379722 , 3e+21 , 0.943571 , 3.39584 , -9.13738 , 0.0257305 , 0.0251286 , 0.0250574
1.072e-06 , 113.917 , 0.0379722 , 3e+21 , 0.943571 , 3.39584 , -9.13738 , 0.0257305 , 0.0251286 , 0.0250574
1.076e-06 , 113.917 , 0.0379722 , 3e+21 , 0.943571 , 3.39584 , -9.13738 , 0.0257305 , 0.0251286 , 0.0250574
1.08e-06 , 113.917 , 0.0379722 , 3e+21 , 0.943571 , 3.39584 , -9.13738 , 0.0257305 , 0.0251286 , 0.0250574
1.084e-06 , 113.917 , 0.0379722 , 3e+21 , 0.943571 , 3.39584 , -9.13738 , 0.0257305 , 0.0251286 , 0.0250574
1.088e-06 , 113.917 , 0.0379722 , 3e+21 , 0.943571 , 3.39584 , -9.13738 , 0.0257305 , 0.0251286 , 0.0250574
1.092e-06 , 113.917 , 0.0379722 , 3e+21 , 0.943571 , 3.39584 , -9.13738 , 0.0257305 , 0.0251286 , 0.0250574
1.096e-06 , 113.917 , 0.0379722 , 3e+21 , 0.943571 , 3.39584 , -9.13738 , 0.0257305 , 0.0251286 , 0.0250574
1.1e-06 , 113.917 , 0.0379722 , 3e+21 , 0.943571 , 3.39584 , -9.13738 , 0.0257305 , 0.0251286 , 0.0250574
1.104e-06 , 113.917 , 0.0379722 , 3e+21 , 0.943571 , 3.39584 , -9.13738 , 0.0257305 , 0.0251286 , 0.0250574
1.108e-06 , 113.917 , 0.0379722 , 3e+21 , 0.943571 , 3.39584 , -9.13738 , 0.0257305 , 0.0251286 , 0.0250574
1.112e-06 , 113.917 , 0.0379722 , 3e+21 , 0.943571 , 3.39584 , -9.13738 , 0.0257305 , 0.0251286 , 0.0250574
1.116e-06 , 113.917 , 0.0379722 , 3e+21 , 0.943571 , 3.39584 , -9.13738 , 0.0257305 , 0.0251286 , 0.0250574
1.12e-06 , 113.917 , 0.0379722 , 3e+21 , 0.943571 , 3.39584 , -9.13738 , 0.0257305 , 0.0251286 , 0.0250574
1.124e-06 , 113.917 , 0.0379722 , 3e+21 , 0.943571 , 3.39584 , -9.13738 , 0.0257305 , 0.0251286 , 0.0250574
1.128e-06 , 113.917 , 0.0379722 , 3e+21 , 0.943571 , 3.39584 , -9.13738 , 0.0257305 , 0.0251286 , 0.0250574
1.132e-06 , 113.917 , 0.0379722 , 3e+21 , 0.943571 , 3.39584 , -9.13738 , 0.0257305 , 0.0251286 , 0.0250574
1.136e-06 , 113.917 , 0.0379722 , 3e+21 , 0.943571 , 3.39584 , -9.13738 , 0.0257305 , 0.0251286 , 0.0250574
1.14e-06 , 113.917 , 0.0379722 , 3e+21 , 0.943571 , 3.39584 , -9.13738 , 0.0257305 , 0.0251286 , 0.0250574
1.144e-06 , 113.917 , 0.0379722 , 3e+21 , 0.943571 , 3.39584 , -9.13738 , 0.0257305 , 0.0251286 , 0.0250574
1.148e-06 , 113.917 , 0.0379722 , 3e+21 , 0.943571 , 3.39584 , -9.13738 , 0.0257305 , 0.0251286 , 0.0250574
1.152e-06 , 113.917 , 0.0379722 , 3e+21 , 0.943571 , 3.39584 , -9.13738 , 0.0257305 , 0.0251286 , 0.0250574
1.156e-06 , 113.917 , 0.0379722 , 3e+21 , 0.943571 , 3.39584 , -9.13738 , 0.0257305 , 0.0251286 , 0.0250574
1.16e-06 , 113.917 , 0.0379722 , 3e+21 , 0.943571 , 3.39584 , -9.13738 , 0.0257305 , 0.0251286 , 0.0250574
1.164e-06 , 113.917 , 0.0379722 , 3e+21 , 0.943571 , 3.39584 , -9.13738 , 0.0257305 , 0.0251286 , 0.0250574
1.168e-06 , 113.917 , 0.0379722 , 3e+21 , 0.943571 , 3.39584 , -9.13738 , 0.0257305 , 0.0251286 , 0.0250574
1.172e-06 , 113.917 , 0.0379722 , 3e+21 , 0.943571 , 3.39584 , -9.13738 , 0.0257305 , 0.0251286 , 0.0250574
1.176e-06 , 113.917 , 0.0379722 , 3e+21 , 0.943571 , 3.39584 , -9.13738 , 0.0257305 , 0.0251286 , 0.0250574
1.18e-06 , 113.917 , 0.0379722 , 3e+21 , 0.943571 , 3.39584 , -9.13738 , 0.0257305 , 0.0251286 , 0.0250574
1.184e-06 , 113.917 , 0.0379722 , 3e+21 , 0.943571 , 3.39584 , -9.13738 , 0.0257305 , 0.0251286 , 0.0250574
1.188e-06 , 113.917 , 0.0379722 , 3e+21 , 0.943571 , 3.39584 , -9.13738 , 0.0257305 , 0.0251286 , 0.0250574
1.192e-06 , 113.917 , 0.0379722 , 3e+21 , 0.943571 , 3.39584 , -9.13738 , 0.0257305 , 0.0251286 , 0.0250574
1.196e-06 , 113.917 , 0.0379722 , 3e+21 , 0.943571 , 3.39584 , -9.13738 , 0.0257305 , 0.0251286 , 0.0250574
1.2e-06 , 113.917 , 0.0379722 , 3e+21 , 0.943571 , 3.39584 , -9.13738 , 0.0257305 , 0.0251286 , 0.0250574
1.204e-06 , 113.917 , 0.0379722 , 3e+21 , 0.943571 , 3.39584 , -9.13738 , 0.0257305 , 0.0251286 , 0.0250574
1.208e-06 , 113.917 , 0.0379722 , 3e+21 , 0.943571 , 3.39584 , -9.13738 , 0.0257305 , 0.0251286 , 0.0250574
1.212e-06 , 113.917 , 0.0379722 , 3e+21 , 0.943571 , 3.39584 , -9.13738 , 0.0257305 , 0.0251286 , 0.0250574
1.216e-06 , 113.917 , 0.0379722 , 3e+21 , 0.943571 , 3.39584 , -9.13738 , 0.0257305 , 0.0251286 , 0.0250574
1.22e-06 , 113.917 , 0.0379722 , 3e+21 , 0.943571 , 3.39584 , -9.13738 , 0.0257305 , 0.0251286 , 0.0250574
1.224e-06 , 113.917 , 0.0379722 , 3e+21 , 0.943571 , 3.39584 , -9.13738 , 0.0257305 , 0.0251286 , 0.0250574
1.228e-06 , 113.917 , 0.0379722 , 3e+21 , 0.943571 , 3.39584 , -9.13738 , 0.0257305 , 0.0251286 , 0.0250574
1.232e-06 , 113.917 , 0.0379722 , 3e+21 , 0.943571 , 3.39584 , -9.13738 , 0.0257305 , 0.0251286 , 0.0250574
1.236e-06 , 113.917 , 0.0379722 , 3e+21 , 0.943571 , 3.39584 , -9.13738 , 0.0257305 , 0.0251286 , 0.0250574
1.24e-06 , 113.917 , 0.0379722 , 3e+21 , 0.943571 , 3.39584 , -9.13738 , 0.0257305 , 0.0251286 , 0.0250574
1.244e-06 , 113.917 , 0.0379722 , 3e+21 , 0.943571 , 3.39584 , -9.13738 , 0.0257305 , 0.0251286 , 0.0250574
1.248e-06 , 113.917 , 0.0379722 , 3e+21 , 0.943571 , 3.39584 , -9.13738 , 0.0257305 , 0.0251286 , 0.0250574
1.252e-06 , 113.917 , 0.0379722 , 3e+21 , 0.943571 , 3.39584 , -9.13738 , 0.0257305 , 0.0251286 , 0.0250574
1.256e-06 , 113.917 , 0.0379722 , 3e+21 , 0.943571 , 3.39584 , -9.13738 , 0.0257305 , 0.0251286 , 0.0250574
1.26e-06 , 113.917 , 0.0379722 , 3e+21 , 0.943571 , 3.39584 , -9.13738 , 0.0257305 , 0.0251286 , 0.0250574
1.264e-06 , 113.917 , 0.0379722 , 3e+21 , 0.943571 , 3.39584 , -9.13738 , 0.0257305 , 0.0251286 , 0.0250574
1.268e-06 , 113.917 , 0.0379722 , 3e+21 , 0.943571 , 3.39584 , -9.13738 , 0.0257305 , 0.0251286 , 0.0250574
1.272e-06 , 113.917 , 0.0379722 , 3e+21 , 0.943571 , 3.39584 , -9.13738 , 0.0257305 , 0.0251286 , 0.0250574
1.276e-06 , 113.917 , 0.0379722 , 3e+21 , 0.943571 , 3.39584 , -9.13738 , 0.0257305 , 0.0251286 , 0.0250574
1.28e-06 , 113.917 , 0.0379722 , 3e+21 , 0.943571 , 3.39584 , -9.13738 , 0.0257305 , 0.0251286 , 0.0250574
1.284e-06 , 113.917 , 0.0379722 , 3e+21 , 0.943571 , 3.39584 , -9.13738 , 0.0257305 , 0.0251286 , 0.0250574
1.288e-06 , 113.917 , 0.0379722 , 3e+21 , 0.943571 , 3.39584 , -9.13738 , 0.0257305 , 0.0251286 , 0.0250574
1.292e-06 , 113.917 , 0.0379722 , 3e+21 , 0.943571 , 3.39584 , -9.13738 , 0.0257305 , 0.0251286 , 0.0250574
1.296e-06 , 113.917 , 0.0379722 , 3e+21 , 0.943571 , 3.39584 , -9.13738 , 0.0257305 , 0.0251286 , 0.0250574
1.3e-06 , 113.917 , 0.0379722 , 3e+21 , 0.943571 , 3.39584 , -9.13738 , 0.0257305 , 0.0251286 , 0.0250574
1.304e-06 , 113.917 , 0.0379722 , 3e+21 , 0.943571 , 3.39584 , -9.13738 , 0.0257305 , 0.0251286 , 0.0250574
1.308e-06 , 113.917 , 0.0379722 , 3e+21 , 0.943571 , 3.39584 , -9.13738 , 0.0257305 , 0.0251286 , 0.0250574
1.312e-06 , 113.917 , 0.0379722 , 3e+21 , 0.943571 , 3.39584 , -9.13738 , 0.0257305 , 0.0251286 , 0.0250574
1.316e-06 , 113.917 , 0.0379722 , 3e+21 , 0.943571 , 3.39584 , -9.13738 , 0.0257305 , 0.0251286 , 0.0250574
1.32e-06 , 113.917 , 0.0379722 , 3e+21 , 0.943571 , 3.39584 , -9.13738 , 0.0257305 , 0.0251286 , 0.0250574
1.324e-06 , 113.917 , 0.0379722 , 3e+21 , 0.943571 , 3.39584 , -9.13738 , 0.0257305 , 0.0251286 , 0.0250574
1.328e-06 , 113.917 , 0.0379722 , 3e+21 , 0.943571 , 3.39584 , -9.13738 , 0.0257305 , 0.0251286 , 0.0250574
1.332e-06 , 113.917 , 0.0379722 , 3e+21 , 0.943571 , 3.39584 , -9.13738 , 0.0257305 , 0.0251286 , 0.0250574
1.336e-06 , 113.917 , 0.0379722 , 3e+21 , 0.943571 , 3.39584 , -9.13738 , 0.0257305 , 0.0251286 , 0.0250574
1.34e-06 , 113.917 , 0.0379722 , 3e+21 , 0.943571 , 3.39584 , -9.13738 , 0.0257305 , 0.0251286 , 0.0250574
1.344e-06 , 113.917 , 0.0379722 , 3e+21 , 0.943571 , 3.39584 , -9.13738 , 0.0257305 , 0.0251286 , 0.0250574
1.348e-06 , 113.917 , 0.0379722 , 3e+21 , 0.943571 , 3.39584 , -9.13738 , 0.0257305 , 0.0251286 , 0.0250574
1.352e-06 , 113.917 , 0.0379722 , 3e+21 , 0.943571 , 3.39584 , -9.13738 , 0.0257305 , 0.0251286 , 0.0250574
1.356e-06 , 113.917 , 0.0379722 , 3e+21 , 0.943571 , 3.39584 , -9.13738 , 0.0257305 , 0.0251286 , 0.0250574
1.36e-06 , 113.917 , 0.0379722 , 3e+21 , 0.943571 , 3.39584 , -9.13738 , 0.0257305 , 0.0251286 , 0.0250574
1.364e-06 , 113.917 , 0.0379722 , 3e+21 , 0.943571 , 3.39584 , -9.13738 , 0.0257305 , 0.0251286 , 0.0250574
1.368e-06 , 113.917 , 0.0379722 , 3e+21 , 0.943571 , 3.39584 , -9.13738 , 0.0257305 , 0.0251286 , 0.0250574
1.372e-06 , 113.917 , 0.0379722 , 3e+21 , 0.943571 , 3.39584 , -9.13738 , 0.0257305 , 0.0251286 , 0.0250574
1.376e-06 , 113.917 , 0.0379722 , 3e+21 , 0.943571 , 3.39584 , -9.13738 , 0.0257305 , 0.0251286 , 0.0250574
1.38e-06 , 113.917 , 0.0379722 , 3e+21 , 0.943571 , 3.39584 , -9.13738 , 0.0257305 , 0.0251286 , 0.0250574
1.384e-06 , 113.917 , 0.0379722 , 3e+21 , 0.943571 , 3.39584 , -9.13738 , 0.0257305 , 0.0251286 , 0.0250574
1.388e-06 , 113.917 , 0.0379722 , 3e+21 , 0.943571 , 3.39584 , -9.13738 , 0.0257305 , 0.0251286 , 0.0250574
1.392e-06 , 113.917 , 0.0379722 , 3e+21 , 0.943571 , 3.39584 , -9.13738 , 0.0257305 , 0.0251286 , 0.0250574
1.396e-06 , 113.917 , 0.0379722 , 3e+21 , 0.943571 , 3.39584 , -9.13738 , 0.0257305 , 0.0251286 , 0.0250574
1.4e-06 , 113.917 , 0.0379722 , 3e+21 , 0.943571 , 3.39584 , -9.13738 , 0.0257305 , 0.0251286 , 0.0250574
1.404e-06 , 113.917 , 0.0379722 , 3e+21 , 0.943571 , 3.39584 , -9.13738 , 0.0257305 , 0.0251286 , 0.0250574
1.408e-06 , 113.917 , 0.0379722 , 3e+21 , 0.943571 , 3.39584 , -9.13738 , 0.0257305 , 0.0251286 , 0.0250574
1.412e-06 , 113.917 , 0.0379722 , 3e+21 , 0.943571 , 3.39584 , -9.13738 , 0.0257305 , 0.0251286 , 0.0250574
1.416e-06 , 113.917 , 0.0379722 , 3e+21 , 0.943571 , 3.39584 , -9.13738 , 0.0257305 , 0.0251286 , 0.0250574
1.42e-06 , 113.917 , 0.0379722 , 3e+21 , 0.943571 , 3.39584 , -9.13738 , 0.0257305 , 0.0251286 , 0.0250574
1.424e-06 , 113.917 , 0.0379722 , 3e+21 , 0.943571 , 3.39584 , -9.13738 , 0.0257305 , 0.0251286 , 0.0250574
1.428e-06 , 113.917 , 0.0379722 , 3e+21 , 0.943571 , 3.39584 , -9.13738 , 0.0257305 , 0.0251286 , 0.0250574
1.432e-06 , 113.917 , 0.0379722 , 3e+21 , 0.943571 , 3.39584 , -9.13738 , 0.0257305 , 0.0251286 , 0.0250574
1.436e-06 , 113.917 , 0.0379722 , 3e+21 , 0.943571 , 3.39584 , -9.13738 , 0.0257305 , 0.0251286 , 0.0250574
1.44e-06 , 113.917 , 0.0379722 , 3e+21 , 0.943571 , 3.39584 , -9.13738 , 0.0257305 , 0.0251286 , 0.0250574
1.444e-06 , 113.917 , 0.0379722 , 3e+21 , 0.943571 , 3.39584 , -9.13738 , 0.0257305 , 0.0251286 , 0.0250574
1.448e-06 , 113.917 , 0.0379722 , 3e+21 , 0.943571 , 3.39584 , -9.13738 , 0.0257305 , 0.0251286 , 0.0250574
1.452e-06 , 113.917 , 0.0379722 , 3e+21 , 0.943571 , 3.39584 , -9.13738 , 0.0257305 , 0.0251286 , 0.0250574
1.456e-06 , 113.917 , 0.0379722 , 3e+21 , 0.943571 , 3.39584 , -9.13738 , 0.0257305 , 0.0251286 , 0.0250574
1.46e-06 , 113.917 , 0.0379722 , 3e+21 , 0.943571 , 3.39584 , -9.13738 , 0.0257305 , 0.0251286 , 0.0250574
1.464e-06 , 113.917 , 0.0379722 , 3e+21 , 0.943571 , 3.39584 , -9.13738 , 0.0257305 , 0.0251286 , 0.0250574
1.468e-06 , 113.917 , 0.0379722 , 3e+21 , 0.943571 , 3.39584 , -9.13738 , 0.0257305 , 0.0251286 , 0.0250574
1.472e-06 , 113.917 , 0.0379722 , 3e+21 , 0.943571 , 3.39584 , -9.13738 , 0.0257305 , 0.0251286 , 0.0250574
1.476e-06 , 113.917 , 0.0379722 , 3e+21 , 0.943571 , 3.39584 , -9.13738 , 0.0257305 , 0.0251286 , 0.0250574
1.48e-06 , 113.917 , 0.0379722 , 3e+21 , 0.943571 , 3.39584 , -9.13738 , 0.0257305 , 0.0251286 , 0.0250574
1.484e-06 , 113.917 , 0.0379722 , 3e+21 , 0.943571 , 3.39584 , -9.13738 , 0.0257305 , 0.0251286 , 0.0250574
1.488e-06 , 113.917 , 0.0379722 , 3e+21 , 0.943571 , 3.39584 , -9.13738 , 0.0257305 , 0.0251286 , 0.0250574
1.492e-06 , 113.917 , 0.0379722 , 3e+21 , 0.943571 , 3.39584 , -9.13738 , 0.0257305 , 0.0251286 , 0.0250574
1.496e-06 , 113.917 , 0.0379722 , 3e+21 , 0.943571 , 3.39584 , -9.13738 , 0.0257305 , 0.0251286 , 0.0250574
1.5e-06 , 113.917 , 0.0379722 , 3e+21 , 0.943571 , 3.39584 , -9.13738 , 0.0257305 , 0.0251286 , 0.0250574
1.504e-06 , 113.917 , 0.0379722 , 3e+21 , 0.943571 , 3.39584 , -9.13738 , 0.0257305 , 0.0251286 , 0.0250574
1.508e-06 , 113.917 , 0.0379722 , 3e+21 , 0.943571 , 3.39584 , -9.13738 , 0.0257305 , 0.0251286 , 0.0250574
1.512e-06 , 113.917 , 0.0379722 , 3e+21 , 0.943571 , 3.39584 , -9.13738 , 0.0257305 , 0.0251286 , 0.0250574
1.516e-06 , 113.917 , 0.0379722 , 3e+21 , 0.943571 , 3.39584 , -9.13738 , 0.0257305 , 0.0251286 , 0.0250574
1.52e-06 , 113.917 , 0.0379722 , 3e+21 , 0.943571 , 3.39584 , -9.13738 , 0.0257305 , 0.0251286 , 0.0250574
1.524e-06 , 113.917 , 0.0379722 , 3e+21 , 0.943571 , 3.39584 , -9.13738 , 0.0257305 , 0.0251286 , 0.0250574
1.528e-06 , 113.917 , 0.0379722 , 3e+21 , 0.943571 , 3.39584 , -9.13738 , 0.0257305 , 0.0251286 , 0.0250574
1.532e-06 , 113.917 , 0.0379722 , 3e+21 , 0.943571 , 3.39584 , -9.13738 , 0.0257305 , 0.0251286 , 0.0250574
1.536e-06 , 113.917 , 0.0379722 , 3e+21 , 0.943571 , 3.39584 , -9.13738 , 0.0257305 , 0.0251286 , 0.0250574
1.54e-06 , 113.917 , 0.0379722 , 3e+21 , 0.943571 , 3.39584 , -9.13738 , 0.0257305 , 0.0251286 , 0.0250574
1.544e-06 , 113.917 , 0.0379722 , 3e+21 , 0.943571 , 3.39584 , -9.13738 , 0.0257305 , 0.0251286 , 0.0250574
1.548e-06 , 113.917 , 0.0379722 , 3e+21 , 0.943571 , 3.39584 , -9.13738 , 0.0257305 , 0.0251286 , 0.0250574
1.552e-06 , 113.917 , 0.0379722 , 3e+21 , 0.943571 , 3.39584 , -9.13738 , 0.0257305 , 0.0251286 , 0.0250574
1.556e-06 , 113.917 , 0.0379722 , 3e+21 , 0.943571 , 3.39584 , -9.13738 , 0.0257305 , 0.0251286 , 0.0250574
1.56e-06 , 113.917 , 0.0379722 , 3e+21 , 0.943571 , 3.39584 , -9.13738 , 0.0257305 , 0.0251286 , 0.0250574
1.564e-06 , 113.917 , 0.0379722 , 3e+21 , 0.943571 , 3.39584 , -9.13738 , 0.0257305 , 0.0251286 , 0.0250574
1.568e-06 , 113.917 , 0.0379722 , 3e+21 , 0.943571 , 3.39584 , -9.13738 , 0.0257305 , 0.0251286 , 0.0250574
1.572e-06 , 113.917 , 0.0379722 , 3e+21 , 0.943571 , 3.39584 , -9.13738 , 0.0257305 , 0.0251286 , 0.0250574
1.576e-06 , 113.917 , 0.0379722 , 3e+21 , 0.943571 , 3.39584 , -9.13738 , 0.0257305 , 0.0251286 , 0.0250574
1.58e-06 , 113.917 , 0.0379722 , 3e+21 , 0.943571 , 3.39584 , -9.13738 , 0.0257305 , 0.0251286 , 0.0250574
1.584e-06 , 113.917 , 0.0379722 , 3e+21 , 0.943571 , 3.39584 , -9.13738 , 0.0257305 , 0.0251286 , 0.0250574
1.588e-06 , 113.917 , 0.0379722 , 3e+21 , 0.943571 , 3.39584 , -9.13738 , 0.0257305 , 0.0251286 , 0.0250574
1.592e-06 , 113.917 , 0.0379722 , 3e+21 , 0.943571 , 3.39584 , -9.13738 , 0.0257305 , 0.0251286 , 0.0250574
1.596e-06 , 113.917 , 0.0379722 , 3e+21 , 0.943571 , 3.39584 , -9.13738 , 0.0257305 , 0.0251286 , 0.0250574
1.6e-06 , 113.917 , 0.0379722 , 3e+21 , 0.943571 , 3.39584 , -9.13738 , 0.0257305 , 0.0251286 , 0.0250574
1.604e-06 , 113.917 , 0.0379722 , 3e+21 , 0.943571 , 3.39584 , -9.13738 , 0.0257305 , 0.0251286 , 0.0250574
1.608e-06 , 113.917 , 0.0379722 , 3e+21 , 0.943571 , 3.39584 , -9.13738 , 0.0257305 , 0.0251286 , 0.0250574
1.612e-06 , 113.917 , 0.0379722 , 3e+21 , 0.943571 , 3.39584 , -9.13738 , 0.0257305 , 0.0251286 , 0.0250574
1.616e-06 , 113.917 , 0.0379722 , 3e+21 , 0.943571 , 3.39584 , -9.13738 , 0.0257305 , 0.0251286 , 0.0250574
1.62e-06 , 113.917 , 0.0379722 , 3e+21 , 0.943571 , 3.39584 , -9.13738 , 0.0257305 , 0.0251286 , 0.0250574
1.624e-06 , 113.917 , 0.0379722 , 3e+21 , 0.943571 , 3.39584 , -9.13738 , 0.0257305 , 0.0251286 , 0.0250574
1.628e-06 , 113.917 , 0.0379722 , 3e+21 , 0.943571 , 3.39584 , -9.13738 , 0.0257305 , 0.0251286 , 0.0250574
1.632e-06 , 113.917 , 0.0379722 , 3e+21 , 0.943571 , 3.39584 , -9.13738 , 0.0257305 , 0.0251286 , 0.0250574
1.636e-06 , 113.917 , 0.0379722 , 3e+21 , 0.943571 , 3.39584 , -9.13738 , 0.0257305 , 0.0251286 , 0.0250574
1.64e-06 , 113.917 , 0.0379722 , 3e+21 , 0.943571 , 3.39584 , -9.13738 , 0.0257305 , 0.0251286 , 0.0250574
1.644e-06 , 113.917 , 0.0379722 , 3e+21 , 0.943571 , 3.39584 , -9.13738 , 0.0257305 , 0.0251286 , 0.0250574
1.648e-06 , 113.917 , 0.0379722 , 3e+21 , 0.943571 , 3.39584 , -9.13738 , 0.0257305 , 0.0251286 , 0.0250574
1.652e-06 , 113.917 , 0.0379722 , 3e+21 , 0.943571 , 3.39584 , -9.13738 , 0.0257305 , 0.0251286 , 0.0250574
1.656e-06 , 113.917 , 0.0379722 , 3e+21 , 0.943571 , 3.39584 , -9.13738 , 0.0257305 , 0.0251286 , 0.0250574
1.66e-06 , 113.917 , 0.0379722 , 3e+21 , 0.943571 , 3.39584 , -9.13738 , 0.0257305 , 0.0251286 , 0.0250574
1.664e-06 , 113.917 , 0.0379722 , 3e+21 , 0.943571 , 3.39584 , -9.13738 , 0.0257305 , 0.0251286 , 0.0250574
1.668e-06 , 113.917 , 0.0379722 , 3e+21 , 0.943571 , 3.39584 , -9.13738 , 0.0257305 , 0.0251286 , 0.0250574
1.672e-06 , 113.917 , 0.0379722 , 3e+21 , 0.943571 , 3.39584 , -9.13738 , 0.0257305 , 0.0251286 , 0.0250574
1.676e-06 , 113.917 , 0.0379722 , 3e+21 , 0.943571 , 3.39584 , -9.13738 , 0.0257305 , 0.0251286 , 0.0250574
1.68e-06 , 113.917 , 0.0379722 , 3e+21 , 0.943571 , 3.39584 , -9.13738 , 0.0257305 , 0.0251286 , 0.0250574
1.684e-06 , 113.917 , 0.0379722 , 3e+21 , 0.943571 , 3.39584 , -9.13738 , 0.0257305 , 0.0251286 , 0.0250574
1.688e-06 , 113.917 , 0.0379722 , 3e+21 , 0.943571 , 3.39584 , -9.13738 , 0.0257305 , 0.0251286 , 0.0250574
1.692e-06 , 113.917 , 0.0379722 , 3e+21 , 0.943571 , 3.39584 , -9.13738 , 0.0257305 , 0.0251286 , 0.0250574
1.696e-06 , 113.917 , 0.0379722 , 3e+21 , 0.943571 , 3.39584 , -9.13738 , 0.0257305 , 0.0251286 , 0.0250574
1.7e-06 , 113.917 , 0.0379722 , 3e+21 , 0.943571 , 3.39584 , -9.13738 , 0.0257305 , 0.0251286 , 0.0250574
1.704e-06 , 113.917 , 0.0379722 , 3e+21 , 0.943571 , 3.39584 , -9.13738 , 0.0257305 , 0.0251286 , 0.0250574
1.708e-06 , 113.917 , 0.0379722 , 3e+21 , 0.943571 , 3.39584 , -9.13738 , 0.0257305 , 0.0251286 , 0.0250574
1.712e-06 , 113.917 , 0.0379722 , 3e+21 , 0.943571 , 3.39584 , -9.13738 , 0.0257305 , 0.0251286 , 0.0250574
1.716e-06 , 113.917 , 0.0379722 , 3e+21 , 0.943571 , 3.39584 , -9.13738 , 0.0257305 , 0.0251286 , 0.0250574
1.72e-06 , 113.917 , 0.0379722 , 3e+21 , 0.943571 , 3.39584 , -9.13738 , 0.0257305 , 0.0251286 , 0.0250574
1.724e-06 , 113.917 , 0.0379722 , 3e+21 , 0.943571 , 3.39584 , -9.13738 , 0.0257305 , 0.0251286 , 0.0250574
1.728e-06 , 113.917 , 0.0379722 , 3e+21 , 0.943571 , 3.39584 , -9.13738 , 0.0257305 , 0.0251286 , 0.0250574
1.732e-06 , 113.917 , 0.0379722 , 3e+21 , 0.943571 , 3.39584 , -9.13738 , 0.0257305 , 0.0251286 , 0.0250574
1.736e-06 , 113.917 , 0.0379722 , 3e+21 , 0.943571 , 3.39584 , -9.13738 , 0.0257305 , 0.0251286 , 0.0250574
1.74e-06 , 113.917 , 0.0379722 , 3e+21 , 0.943571 , 3.39584 , -9.13738 , 0.0257305 , 0.0251286 , 0.0250574
1.744e-06 , 113.917 , 0.0379722 , 3e+21 , 0.943571 , 3.39584 , -9.13738 , 0.0257305 , 0.0251286 , 0.0250574
1.748e-06 , 113.917 , 0.0379722 , 3e+21 , 0.943571 , 3.39584 , -9.13738 , 0.0257305 , 0.0251286 , 0.0250574
1.752e-06 , 113.917 , 0.0379722 , 3e+21 , 0.943571 , 3.39584 , -9.13738 , 0.0257305 , 0.0251286 , 0.0250574
1.756e-06 , 113.917 , 0.0379722 , 3e+21 , 0.943571 , 3.39584 , -9.13738 , 0.0257305 , 0.0251286 , 0.0250574
1.76e-06 , 113.917 , 0.0379722 , 3e+21 , 0.943571 , 3.39584 , -9.13738 , 0.0257305 , 0.0251286 , 0.0250574
1.764e-06 , 113.917 , 0.0379722 , 3e+21 , 0.943571 , 3.39584 , -9.13738 , 0.0257305 , 0.0251286 , 0.0250574
1.768e-06 , 113.917 , 0.0379722 , 3e+21 , 0.943571 , 3.39584 , -9.13738 , 0.0257305 , 0.0251286 , 0.0250574
1.772e-06 , 113.917 , 0.0379722 , 3e+21 , 0.943571 , 3.39584 , -9.13738 , 0.0257305 , 0.0251286 , 0.0250574
1.776e-06 , 113.917 , 0.0379722 , 3e+21 , 0.943571 , 3.39584 , -9.13738 , 0.0257305 , 0.0251286 , 0.0250574
1.78e-06 , 113.917 , 0.0379722 , 3e+21 , 0.943571 , 3.39584 , -9.13738 , 0.0257305 , 0.0251286 , 0.0250574
1.784e-06 , 113.917 , 0.0379722 , 3e+21 , 0.943571 , 3.39584 , -9.13738 , 0.0257305 , 0.0251286 , 0.0250574
1.788e-06 , 113.917 , 0.0379722 , 3e+21 , 0.943571 , 3.39584 , -9.13738 , 0.0257305 , 0.0251286 , 0.0250574
1.792e-06 , 113.917 , 0.0379722 , 3e+21 , 0.943571 , 3.39584 , -9.13738 , 0.0257305 , 0.0251286 , 0.0250574
1.796e-06 , 113.917 , 0.0379722 , 3e+21 , 0.943571 , 3.39584 , -9.13738 , 0.0257305 , 0.0251286 , 0.0250574
1.8e-06 , 113.917 , 0.0379722 , 3e+21 , 0.943571 , 3.39584 , -9.13738 , 0.0257305 , 0.0251286 , 0.0250574
1.804e-06 , 113.917 , 0.0379722 , 3e+21 , 0.943571 , 3.39584 , -9.13738 , 0.0257305 , 0.0251286 , 0.0250574
1.808e-06 , 113.917 , 0.0379722 , 3e+21 , 0.943571 , 3.39584 , -9.13738 , 0.0257305 , 0.0251286 , 0.0250574
1.812e-06 , 113.917 , 0.0379722 , 3e+21 , 0.943571 , 3.39584 , -9.13738 , 0.0257305 , 0.0251286 , 0.0250574
1.816e-06 , 113.917 , 0.0379722 , 3e+21 , 0.943571 , 3.39584 , -9.13738 , 0.0257305 , 0.0251286 , 0.0250574
1.82e-06 , 113.917 , 0.0379722 , 3e+21 , 0.943571 , 3.39584 , -9.13738 , 0.0257305 , 0.0251286 , 0.0250574
1.824e-06 , 113.917 , 0.0379722 , 3e+21 , 0.943571 , 3.39584 , -9.13738 , 0.0257305 , 0.0251286 , 0.0250574
1.828e-06 , 113.917 , 0.0379722 , 3e+21 , 0.943571 , 3.39584 , -9.13738 , 0.0257305 , 0.0251286 , 0.0250574
1.832e-06 , 113.917 , 0.0379722 , 3e+21 , 0.943571 , 3.39584 , -9.13738 , 0.0257305 , 0.0251286 , 0.0250574
1.836e-06 , 113.917 , 0.0379722 , 3e+21 , 0.943571 , 3.39584 , -9.13738 , 0.0257305 , 0.0251286 , 0.0250574
1.84e-06 , 113.917 , 0.0379722 , 3e+21 , 0.943571 , 3.39584 , -9.13738 , 0.0257305 , 0.0251286 , 0.0250574
1.844e-06 , 113.917 , 0.0379722 , 3e+21 , 0.943571 , 3.39584 , -9.13738 , 0.0257305 , 0.0251286 , 0.0250574
1.848e-06 , 113.917 , 0.0379722 , 3e+21 , 0.943571 , 3.39584 , -9.13738 , 0.0257305 , 0.0251286 , 0.0250574
1.852e-06 , 113.917 , 0.0379722 , 3e+21 , 0.943571 , 3.39584 , -9.13738 , 0.0257305 , 0.0251286 , 0.0250574
1.856e-06 , 113.917 , 0.0379722 , 3e+21 , 0.943571 , 3.39584 , -9.13738 , 0.0257305 , 0.0251286 , 0.0250574
1.86e-06 , 113.917 , 0.0379722 , 3e+21 , 0.943571 , 3.39584 , -9.13738 , 0.0257305 , 0.0251286 , 0.0250574
1.864e-06 , 113.917 , 0.0379722 , 3e+21 , 0.943571 , 3.39584 , -9.13738 , 0.0257305 , 0.0251286 , 0.0250574
1.868e-06 , 113.917 , 0.0379722 , 3e+21 , 0.943571 , 3.39584 , -9.13738 , 0.0257305 , 0.0251286 , 0.0250574
1.872e-06 , 113.917 , 0.0379722 , 3e+21 , 0.943571 , 3.39584 , -9.13738 , 0.0257305 , 0.0251286 , 0.0250574
1.876e-06 , 113.917 , 0.0379722 , 3e+21 , 0.943571 , 3.39584 , -9.13738 , 0.0257305 , 0.0251286 , 0.0250574
1.88e-06 , 113.917 , 0.0379722 , 3e+21 , 0.943571 , 3.39584 , -9.13738 , 0.0257305 , 0.0251286 , 0.0250574
1.884e-06 , 113.917 , 0.0379722 , 3e+21 , 0.943571 , 3.39584 , -9.13738 , 0.0257305 , 0.0251286 , 0.0250574
1.888e-06 , 113.917 , 0.0379722 , 3e+21 , 0.943571 , 3.39584 , -9.13738 , 0.0257305 , 0.0251286 , 0.0250574
1.892e-06 , 113.917 , 0.0379722 , 3e+21 , 0.943571 , 3.39584 , -9.13738 , 0.0257305 , 0.0251286 , 0.0250574
1.896e-06 , 113.917 , 0.0379722 , 3e+21 , 0.943571 , 3.39584 , -9.13738 , 0.0257305 , 0.0251286 , 0.0250574
1.9e-06 , 113.917 , 0.0379722 , 3e+21 , 0.943571 , 3.39584 , -9.13738 , 0.0257305 , 0.0251286 , 0.0250574
1.904e-06 , 113.917 , 0.0379722 , 3e+21 , 0.943571 , 3.39584 , -9.13738 , 0.0257305 , 0.0251286 , 0.0250574
1.908e-06 , 113.917 , 0.0379722 , 3e+21 , 0.943571 , 3.39584 , -9.13738 , 0.0257305 , 0.0251286 , 0.0250574
1.912e-06 , 113.917 , 0.0379722 , 3e+21 , 0.943571 , 3.39584 , -9.13738 , 0.0257305 , 0.0251286 , 0.0250574
1.916e-06 , 113.917 , 0.0379722 , 3e+21 , 0.943571 , 3.39584 , -9.13738 , 0.0257305 , 0.0251286 , 0.0250574
1.92e-06 , 113.917 , 0.0379722 , 3e+21 , 0.943571 , 3.39584 , -9.13738 , 0.0257305 , 0.0251286 , 0.0250574
1.924e-06 , 113.917 , 0.0379722 , 3e+21 , 0.943571 , 3.39584 , -9.13738 , 0.0257305 , 0.0251286 , 0.0250574
1.928e-06 , 113.917 , 0.0379722 , 3e+21 , 0.943571 , 3.39584 , -9.13738 , 0.0257305 , 0.0251286 , 0.0250574
1.932e-06 , 113.917 , 0.0379722 , 3e+21 , 0.943571 , 3.39584 , -9.13738 , 0.0257305 , 0.0251286 , 0.0250574
1.936e-06 , 113.917 , 0.0379722 , 3e+21 , 0.943571 , 3.39584 , -9.13738 , 0.0257305 , 0.0251286 , 0.0250574
1.94e-06 , 113.917 , 0.0379722 , 3e+21 , 0.943571 , 3.39584 , -9.13738 , 0.0257305 , 0.0251286 , 0.0250574
1.944e-06 , 113.917 , 0.0379722 , 3e+21 , 0.943571 , 3.39584 , -9.13738 , 0.0257305 , 0.0251286 , 0.0250574
1.948e-06 , 113.917 , 0.0379722 , 3e+21 , 0.943571 , 3.39584 , -9.13738 , 0.0257305 , 0.0251286 , 0.0250574
1.952e-06 , 113.917 , 0.0379722 , 3e+21 , 0.943571 , 3.39584 , -9.13738 , 0.0257305 , 0.0251286 , 0.0250574
1.956e-06 , 113.917 , 0.0379722 , 3e+21 , 0.943571 , 3.39584 , -9.13738 , 0.0257305 , 0.0251286 , 0.0250574
1.96e-06 , 113.917 , 0.0379722 , 3e+21 , 0.943571 , 3.39584 , -9.13738 , 0.0257305 , 0.0251286 , 0.0250574
1.964e-06 , 113.917 , 0.0379722 , 3e+21 , 0.943571 , 3.39584 , -9.13738 , 0.0257305 , 0.0251286 , 0.0250574
1.968e-06 , 113.917 , 0.0379722 , 3e+21 , 0.943571 , 3.39584 , -9.13738 , 0.0257305 , 0.0251286 , 0.0250574
1.972e-06 , 113.917 , 0.0379722 , 3e+21 , 0.943571 , 3.39584 , -9.13738 , 0.0257305 , 0.0251286 , 0.0250574
1.976e-06 , 113.917 , 0.0379722 , 3e+21 , 0.943571 , 3.39584 , -9.13738 , 0.0257305 , 0.0251286 , 0.0250574
1.98e-06 , 113.917 , 0.0379722 , 3e+21 , 0.943571 , 3.39584 , -9.13738 , 0.0257305 , 0.0251286 , 0.0250574
1.984e-06 , 113.917 , 0.0379722 , 3e+21 , 0.943571 , 3.39584 , -9.13738 , 0.0257305 , 0.0251286 , 0.0250574
1.988e-06 , 113.917 , 0.0379722 , 3e+21 , 0.943571 , 3.39584 , -9.13738 , 0.0257305 , 0.0251286 , 0.0250574
1.992e-06 , 113.917 , 0.0379722 , 3e+21 , 0.943571 , 3.39584 , -9.13738 , 0.0257305 , 0.0251286 , 0.0250574
1.996e-06 , 113.917 , 0.0379722 , 3e+21 , 0.943571 , 3.39584 , -9.13738 , 0.0257305 , 0.0251286 , 0.0250574
2e-06 , 113.917 , 0.0379722 , 3e+21 , 0.943571 , 3.39584 , -9.13738 , 0.0257305 , 0.0251286 , 0.0250574
2.004e-06 , 113.917 , 0.0379722 , 3e+21 , 0.943571 , 3.39584 , -9.13738 , 0.0257305 , 0.0251286 , 0.0250574
2.008e-06 , 113.917 , 0.0379722 , 3e+21 , 0.943571 , 3.39584 , -9.13738 , 0.0257305 , 0.0251286 , 0.0250574
2.012e-06 , 113.917 , 0.0379722 , 3e+21 , 0.943571 , 3.39584 , -9.13738 , 0.0257305 , 0.0251286 , 0.0250574
2.016e-06 , 113.917 , 0.0379722 , 3e+21 , 0.943571 , 3.39584 , -9.13738 , 0.0257305 , 0.0251286 , 0.0250574
2.02e-06 , 113.917 , 0.0379722 , 3e+21 , 0.943571 , 3.39584 , -9.13738 , 0.0257305 , 0.0251286 , 0.0250574
2.024e-06 , 113.917 , 0.0379722 , 3e+21 , 0.943571 , 3.39584 , -9.13738 , 0.0257305 , 0.0251286 , 0.0250574
2.028e-06 , 113.917 , 0.0379722 , 3e+21 , 0.943571 , 3.39584 , -9.13738 , 0.0257305 , 0.0251286 , 0.0250574
2.032e-06 , 113.917 , 0.0379722 , 3e+21 , 0.943571 , 3.39584 , -9.13738 , 0.0257305 , 0.0251286 , 0.0250574
2.036e-06 , 113.917 , 0.0379722 , 3e+21 , 0.943571 , 3.39584 , -9.13738 , 0.0257305 , 0.0251286 , 0.0250574
2.04e-06 , 113.917 , 0.0379722 , 3e+21 , 0.943571 , 3.39584 , -9.13738 , 0.0257305 , 0.0251286 , 0.0250574
2.044e-06 , 113.917 , 0.0379722 , 3e+21 , 0.943571 , 3.39584 , -9.13738 , 0.0257305 , 0.0251286 , 0.0250574
2.048e-06 , 113.917 , 0.0379722 , 3e+21 , 0.943571 , 3.39584 , -9.13738 , 0.0257305 , 0.0251286 , 0.0250574
2.052e-06 , 113.917 , 0.0379722 , 3e+21 , 0.943571 , 3.39584 , -9.13738 , 0.0257305 , 0.0251286 , 0.0250574
2.056e-06 , 113.917 , 0.0379722 , 3e+21 , 0.943571 , 3.39584 , -9.13738 , 0.0257305 , 0.0251286 , 0.0250574
2.06e-06 , 113.917 , 0.0379722 , 3e+21 , 0.943571 , 3.39584 , -9.13738 , 0.0257305 , 0.0251286 , 0.0250574
2.064e-06 , 113.917 , 0.0379722 , 3e+21 , 0.943571 , 3.39584 , -9.13738 , 0.0257305 , 0.0251286 , 0.0250574
2.068e-06 , 113.917 , 0.0379722 , 3e+21 , 0.943571 , 3.39584 , -9.13738 , 0.0257305 , 0.0251286 , 0.0250574
2.072e-06 , 113.917 , 0.0379722 , 3e+21 , 0.943571 , 3.39584 , -9.13738 , 0.0257305 , 0.0251286 , 0.0250574
2.076e-06 , 113.917 , 0.0379722 , 3e+21 , 0.943571 , 3.39584 , -9.13738 , 0.0257305 , 0.0251286 , 0.0250574
2.08e-06 , 113.917 , 0.0379722 , 3e+21 , 0.943571 , 3.39584 , -9.13738 , 0.0257305 , 0.0251286 , 0.0250574
2.084e-06 , 113.917 , 0.0379722 , 3e+21 , 0.943571 , 3.39584 , -9.13738 , 0.0257305 , 0.0251286 , 0.0250574
2.088e-06 , 113.917 , 0.0379722 , 3e+21 , 0.943571 , 3.39584 , -9.13738 , 0.0257305 , 0.0251286 , 0.0250574
2.092e-06 , 113.917 , 0.0379722 , 3e+21 , 0.943571 , 3.39584 , -9.13738 , 0.0257305 , 0.0251286 , 0.0250574
2.096e-06 , 113.917 , 0.0379722 , 3e+21 , 0.943571 , 3.39584 , -9.13738 , 0.0257305 , 0.0251286 , 0.0250574
2.1e-06 , 113.917 , 0.0379722 , 3e+21 , 0.943571 , 3.39584 , -9.13738 , 0.0257305 , 0.0251286 , 0.0250574
2.104e-06 , 113.917 , 0.0379722 , 3e+21 , 0.943571 , 3.39584 , -9.13738 , 0.0257305 , 0.0251286 , 0.0250574
2.108e-06 , 113.917 , 0.0379722 , 3e+21 , 0.943571 , 3.39584 , -9.13738 , 0.0257305 , 0.0251286 , 0.0250574
2.112e-06 , 113.917 , 0.0379722 , 3e+21 , 0.943571 , 3.39584 , -9.13738 , 0.0257305 , 0.0251286 , 0.0250574
2.116e-06 , 113.917 , 0.0379722 , 3e+21 , 0.943571 , 3.39584 , -9.13738 , 0.0257305 , 0.0251286 , 0.0250574
2.12e-06 , 113.917 , 0.0379722 , 3e+21 , 0.943571 , 3.39584 , -9.13738 , 0.0257305 , 0.0251286 , 0.0250574
2.124e-06 , 113.917 , 0.0379722 , 3e+21 , 0.943571 , 3.39584 , -9.13738 , 0.0257305 , 0.0251286 , 0.0250574
2.128e-06 , 113.917 , 0.0379722 , 3e+21 , 0.943571 , 3.39584 , -9.13738 , 0.0257305 , 0.0251286 , 0.0250574
2.132e-06 , 113.917 , 0.0379722 , 3e+21 , 0.943571 , 3.39584 , -9.13738 , 0.0257305 , 0.0251286 , 0.0250574
2.136e-06 , 113.917 , 0.0379722 , 3e+21 , 0.943571 , 3.39584 , -9.13738 , 0.0257305 , 0.0251286 , 0.0250574
2.14e-06 , 113.917 , 0.0379722 , 3e+21 , 0.943571 , 3.39584 , -9.13738 , 0.0257305 , 0.0251286 , 0.0250574
2.144e-06 , 113.917 , 0.0379722 , 3e+21 , 0.943571 , 3.39584 , -9.13738 , 0.0257305 , 0.0251286 , 0.0250574
2.148e-06 , 113.917 , 0.0379722 , 3e+21 , 0.943571 , 3.39584 , -9.13738 , 0.0257305 , 0.0251286 , 0.0250574
2.152e-06 , 113.917 , 0.0379722 , 3e+21 , 0.943571 , 3.39584 , -9.13738 , 0.0257305 , 0.0251286 , 0.0250574
2.156e-06 , 113.917 , 0.0379722 , 3e+21 , 0.943571 , 3.39584 , -9.13738 , 0.0257305 , 0.0251286 , 0.0250574
2.16e-06 , 113.917 , 0.0379722 , 3e+21 , 0.943571 , 3.39584 , -9.13738 , 0.0257305 , 0.0251286 , 0.0250574
2.164e-06 , 113.917 , 0.0379722 , 3e+21 , 0.943571 , 3.39584 , -9.13738 , 0.0257305 , 0.0251286 , 0.0250574
2.168e-06 , 113.917 , 0.0379722 , 3e+21 , 0.943571 , 3.39584 , -9.13738 , 0.0257305 , 0.0251286 , 0.0250574
2.172e-06 , 113.917 , 0.0379722 , 3e+21 , 0.943571 , 3.39584 , -9.13738 , 0.0257305 , 0.0251286 , 0.0250574
2.176e-06 , 113.917 , 0.0379722 , 3e+21 , 0.943571 , 3.39584 , -9.13738 , 0.0257305 , 0.0251286 , 0.0250574
2.18e-06 , 113.917 , 0.0379722 , 3e+21 , 0.943571 , 3.39584 , -9.13738 , 0.0257305 , 0.0251286 , 0.0250574
2.184e-06 , 113.917 , 0.0379722 , 3e+21 , 0.943571 , 3.39584 , -9.13738 , 0.0257305 , 0.0251286 , 0.0250574
2.188e-06 , 113.917 , 0.0379722 , 3e+21 , 0.943571 , 3.39584 , -9.13738 , 0.0257305 , 0.0251286 , 0.0250574
2.192e-06 , 113.917 , 0.0379722 , 3e+21 , 0.943571 , 3.39584 , -9.13738 , 0.0257305 , 0.0251286 , 0.0250574
2.196e-06 , 113.917 , 0.0379722 , 3e+21 , 0.943571 , 3.39584 , -9.13738 , 0.0257305 , 0.0251286 , 0.0250574
2.2e-06 , 113.917 , 0.0379722 , 3e+21 , 0.943571 , 3.39584 , -9.13738 , 0.0257305 , 0.0251286 , 0.0250574
2.204e-06 , 113.917 , 0.0379722 , 3e+21 , 0.943571 , 3.39584 , -9.13738 , 0.0257305 , 0.0251286 , 0.0250574
2.208e-06 , 113.917 , 0.0379722 , 3e+21 , 0.943571 , 3.39584 , -9.13738 , 0.0257305 , 0.0251286 , 0.0250574
2.212e-06 , 113.917 , 0.0379722 , 3e+21 , 0.943571 , 3.39584 , -9.13738 , 0.0257305 , 0.0251286 , 0.0250574
2.216e-06 , 113.917 , 0.0379722 , 3e+21 , 0.943571 , 3.39584 , -9.13738 , 0.0257305 , 0.0251286 , 0.0250574
2.22e-06 , 113.917 , 0.0379722 , 3e+21 , 0.943571 , 3.39584 , -9.13738 , 0.0257305 , 0.0251286 , 0.0250574
2.224e-06 , 113.917 , 0.0379722 , 3e+21 , 0.943571 , 3.39584 , -9.13738 , 0.0257305 , 0.0251286 , 0.0250574
2.228e-06 , 113.917 , 0.0379722 , 3e+21 , 0.943571 , 3.39584 , -9.13738 , 0.0257305 , 0.0251286 , 0.0250574
2.232e-06 , 113.917 , 0.0379722 , 3e+21 , 0.943571 , 3.39584 , -9.13738 , 0.0257305 , 0.0251286 , 0.0250574
2.236e-06 , 113.917 , 0.0379722 , 3e+21 , 0.943571 , 3.39584 , -9.13738 , 0.0257305 , 0.0251286 , 0.0250574
2.24e-06 , 113.917 , 0.0379722 , 3e+21 , 0.943571 , 3.39584 , -9.13738 , 0.0257305 , 0.0251286 , 0.0250574
2.244e-06 , 113.917 , 0.0379722 , 3e+21 , 0.943571 , 3.39584 , -9.13738 , 0.0257305 , 0.0251286 , 0.0250574
2.248e-06 , 113.917 , 0.0379722 , 3e+21 , 0.943571 , 3.39584 , -9.13738 , 0.0257305 , 0.0251286 , 0.0250574
2.252e-06 , 113.917 , 0.0379722 , 3e+21 , 0.943571 , 3.39584 , -9.13738 , 0.0257305 , 0.0251286 , 0.0250574
2.256e-06 , 113.917 , 0.0379722 , 3e+21 , 0.943571 , 3.39584 , -9.13738 , 0.0257305 , 0.0251286 , 0.0250574
2.26e-06 , 113.917 , 0.0379722 , 3e+21 , 0.943571 , 3.39584 , -9.13738 , 0.0257305 , 0.0251286 , 0.0250574
2.264e-06 , 113.917 , 0.0379722 , 3e+21 , 0.943571 , 3.39584 , -9.13738 , 0.0257305 , 0.0251286 , 0.0250574
2.268e-06 , 113.917 , 0.0379722 , 3e+21 , 0.943571 , 3.39584 , -9.13738 , 0.0257305 , 0.0251286 , 0.0250574
2.272e-06 , 113.917 , 0.0379722 , 3e+21 , 0.943571 , 3.39584 , -9.13738 , 0.0257305 , 0.0251286 , 0.0250574
2.276e-06 , 113.917 , 0.0379722 , 3e+21 , 0.943571 , 3.39584 , -9.13738 , 0.0257305 , 0.0251286 , 0.0250574
2.28e-06 , 113.917 , 0.0379722 , 3e+21 , 0.943571 , 3.39584 , -9.13738 , 0.0257305 , 0.0251286 , 0.0250574
2.284e-06 , 113.917 , 0.0379722 , 3e+21 , 0.943571 , 3.39584 , -9.13738 , 0.0257305 , 0.0251286 , 0.0250574
2.288e-06 , 113.917 , 0.0379722 , 3e+21 , 0.943571 , 3.39584 , -9.13738 , 0.0257305 , 0.0251286 , 0.0250574
2.292e-06 , 113.917 , 0.0379722 , 3e+21 , 0.943571 , 3.39584 , -9.13738 , 0.0257305 , 0.0251286 , 0.0250574
2.296e-06 , 113.917 , 0.0379722 , 3e+21 , 0.943571 , 3.39584 , -9.13738 , 0.0257305 , 0.0251286 , 0.0250574
2.3e-06 , 113.917 , 0.0379722 , 3e+21 , 0.943571 , 3.39584 , -9.13738 , 0.0257305 , 0.0251286 , 0.0250574
2.304e-06 , 113.917 , 0.0379722 , 3e+21 , 0.943571 , 3.39584 , -9.13738 , 0.0257305 , 0.0251286 , 0.0250574
2.308e-06 , 113.917 , 0.0379722 , 3e+21 , 0.943571 , 3.39584 , -9.13738 , 0.0257305 , 0.0251286 , 0.0250574
2.312e-06 , 113.917 , 0.0379722 , 3e+21 , 0.943571 , 3.39584 , -9.13738 , 0.0257305 , 0.0251286 , 0.0250574
2.316e-06 , 113.917 , 0.0379722 , 3e+21 , 0.943571 , 3.39584 , -9.13738 , 0.0257305 , 0.0251286 , 0.0250574
2.32e-06 , 113.917 , 0.0379722 , 3e+21 , 0.943571 , 3.39584 , -9.13738 , 0.0257305 , 0.0251286 , 0.0250574
2.324e-06 , 113.917 , 0.0379722 , 3e+21 , 0.943571 , 3.39584 , -9.13738 , 0.0257305 , 0.0251286 , 0.0250574
2.328e-06 , 113.917 , 0.0379722 , 3e+21 , 0.943571 , 3.39584 , -9.13738 , 0.0257305 , 0.0251286 , 0.0250574
2.332e-06 , 113.917 , 0.0379722 , 3e+21 , 0.943571 , 3.39584 , -9.13738 , 0.0257305 , 0.0251286 , 0.0250574
2.336e-06 , 113.917 , 0.0379722 , 3e+21 , 0.943571 , 3.39584 , -9.13738 , 0.0257305 , 0.0251286 , 0.0250574
2.34e-06 , 113.917 , 0.0379722 , 3e+21 , 0.943571 , 3.39584 , -9.13738 , 0.0257305 , 0.0251286 , 0.0250574
2.344e-06 , 113.917 , 0.0379722 , 3e+21 , 0.943571 , 3.39584 , -9.13738 , 0.0257305 , 0.0251286 , 0.0250574
2.348e-06 , 113.917 , 0.0379722 , 3e+21 , 0.943571 , 3.39584 , -9.13738 , 0.0257305 , 0.0251286 , 0.0250574
2.352e-06 , 113.917 , 0.0379722 , 3e+21 , 0.943571 , 3.39584 , -9.13738 , 0.0257305 , 0.0251286 , 0.0250574
2.356e-06 , 113.917 , 0.0379722 , 3e+21 , 0.943571 , 3.39584 , -9.13738 , 0.0257305 , 0.0251286 , 0.0250574
2.36e-06 , 113.917 , 0.0379722 , 3e+21 , 0.943571 , 3.39584 , -9.13738 , 0.0257305 , 0.0251286 , 0.0250574
2.364e-06 , 113.917 , 0.0379722 , 3e+21 , 0.943571 , 3.39584 , -9.13738 , 0.0257305 , 0.0251286 , 0.0250574
2.368e-06 , 113.917 , 0.0379722 , 3e+21 , 0.943571 , 3.39584 , -9.13738 , 0.0257305 , 0.0251286 , 0.0250574
2.372e-06 , 113.917 , 0.0379722 , 3e+21 , 0.943571 , 3.39584 , -9.13738 , 0.0257305 , 0.0251286 , 0.0250574
2.376e-06 , 113.917 , 0.0379722 , 3e+21 , 0.943571 , 3.39584 , -9.13738 , 0.0257305 , 0.0251286 , 0.0250574
2.38e-06 , 113.917 , 0.0379722 , 3e+21 , 0.943571 , 3.39584 , -9.13738 , 0.0257305 , 0.0251286 , 0.0250574
2.384e-06 , 113.917 , 0.0379722 , 3e+21 , 0.943571 , 3.39584 , -9.13738 , 0.0257305 , 0.0251286 , 0.0250574
2.388e-06 , 113.917 , 0.0379722 , 3e+21 , 0.943571 , 3.39584 , -9.13738 , 0.0257305 , 0.0251286 , 0.0250574
2.392e-06 , 113.917 , 0.0379722 , 3e+21 , 0.943571 , 3.39584 , -9.13738 , 0.0257305 , 0.0251286 , 0.0250574
2.396e-06 , 113.917 , 0.0379722 , 3e+21 , 0.943571 , 3.39584 , -9.13738 , 0.0257305 , 0.0251286 , 0.0250574
2.4e-06 , 113.917 , 0.0379722 , 3e+21 , 0.943571 , 3.39584 , -9.13738 , 0.0257305 , 0.0251286 , 0.0250574
2.404e-06 , 113.917 , 0.0379722 , 3e+21 , 0.943571 , 3.39584 , -9.13738 , 0.0257305 , 0.0251286 , 0.0250574
2.408e-06 , 113.917 , 0.0379722 , 3e+21 , 0.943571 , 3.39584 , -9.13738 , 0.0257305 , 0.0251286 , 0.0250574
2.412e-06 , 113.917 , 0.0379722 , 3e+21 , 0.943571 , 3.39584 , -9.13738 , 0.0257305 , 0.0251286 , 0.0250574
2.416e-06 , 113.917 , 0.0379722 , 3e+21 , 0.943571 , 3.39584 , -9.13738 , 0.0257305 , 0.0251286 , 0.0250574
2.42e-06 , 113.917 , 0.0379722 , 3e+21 , 0.943571 , 3.39584 , -9.13738 , 0.0257305 , 0.0251286 , 0.0250574
2.424e-06 , 113.917 , 0.0379722 , 3e+21 , 0.943571 , 3.39584 , -9.13738 , 0.0257305 , 0.0251286 , 0.0250574
2.428e-06 , 113.917 , 0.0379722 , 3e+21 , 0.943571 , 3.39584 , -9.13738 , 0.0257305 , 0.0251286 , 0.0250574
2.432e-06 , 113.917 , 0.0379722 , 3e+21 , 0.943571 , 3.39584 , -9.13738 , 0.0257305 , 0.0251286 , 0.0250574
2.436e-06 , 113.917 , 0.0379722 , 3e+21 , 0.943571 , 3.39584 , -9.13738 , 0.0257305 , 0.0251286 , 0.0250574
2.44e-06 , 113.917 , 0.0379722 , 3e+21 , 0.943571 , 3.39584 , -9.13738 , 0.0257305 , 0.0251286 , 0.0250574
2.444e-06 , 113.917 , 0.0379722 , 3e+21 , 0.943571 , 3.39584 , -9.13738 , 0.0257305 , 0.0251286 , 0.0250574
2.448e-06 , 113.917 , 0.0379722 , 3e+21 , 0.943571 , 3.39584 , -9.13738 , 0.0257305 , 0.0251286 , 0.0250574
2.452e-06 , 113.917 , 0.0379722 , 3e+21 , 0.943571 , 3.39584 , -9.13738 , 0.0257305 , 0.0251286 , 0.0250574
2.456e-06 , 113.917 , 0.0379722 , 3e+21 , 0.943571 , 3.39584 , -9.13738 , 0.0257305 , 0.0251286 , 0.0250574
2.46e-06 , 113.917 , 0.0379722 , 3e+21 , 0.943571 , 3.39584 , -9.13738 , 0.0257305 , 0.0251286 , 0.0250574
2.464e-06 , 113.917 , 0.0379722 , 3e+21 , 0.943571 , 3.39584 , -9.13738 , 0.0257305 , 0.0251286 , 0.0250574
2.468e-06 , 113.917 , 0.0379722 , 3e+21 , 0.943571 , 3.39584 , -9.13738 , 0.0257305 , 0.0251286 , 0.0250574
2.472e-06 , 113.917 , 0.0379722 , 3e+21 , 0.943571 , 3.39584 , -9.13738 , 0.0257305 , 0.0251286 , 0.0250574
2.476e-06 , 113.917 , 0.0379722 , 3e+21 , 0.943571 , 3.39584 , -9.13738 , 0.0257305 , 0.0251286 , 0.0250574
2.48e-06 , 113.917 , 0.0379722 , 3e+21 , 0.943571 , 3.39584 , -9.13738 , 0.0257305 , 0.0251286 , 0.0250574
2.484e-06 , 113.917 , 0.0379722 , 3e+21 , 0.943571 , 3.39584 , -9.13738 , 0.0257305 , 0.0251286 , 0.0250574
2.488e-06 , 113.917 , 0.0379722 , 3e+21 , 0.943571 , 3.39584 , -9.13738 , 0.0257305 , 0.0251286 , 0.0250574
2.492e-06 , 113.917 , 0.0379722 , 3e+21 , 0.943571 , 3.39584 , -9.13738 , 0.0257305 , 0.0251286 , 0.0250574
2.496e-06 , 113.917 , 0.0379722 , 3e+21 , 0.943571 , 3.39584 , -9.13738 , 0.0257305 , 0.0251286 , 0.0250574
2.5e-06 , 113.917 , 0.0379722 , 3e+21 , 0.943571 , 3.39584 , -9.13738 , 0.0257305 , 0.0251286 , 0.0250574
2.504e-06 , 113.917 , 0.0379722 , 3e+21 , 0.943571 , 3.39584 , -9.13738 , 0.0257305 , 0.0251286 , 0.0250574
2.508e-06 , 113.917 , 0.0379722 , 3e+21 , 0.943571 , 3.39584 , -9.13738 , 0.0257305 , 0.0251286 , 0.0250574
2.512e-06 , 113.917 , 0.0379722 , 3e+21 , 0.943571 , 3.39584 , -9.13738 , 0.0257305 , 0.0251286 , 0.0250574
2.516e-06 , 113.917 , 0.0379722 , 3e+21 , 0.943571 , 3.39584 , -9.13738 , 0.0257305 , 0.0251286 , 0.0250574
2.52e-06 , 113.917 , 0.0379722 , 3e+21 , 0.943571 , 3.39584 , -9.13738 , 0.0257305 , 0.0251286 , 0.0250574
2.524e-06 , 113.917 , 0.0379722 , 3e+21 , 0.943571 , 3.39584 , -9.13738 , 0.0257305 , 0.0251286 , 0.0250574
2.528e-06 , 113.917 , 0.0379722 , 3e+21 , 0.943571 , 3.39584 , -9.13738 , 0.0257305 , 0.0251286 , 0.0250574
2.532e-06 , 113.917 , 0.0379722 , 3e+21 , 0.943571 , 3.39584 , -9.13738 , 0.0257305 , 0.0251286 , 0.0250574
2.536e-06 , 113.917 , 0.0379722 , 3e+21 , 0.943571 , 3.39584 , -9.13738 , 0.0257305 , 0.0251286 , 0.0250574
2.54e-06 , 113.917 , 0.0379722 , 3e+21 , 0.943571 , 3.39584 , -9.13738 , 0.0257305 , 0.0251286 , 0.0250574
2.544e-06 , 113.917 , 0.0379722 , 3e+21 , 0.943571 , 3.39584 , -9.13738 , 0.0257305 , 0.0251286 , 0.0250574
2.548e-06 , 113.917 , 0.0379722 , 3e+21 , 0.943571 , 3.39584 , -9.13738 , 0.0257305 , 0.0251286 , 0.0250574
2.552e-06 , 113.917 , 0.0379722 , 3e+21 , 0.943571 , 3.39584 , -9.13738 , 0.0257305 , 0.0251286 , 0.0250574
2.556e-06 , 113.917 , 0.0379722 , 3e+21 , 0.943571 , 3.39584 , -9.13738 , 0.0257305 , 0.0251286 , 0.0250574
2.56e-06 , 113.917 , 0.0379722 , 3e+21 , 0.943571 , 3.39584 , -9.13738 , 0.0257305 , 0.0251286 , 0.0250574
2.564e-06 , 113.917 , 0.0379722 , 3e+21 , 0.943571 , 3.39584 , -9.13738 , 0.0257305 , 0.0251286 , 0.0250574
2.568e-06 , 113.917 , 0.0379722 , 3e+21 , 0.943571 , 3.39584 , -9.13738 , 0.0257305 , 0.0251286 , 0.0250574
2.572e-06 , 113.917 , 0.0379722 , 3e+21 , 0.943571 , 3.39584 , -9.13738 , 0.0257305 , 0.0251286 , 0.0250574
2.576e-06 , 113.917 , 0.0379722 , 3e+21 , 0.943571 , 3.39584 , -9.13738 , 0.0257305 , 0.0251286 , 0.0250574
2.58e-06 , 113.917 , 0.0379722 , 3e+21 , 0.943571 , 3.39584 , -9.13738 , 0.0257305 , 0.0251286 , 0.0250574
2.584e-06 , 113.917 , 0.0379722 , 3e+21 , 0.943571 , 3.39584 , -9.13738 , 0.0257305 , 0.0251286 , 0.0250574
2.588e-06 , 113.917 , 0.0379722 , 3e+21 , 0.943571 , 3.39584 , -9.13738 , 0.0257305 , 0.0251286 , 0.0250574
2.592e-06 , 113.917 , 0.0379722 , 3e+21 , 0.943571 , 3.39584 , -9.13738 , 0.0257305 , 0.0251286 , 0.0250574
2.596e-06 , 113.917 , 0.0379722 , 3e+21 , 0.943571 , 3.39584 , -9.13738 , 0.0257305 , 0.0251286 , 0.0250574
2.6e-06 , 113.917 , 0.0379722 , 3e+21 , 0.943571 , 3.39584 , -9.13738 , 0.0257305 , 0.0251286 , 0.0250574
2.604e-06 , 113.917 , 0.0379722 , 3e+21 , 0.943571 , 3.39584 , -9.13738 , 0.0257305 , 0.0251286 , 0.0250574
2.608e-06 , 113.917 , 0.0379722 , 3e+21 , 0.943571 , 3.39584 , -9.13738 , 0.0257305 , 0.0251286 , 0.0250574
2.612e-06 , 113.917 , 0.0379722 , 3e+21 , 0.943571 , 3.39584 , -9.13738 , 0.0257305 , 0.0251286 , 0.0250574
2.616e-06 , 113.917 , 0.0379722 , 3e+21 , 0.943571 , 3.39584 , -9.13738 , 0.0257305 , 0.0251286 , 0.0250574
2.62e-06 , 113.917 , 0.0379722 , 3e+21 , 0.943571 , 3.39584 , -9.13738 , 0.0257305 , 0.0251286 , 0.0250574
2.624e-06 , 113.917 , 0.0379722 , 3e+21 , 0.943571 , 3.39584 , -9.13738 , 0.0257305 , 0.0251286 , 0.0250574
2.628e-06 , 113.917 , 0.0379722 , 3e+21 , 0.943571 , 3.39584 , -9.13738 , 0.0257305 , 0.0251286 , 0.0250574
2.632e-06 , 113.917 , 0.0379722 , 3e+21 , 0.943571 , 3.39584 , -9.13738 , 0.0257305 , 0.0251286 , 0.0250574
2.636e-06 , 113.917 , 0.0379722 , 3e+21 , 0.943571 , 3.39584 , -9.13738 , 0.0257305 , 0.0251286 , 0.0250574
2.64e-06 , 113.917 , 0.0379722 , 3e+21 , 0.943571 , 3.39584 , -9.13738 , 0.0257305 , 0.0251286 , 0.0250574
2.644e-06 , 113.917 , 0.0379722 , 3e+21 , 0.943571 , 3.39584 , -9.13738 , 0.0257305 , 0.0251286 , 0.0250574
2.648e-06 , 113.917 , 0.0379722 , 3e+21 , 0.943571 , 3.39584 , -9.13738 , 0.0257305 , 0.0251286 , 0.0250574
2.652e-06 , 113.917 , 0.0379722 , 3e+21 , 0.943571 , 3.39584 , -9.13738 , 0.0257305 , 0.0251286 , 0.0250574
2.656e-06 , 113.917 , 0.0379722 , 3e+21 , 0.943571 , 3.39584 , -9.13738 , 0.0257305 , 0.0251286 , 0.0250574
2.66e-06 , 113.917 , 0.0379722 , 3e+21 , 0.943571 , 3.39584 , -9.13738 , 0.0257305 , 0.0251286 , 0.0250574
2.664e-06 , 113.917 , 0.0379722 , 3e+21 , 0.943571 , 3.39584 , -9.13738 , 0.0257305 , 0.0251286 , 0.0250574
2.668e-06 , 113.917 , 0.0379722 , 3e+21 , 0.943571 , 3.39584 , -9.13738 , 0.0257305 , 0.0251286 , 0.0250574
2.672e-06 , 113.917 , 0.0379722 , 3e+21 , 0.943571 , 3.39584 , -9.13738 , 0.0257305 , 0.0251286 , 0.0250574
2.676e-06 , 113.917 , 0.0379722 , 3e+21 , 0.943571 , 3.39584 , -9.13738 , 0.0257305 , 0.0251286 , 0.0250574
2.68e-06 , 113.917 , 0.0379722 , 3e+21 , 0.943571 , 3.39584 , -9.13738 , 0.0257305 , 0.0251286 , 0.0250574
2.684e-06 , 113.917 , 0.0379722 , 3e+21 , 0.943571 , 3.39584 , -9.13738 , 0.0257305 , 0.0251286 , 0.0250574
2.688e-06 , 113.917 , 0.0379722 , 3e+21 , 0.943571 , 3.39584 , -9.13738 , 0.0257305 , 0.0251286 , 0.0250574
2.692e-06 , 113.917 , 0.0379722 , 3e+21 , 0.943571 , 3.39584 , -9.13738 , 0.0257305 , 0.0251286 , 0.0250574
2.696e-06 , 113.917 , 0.0379722 , 3e+21 , 0.943571 , 3.39584 , -9.13738 , 0.0257305 , 0.0251286 , 0.0250574
2.7e-06 , 113.917 , 0.0379722 , 3e+21 , 0.943571 , 3.39584 , -9.13738 , 0.0257305 , 0.0251286 , 0.0250574
2.704e-06 , 113.917 , 0.0379722 , 3e+21 , 0.943571 , 3.39584 , -9.13738 , 0.0257305 , 0.0251286 , 0.0250574
2.708e-06 , 113.917 , 0.0379722 , 3e+21 , 0.943571 , 3.39584 , -9.13738 , 0.0257305 , 0.0251286 , 0.0250574
2.712e-06 , 113.917 , 0.0379722 , 3e+21 , 0.943571 , 3.39584 , -9.13738 , 0.0257305 , 0.0251286 , 0.0250574
2.716e-06 , 113.917 , 0.0379722 , 3e+21 , 0.943571 , 3.39584 , -9.13738 , 0.0257305 , 0.0251286 , 0.0250574
2.72e-06 , 113.917 , 0.0379722 , 3e+21 , 0.943571 , 3.39584 , -9.13738 , 0.0257305 , 0.0251286 , 0.0250574
2.724e-06 , 113.917 , 0.0379722 , 3e+21 , 0.943571 , 3.39584 , -9.13738 , 0.0257305 , 0.0251286 , 0.0250574
2.728e-06 , 113.917 , 0.0379722 , 3e+21 , 0.943571 , 3.39584 , -9.13738 , 0.0257305 , 0.0251286 , 0.0250574
2.732e-06 , 113.917 , 0.0379722 , 3e+21 , 0.943571 , 3.39584 , -9.13738 , 0.0257305 , 0.0251286 , 0.0250574
2.736e-06 , 113.917 , 0.0379722 , 3e+21 , 0.943571 , 3.39584 , -9.13738 , 0.0257305 , 0.0251286 , 0.0250574
2.74e-06 , 113.917 , 0.0379722 , 3e+21 , 0.943571 , 3.39584 , -9.13738 , 0.0257305 , 0.0251286 , 0.0250574
2.744e-06 , 113.917 , 0.0379722 , 3e+21 , 0.943571 , 3.39584 , -9.13738 , 0.0257305 , 0.0251286 , 0.0250574
2.748e-06 , 113.917 , 0.0379722 , 3e+21 , 0.943571 , 3.39584 , -9.13738 , 0.0257305 , 0.0251286 , 0.0250574
2.752e-06 , 113.917 , 0.0379722 , 3e+21 , 0.943571 , 3.39584 , -9.13738 , 0.0257305 , 0.0251286 , 0.0250574
2.756e-06 , 113.917 , 0.0379722 , 3e+21 , 0.943571 , 3.39584 , -9.13738 , 0.0257305 , 0.0251286 , 0.0250574
2.76e-06 , 113.917 , 0.0379722 , 3e+21 , 0.943571 , 3.39584 , -9.13738 , 0.0257305 , 0.0251286 , 0.0250574
2.764e-06 , 113.917 , 0.0379722 , 3e+21 , 0.943571 , 3.39584 , -9.13738 , 0.0257305 , 0.0251286 , 0.0250574
2.768e-06 , 113.917 , 0.0379722 , 3e+21 , 0.943571 , 3.39584 , -9.13738 , 0.0257305 , 0.0251286 , 0.0250574
2.772e-06 , 113.917 , 0.0379722 , 3e+21 , 0.943571 , 3.39584 , -9.13738 , 0.0257305 , 0.0251286 , 0.0250574
2.776e-06 , 113.917 , 0.0379722 , 3e+21 , 0.943571 , 3.39584 , -9.13738 , 0.0257305 , 0.0251286 , 0.0250574
2.78e-06 , 113.917 , 0.0379722 , 3e+21 , 0.943571 , 3.39584 , -9.13738 , 0.0257305 , 0.0251286 , 0.0250574
2.784e-06 , 113.917 , 0.0379722 , 3e+21 , 0.943571 , 3.39584 , -9.13738 , 0.0257305 , 0.0251286 , 0.0250574
2.788e-06 , 113.917 , 0.0379722 , 3e+21 , 0.943571 , 3.39584 , -9.13738 , 0.0257305 , 0.0251286 , 0.0250574
2.792e-06 , 113.917 , 0.0379722 , 3e+21 , 0.943571 , 3.39584 , -9.13738 , 0.0257305 , 0.0251286 , 0.0250574
2.796e-06 , 113.917 , 0.0379722 , 3e+21 , 0.943571 , 3.39584 , -9.13738 , 0.0257305 , 0.0251286 , 0.0250574
2.8e-06 , 113.917 , 0.0379722 , 3e+21 , 0.943571 , 3.39584 , -9.13738 , 0.0257305 , 0.0251286 , 0.0250574
2.804e-06 , 113.917 , 0.0379722 , 3e+21 , 0.943571 , 3.39584 , -9.13738 , 0.0257305 , 0.0251286 , 0.0250574
2.808e-06 , 113.917 , 0.0379722 , 3e+21 , 0.943571 , 3.39584 , -9.13738 , 0.0257305 , 0.0251286 , 0.0250574
2.812e-06 , 113.917 , 0.0379722 , 3e+21 , 0.943571 , 3.39584 , -9.13738 , 0.0257305 , 0.0251286 , 0.0250574
2.816e-06 , 113.917 , 0.0379722 , 3e+21 , 0.943571 , 3.39584 , -9.13738 , 0.0257305 , 0.0251286 , 0.0250574
2.82e-06 , 113.917 , 0.0379722 , 3e+21 , 0.943571 , 3.39584 , -9.13738 , 0.0257305 , 0.0251286 , 0.0250574
2.824e-06 , 113.917 , 0.0379722 , 3e+21 , 0.943571 , 3.39584 , -9.13738 , 0.0257305 , 0.0251286 , 0.0250574
2.828e-06 , 113.917 , 0.0379722 , 3e+21 , 0.943571 , 3.39584 , -9.13738 , 0.0257305 , 0.0251286 , 0.0250574
2.832e-06 , 113.917 , 0.0379722 , 3e+21 , 0.943571 , 3.39584 , -9.13738 , 0.0257305 , 0.0251286 , 0.0250574
2.836e-06 , 113.917 , 0.0379722 , 3e+21 , 0.943571 , 3.39584 , -9.13738 , 0.0257305 , 0.0251286 , 0.0250574
2.84e-06 , 113.917 , 0.0379722 , 3e+21 , 0.943571 , 3.39584 , -9.13738 , 0.0257305 , 0.0251286 , 0.0250574
2.844e-06 , 113.917 , 0.0379722 , 3e+21 , 0.943571 , 3.39584 , -9.13738 , 0.0257305 , 0.0251286 , 0.0250574
2.848e-06 , 113.917 , 0.0379722 , 3e+21 , 0.943571 , 3.39584 , -9.13738 , 0.0257305 , 0.0251286 , 0.0250574
2.852e-06 , 113.917 , 0.0379722 , 3e+21 , 0.943571 , 3.39584 , -9.13738 , 0.0257305 , 0.0251286 , 0.0250574
2.856e-06 , 113.917 , 0.0379722 , 3e+21 , 0.943571 , 3.39584 , -9.13738 , 0.0257305 , 0.0251286 , 0.0250574
2.86e-06 , 113.917 , 0.0379722 , 3e+21 , 0.943571 , 3.39584 , -9.13738 , 0.0257305 , 0.0251286 , 0.0250574
2.864e-06 , 113.917 , 0.0379722 , 3e+21 , 0.943571 , 3.39584 , -9.13738 , 0.0257305 , 0.0251286 , 0.0250574
2.868e-06 , 113.917 , 0.0379722 , 3e+21 , 0.943571 , 3.39584 , -9.13738 , 0.0257305 , 0.0251286 , 0.0250574
2.872e-06 , 113.917 , 0.0379722 , 3e+21 , 0.943571 , 3.39584 , -9.13738 , 0.0257305 , 0.0251286 , 0.0250574
2.876e-06 , 113.917 , 0.0379722 , 3e+21 , 0.943571 , 3.39584 , -9.13738 , 0.0257305 , 0.0251286 , 0.0250574
2.88e-06 , 113.917 , 0.0379722 , 3e+21 , 0.943571 , 3.39584 , -9.13738 , 0.0257305 , 0.0251286 , 0.0250574
2.884e-06 , 113.917 , 0.0379722 , 3e+21 , 0.943571 , 3.39584 , -9.13738 , 0.0257305 , 0.0251286 , 0.0250574
2.888e-06 , 113.917 , 0.0379722 , 3e+21 , 0.943571 , 3.39584 , -9.13738 , 0.0257305 , 0.0251286 , 0.0250574
2.892e-06 , 113.917 , 0.0379722 , 3e+21 , 0.943571 , 3.39584 , -9.13738 , 0.0257305 , 0.0251286 , 0.0250574
2.896e-06 , 113.917 , 0.0379722 , 3e+21 , 0.943571 , 3.39584 , -9.13738 , 0.0257305 , 0.0251286 , 0.0250574
2.9e-06 , 113.917 , 0.0379722 , 3e+21 , 0.943571 , 3.39584 , -9.13738 , 0.0257305 , 0.0251286 , 0.0250574
2.904e-06 , 113.917 , 0.0379722 , 3e+21 , 0.943571 , 3.39584 , -9.13738 , 0.0257305 , 0.0251286 , 0.0250574
2.908e-06 , 113.917 , 0.0379722 , 3e+21 , 0.943571 , 3.39584 , -9.13738 , 0.0257305 , 0.0251286 , 0.0250574
2.912e-06 , 113.917 , 0.0379722 , 3e+21 , 0.943571 , 3.39584 , -9.13738 , 0.0257305 , 0.0251286 , 0.0250574
2.916e-06 , 113.917 , 0.0379722 , 3e+21 , 0.943571 , 3.39584 , -9.13738 , 0.0257305 , 0.0251286 , 0.0250574
2.92e-06 , 113.917 , 0.0379722 , 3e+21 , 0.943571 , 3.39584 , -9.13738 , 0.0257305 , 0.0251286 , 0.0250574
2.924e-06 , 113.917 , 0.0379722 , 3e+21 , 0.943571 , 3.39584 , -9.13738 , 0.0257305 , 0.0251286 , 0.0250574
2.928e-06 , 113.917 , 0.0379722 , 3e+21 , 0.943571 , 3.39584 , -9.13738 , 0.0257305 , 0.0251286 , 0.0250574
2.932e-06 , 113.917 , 0.0379722 , 3e+21 , 0.943571 , 3.39584 , -9.13738 , 0.0257305 , 0.0251286 , 0.0250574
2.936e-06 , 113.917 , 0.0379722 , 3e+21 , 0.943571 , 3.39584 , -9.13738 , 0.0257305 , 0.0251286 , 0.0250574
2.94e-06 , 113.917 , 0.0379722 , 3e+21 , 0.943571 , 3.39584 , -9.13738 , 0.0257305 , 0.0251286 , 0.0250574
2.944e-06 , 113.917 , 0.0379722 , 3e+21 , 0.943571 , 3.39584 , -9.13738 , 0.0257305 , 0.0251286 , 0.0250574
2.948e-06 , 113.917 , 0.0379722 , 3e+21 , 0.943571 , 3.39584 , -9.13738 , 0.0257305 , 0.0251286 , 0.0250574
2.952e-06 , 113.917 , 0.0379722 , 3e+21 , 0.943571 , 3.39584 , -9.13738 , 0.0257305 , 0.0251286 , 0.0250574
2.956e-06 , 113.917 , 0.0379722 , 3e+21 , 0.943571 , 3.39584 , -9.13738 , 0.0257305 , 0.0251286 , 0.0250574
2.96e-06 , 113.917 , 0.0379722 , 3e+21 , 0.943571 , 3.39584 , -9.13738 , 0.0257305 , 0.0251286 , 0.0250574
2.964e-06 , 113.917 , 0.0379722 , 3e+21 , 0.943571 , 3.39584 , -9.13738 , 0.0257305 , 0.0251286 , 0.0250574
2.968e-06 , 113.917 , 0.0379722 , 3e+21 , 0.943571 , 3.39584 , -9.13738 , 0.0257305 , 0.0251286 , 0.0250574
2.972e-06 , 113.917 , 0.0379722 , 3e+21 , 0.943571 , 3.39584 , -9.13738 , 0.0257305 , 0.0251286 , 0.0250574
2.976e-06 , 113.917 , 0.0379722 , 3e+21 , 0.943571 , 3.39584 , -9.13738 , 0.0257305 , 0.0251286 , 0.0250574
2.98e-06 , 113.917 , 0.0379722 , 3e+21 , 0.943571 , 3.39584 , -9.13738 , 0.0257305 , 0.0251286 , 0.0250574
2.984e-06 , 113.917 , 0.0379722 , 3e+21 , 0.943571 , 3.39584 , -9.13738 , 0.0257305 , 0.0251286 , 0.0250574
2.988e-06 , 113.917 , 0.0379722 , 3e+21 , 0.943571 , 3.39584 , -9.13738 , 0.0257305 , 0.0251286 , 0.0250574
2.992e-06 , 113.917 , 0.0379722 , 3e+21 , 0.943571 , 3.39584 , -9.13738 , 0.0257305 , 0.0251286 , 0.0250574
2.996e-06 , 113.917 , 0.0379722 , 3e+21 , 0.943571 , 3.39584 , -9.13738 , 0.0257305 , 0.0251286 , 0.0250574
3e-06 , 113.917 , 0.0379722 , 3e+21 , 0.943571 , 3.39584 , -9.13738 , 0.0257305 , 0.0251286 , 0.0250574
3.004e-06 , 113.917 , 0.0379722 , 3e+21 , 0.943571 , 3.39584 , -9.13738 , 0.0257305 , 0.0251286 , 0.0250574
3.008e-06 , 113.917 , 0.0379722 , 3e+21 , 0.943571 , 3.39584 , -9.13738 , 0.0257305 , 0.0251286 , 0.0250574
3.012e-06 , 113.917 , 0.0379722 , 3e+21 , 0.943571 , 3.39584 , -9.13738 , 0.0257305 , 0.0251286 , 0.0250574
3.016e-06 , 113.917 , 0.0379722 , 3e+21 , 0.943571 , 3.39584 , -9.13738 , 0.0257305 , 0.0251286 , 0.0250574
3.02e-06 , 113.917 , 0.0379722 , 3e+21 , 0.943571 , 3.39584 , -9.13738 , 0.0257305 , 0.0251286 , 0.0250574
3.024e-06 , 113.917 , 0.0379722 , 3e+21 , 0.943571 , 3.39584 , -9.13738 , 0.0257305 , 0.0251286 , 0.0250574
3.028e-06 , 113.917 , 0.0379722 , 3e+21 , 0.943571 , 3.39584 , -9.13738 , 0.0257305 , 0.0251286 , 0.0250574
3.032e-06 , 113.917 , 0.0379722 , 3e+21 , 0.943571 , 3.39584 , -9.13738 , 0.0257305 , 0.0251286 , 0.0250574
3.036e-06 , 113.917 , 0.0379722 , 3e+21 , 0.943571 , 3.39584 , -9.13738 , 0.0257305 , 0.0251286 , 0.0250574
3.04e-06 , 113.917 , 0.0379722 , 3e+21 , 0.943571 , 3.39584 , -9.13738 , 0.0257305 , 0.0251286 , 0.0250574
3.044e-06 , 113.917 , 0.0379722 , 3e+21 , 0.943571 , 3.39584 , -9.13738 , 0.0257305 , 0.0251286 , 0.0250574
3.048e-06 , 113.917 , 0.0379722 , 3e+21 , 0.943571 , 3.39584 , -9.13738 , 0.0257305 , 0.0251286 , 0.0250574
3.052e-06 , 113.917 , 0.0379722 , 3e+21 , 0.943571 , 3.39584 , -9.13738 , 0.0257305 , 0.0251286 , 0.0250574
3.056e-06 , 113.917 , 0.0379722 , 3e+21 , 0.943571 , 3.39584 , -9.13738 , 0.0257305 , 0.0251286 , 0.0250574
3.06e-06 , 113.917 , 0.0379722 , 3e+21 , 0.943571 , 3.39584 , -9.13738 , 0.0257305 , 0.0251286 , 0.0250574
3.064e-06 , 113.917 , 0.0379722 , 3e+21 , 0.943571 , 3.39584 , -9.13738 , 0.0257305 , 0.0251286 , 0.0250574
3.068e-06 , 113.917 , 0.0379722 , 3e+21 , 0.943571 , 3.39584 , -9.13738 , 0.0257305 , 0.0251286 , 0.0250574
3.072e-06 , 113.917 , 0.0379722 , 3e+21 , 0.943571 , 3.39584 , -9.13738 , 0.0257305 , 0.0251286 , 0.0250574
3.076e-06 , 113.917 , 0.0379722 , 3e+21 , 0.943571 , 3.39584 , -9.13738 , 0.0257305 , 0.0251286 , 0.0250574
3.08e-06 , 113.917 , 0.0379722 , 3e+21 , 0.943571 , 3.39584 , -9.13738 , 0.0257305 , 0.0251286 , 0.0250574
3.084e-06 , 113.917 , 0.0379722 , 3e+21 , 0.943571 , 3.39584 , -9.13738 , 0.0257305 , 0.0251286 , 0.0250574
3.088e-06 , 113.917 , 0.0379722 , 3e+21 , 0.943571 , 3.39584 , -9.13738 , 0.0257305 , 0.0251286 , 0.0250574
3.092e-06 , 113.917 , 0.0379722 , 3e+21 , 0.943571 , 3.39584 , -9.13738 , 0.0257305 , 0.0251286 , 0.0250574
3.096e-06 , 113.917 , 0.0379722 , 3e+21 , 0.943571 , 3.39584 , -9.13738 , 0.0257305 , 0.0251286 , 0.0250574
3.1e-06 , 113.917 , 0.0379722 , 3e+21 , 0.943571 , 3.39584 , -9.13738 , 0.0257305 , 0.0251286 , 0.0250574
3.104e-06 , 113.917 , 0.0379722 , 3e+21 , 0.943571 , 3.39584 , -9.13738 , 0.0257305 , 0.0251286 , 0.0250574
3.108e-06 , 113.917 , 0.0379722 , 3e+21 , 0.943571 , 3.39584 , -9.13738 , 0.0257305 , 0.0251286 , 0.0250574
3.112e-06 , 113.917 , 0.0379722 , 3e+21 , 0.943571 , 3.39584 , -9.13738 , 0.0257305 , 0.0251286 , 0.0250574
3.116e-06 , 113.917 , 0.0379722 , 3e+21 , 0.943571 , 3.39584 , -9.13738 , 0.0257305 , 0.0251286 , 0.0250574
3.12e-06 , 113.917 , 0.0379722 , 3e+21 , 0.943571 , 3.39584 , -9.13738 , 0.0257305 , 0.0251286 , 0.0250574
3.124e-06 , 113.917 , 0.0379722 , 3e+21 , 0.943571 , 3.39584 , -9.13738 , 0.0257305 , 0.0251286 , 0.0250574
3.128e-06 , 113.917 , 0.0379722 , 3e+21 , 0.943571 , 3.39584 , -9.13738 , 0.0257305 , 0.0251286 , 0.0250574
3.132e-06 , 113.917 , 0.0379722 , 3e+21 , 0.943571 , 3.39584 , -9.13738 , 0.0257305 , 0.0251286 , 0.0250574
3.136e-06 , 113.917 , 0.0379722 , 3e+21 , 0.943571 , 3.39584 , -9.13738 , 0.0257305 , 0.0251286 , 0.0250574
3.14e-06 , 113.917 , 0.0379722 , 3e+21 , 0.943571 , 3.39584 , -9.13738 , 0.0257305 , 0.0251286 , 0.0250574
3.144e-06 , 113.917 , 0.0379722 , 3e+21 , 0.943571 , 3.39584 , -9.13738 , 0.0257305 , 0.0251286 , 0.0250574
3.148e-06 , 113.917 , 0.0379722 , 3e+21 , 0.943571 , 3.39584 , -9.13738 , 0.0257305 , 0.0251286 , 0.0250574
3.152e-06 , 113.917 , 0.0379722 , 3e+21 , 0.943571 , 3.39584 , -9.13738 , 0.0257305 , 0.0251286 , 0.0250574
3.156e-06 , 113.917 , 0.0379722 , 3e+21 , 0.943571 , 3.39584 , -9.13738 , 0.0257305 , 0.0251286 , 0.0250574
3.16e-06 , 113.917 , 0.0379722 , 3e+21 , 0.943571 , 3.39584 , -9.13738 , 0.0257305 , 0.0251286 , 0.0250574
3.164e-06 , 113.917 , 0.0379722 , 3e+21 , 0.943571 , 3.39584 , -9.13738 , 0.0257305 , 0.0251286 , 0.0250574
3.168e-06 , 113.917 , 0.0379722 , 3e+21 , 0.943571 , 3.39584 , -9.13738 , 0.0257305 , 0.0251286 , 0.0250574
3.172e-06 , 113.917 , 0.0379722 , 3e+21 , 0.943571 , 3.39584 , -9.13738 , 0.0257305 , 0.0251286 , 0.0250574
3.176e-06 , 113.917 , 0.0379722 , 3e+21 , 0.943571 , 3.39584 , -9.13738 , 0.0257305 , 0.0251286 , 0.0250574
3.18e-06 , 113.917 , 0.0379722 , 3e+21 , 0.943571 , 3.39584 , -9.13738 , 0.0257305 , 0.0251286 , 0.0250574
3.184e-06 , 113.917 , 0.0379722 , 3e+21 , 0.943571 , 3.39584 , -9.13738 , 0.0257305 , 0.0251286 , 0.0250574
3.188e-06 , 113.917 , 0.0379722 , 3e+21 , 0.943571 , 3.39584 , -9.13738 , 0.0257305 , 0.0251286 , 0.0250574
3.192e-06 , 113.917 , 0.0379722 , 3e+21 , 0.943571 , 3.39584 , -9.13738 , 0.0257305 , 0.0251286 , 0.0250574
3.196e-06 , 113.917 , 0.0379722 , 3e+21 , 0.943571 , 3.39584 , -9.13738 , 0.0257305 , 0.0251286 , 0.0250574
3.2e-06 , 113.917 , 0.0379722 , 3e+21 , 0.943571 , 3.39584 , -9.13738 , 0.0257305 , 0.0251286 , 0.0250574
