# Sohn et al., Elastic DCS for N2 [10^-16 cm^2 sr^-1]
#Angle(deg)   Energy(eV)   DCS

30           0.10         0.106
40           0.10         0.123
50           0.10         0.157
60           0.10         0.203
70           0.10         0.254
80           0.10         0.286
90           0.10         0.322
100          0.10         0.369
110          0.10         0.396
120          0.10         0.422
130          0.10         0.459
138          0.10         0.488

20           0.35         0.121
30           0.35         0.133
40           0.35         0.164
50           0.35         0.223
60           0.35         0.301
70           0.35         0.379
80           0.35         0.456
90           0.35         0.520
100          0.35         0.564
110          0.35         0.638
120          0.35         0.692
130          0.35         0.724
138          0.35         0.746

20           0.55         0.221
30           0.55         0.255
40           0.55         0.280
50           0.55         0.377
60           0.55         0.449
70           0.55         0.551
80           0.55         0.592
90           0.55         0.626
100          0.55         0.670
110          0.55         0.674
120          0.55         0.674
130          0.55         0.614
138          0.55         0.593

10           1.00         0.121
20           1.00         0.149
30           1.00         0.205
40           1.00         0.277
50           1.00         0.393
60           1.00         0.522
70           1.00         0.625
80           1.00         0.702
90           1.00         0.722
100          1.00         0.753
110          1.00         0.727
120          1.00         0.689
130          1.00         0.632
138          1.00         0.615

20           1.50         0.365
30           1.50         0.297
40           1.50         0.299
50           1.50         0.403
60           1.50         0.554
70           1.50         0.681
80           1.50         0.834
90           1.50         0.846
100          1.50         0.791
110          1.50         0.692
120          1.50         0.567
130          1.50         0.452
138          1.50         0.424



