# Sun et al., Elastic DCS for N2  [10^-16 cm^2 sr^-1]
#Angle(deg)   Energy(eV)   DCS

30           0.55         0.306
40           0.55         0.385
50           0.55         0.461
60           0.55         0.580
70           0.55         0.685
80           0.55         0.761
90           0.55         0.819
100          0.55         0.868
110          0.55         0.888
120          0.55         0.896
130          0.55         0.924

20           1.00         0.227
25           1.00         0.256
30           1.00         0.324
35           1.00         0.378
40           1.00         0.466
45           1.00         0.524
50           1.00         0.576
55           1.00         0.669
60           1.00         0.731
65           1.00         0.811
70           1.00         0.864
75           1.00         0.913
80           1.00         0.921
85           1.00         0.978
90           1.00         0.970
95           1.00         1.006
100          1.00         0.978
105          1.00         0.970
110          1.00         0.965
115          1.00         0.965
120          1.00         0.928
125          1.00         0.905
130          1.00         0.856

20           1.50         0.336
25           1.50         0.354
30           1.50         0.386
35           1.50         0.432
40           1.50         0.525
45           1.50         0.597
50           1.50         0.670
55           1.50         0.794
60           1.50         0.890
65           1.50         1.001
70           1.50         1.041
75           1.50         1.139
80           1.50         1.188
85           1.50         1.176
90           1.50         1.186
95           1.50         1.213
100          1.50         1.186
105          1.50         1.105
110          1.50         1.048
115          1.50         0.997
120          1.50         0.914
125          1.50         0.853
130          1.50         0.782

20           1.92         2.046
25           1.92         1.732
30           1.92         1.479
35           1.92         1.299
40           1.92         1.168
45           1.92         1.111
50           1.92         1.093
55           1.92         1.139
60           1.92         1.220
65           1.92         1.345
70           1.92         1.479
75           1.92         1.580
80           1.92         1.687
85           1.92         1.775
90           1.92         1.776
95           1.92         1.722
100          1.92         1.650
105          1.92         1.536
110          1.92         1.437
115          1.92         1.301
120          1.92         1.184
125          1.92         1.101
130          1.92         1.022

20           1.98         2.304
25           1.98         1.978
30           1.98         1.771
35           1.98         1.511
40           1.98         1.348
45           1.98         1.252
50           1.98         1.207
55           1.98         1.171
60           1.98         1.169
65           1.98         1.217
70           1.98         1.269
75           1.98         1.385
80           1.98         1.430
85           1.98         1.450
90           1.98         1.450
95           1.98         1.419
100          1.98         1.348
105          1.98         1.274
110          1.98         1.178
115          1.98         1.092
120          1.98         1.021
125          1.98         1.001
130          1.98         0.994

15           2.46         4.960
20           2.46         4.522
25           2.46         4.114
30           2.46         3.604
35           2.46         3.194
40           2.46         2.740
45           2.46         2.334
50           2.46         1.975
55           2.46         1.735
60           2.46         1.530
65           2.46         1.403
70           2.46         1.307
75           2.46         1.301
80           2.46         1.332
85           2.46         1.286
90           2.46         1.303
95           2.46         1.275
100          2.46         1.218
105          2.46         1.115
110          2.46         1.088
115          2.46         1.056
120          2.46         1.095
125          2.46         1.150
130          2.46         1.335

15           2.61         2.829
20           2.61         2.637
25           2.61         2.508
30           2.61         2.311
35           2.61         2.120
40           2.61         1.892
45           2.61         1.691
50           2.61         1.520
55           2.61         1.336
60           2.61         1.189
65           2.61         1.083
70           2.61         0.978
75           2.61         0.941
80           2.61         0.883
85           2.61         0.841
90           2.61         0.800
95           2.61         0.758
100          2.61         0.742
105          2.61         0.710
110          2.61         0.696
115          2.61         0.714
120          2.61         0.741
125          2.61         0.815
130          2.61         0.912

15           4.00         1.613
20           4.00         1.705
25           4.00         1.781
30           4.00         1.782
35           4.00         1.742
40           4.00         1.686
45           4.00         1.625
50           4.00         1.521
55           4.00         1.405
60           4.00         1.239
65           4.00         1.138
70           4.00         0.986
75           4.00         0.878
80           4.00         0.784
85           4.00         0.697
90           4.00         0.649
95           4.00         0.625
100          4.00         0.609
105          4.00         0.608
110          4.00         0.586
115          4.00         0.594
120          4.00         0.601
125          4.00         0.606
130          4.00         0.634

20           5.00         1.572
25           5.00         1.605
30           5.00         1.617
35           5.00         1.678
40           5.00         1.599
45           5.00         1.509
50           5.00         1.400
55           5.00         1.291
60           5.00         1.115
65           5.00         0.998
70           5.00         0.882
75           5.00         0.789
80           5.00         0.704
85           5.00         0.649
90           5.00         0.600
95           5.00         0.551
100          5.00         0.543
105          5.00         0.520
110          5.00         0.521
115          5.00         0.527
120          5.00         0.536
125          5.00         0.551
130          5.00         0.558

15           6.00         1.481
20           6.00         1.495
25           6.00         1.547
30           6.00         1.567
35           6.00         1.582
40           6.00         1.557
45           6.00         1.510
50           6.00         1.417
55           6.00         1.305
60           6.00         1.200
65           6.00         1.051
70           6.00         0.926
75           6.00         0.800
80           6.00         0.705
85           6.00         0.629
90           6.00         0.565
95           6.00         0.522
100          6.00         0.516
105          6.00         0.513
110          6.00         0.508
115          6.00         0.520
120          6.00         0.534
125          6.00         0.540
130          6.00         0.570

15           7.00         1.565
20           7.00         1.552
25           7.00         1.572
30           7.00         1.557
35           7.00         1.567
40           7.00         1.540
45           7.00         1.452
50           7.00         1.357
55           7.00         1.221
60           7.00         1.101
65           7.00         0.954
70           7.00         0.847
75           7.00         0.714
80           7.00         0.647
85           7.00         0.559
90           7.00         0.512
95           7.00         0.480
100          7.00         0.465
105          7.00         0.462
110          7.00         0.469
115          7.00         0.492
120          7.00         0.514
125          7.00         0.535
130          7.00         0.568

15           8.00         1.719
20           8.00         1.641
25           8.00         1.603
30           8.00         1.564
35           8.00         1.535
40           8.00         1.484
45           8.00         1.442
50           8.00         1.357
55           8.00         1.262
60           8.00         1.133
65           8.00         1.000
70           8.00         0.858
75           8.00         0.693
80           8.00         0.607
85           8.00         0.529
90           8.00         0.472
95           8.00         0.436
100          8.00         0.433
105          8.00         0.438
110          8.00         0.448
115          8.00         0.492
120          8.00         0.511
125          8.00         0.551
130          8.00         0.588

15           10.0         2.342
20           10.0         2.036
25           10.0         1.875
30           10.0         1.774
35           10.0         1.654
40           10.0         1.587
45           10.0         1.454
50           10.0         1.299
55           10.0         1.154
60           10.0         0.990
65           10.0         0.842
70           10.0         0.704
75           10.0         0.573
80           10.0         0.471
85           10.0         0.402
90           10.0         0.354
95           10.0         0.351
100          10.0         0.352
105          10.0         0.378
110          10.0         0.410
115          10.0         0.465
120          10.0         0.515
125          10.0         0.561
130          10.0         0.609

