# Srivastava et al. (1976), Elastic DCS for N2 [10^-16 cm^2 sr^-1]
#Angle   Energy   DCS

0       5.0      1.85
10      5.0      1.83
20      5.0      1.70
30      5.0      1.73
40      5.0      1.67
50      5.0      1.44
60      5.0      1.20
70      5.0      0.918
80      5.0      0.743
90      5.0      0.628
100     5.0      0.585
115     5.0      0.584
135     5.0      0.657
140     5.0      0.69
150     5.0      0.75
160     5.0      0.83
170     5.0      0.93
180     5.0      1.06

0       7.0      2.15
10      7.0      2.14
20      7.0      2.07
30      7.0      1.92
40      7.0      1.86
50      7.0      1.61
60      7.0      1.31
70      7.0      1.01
80      7.0      0.770
90      7.0      0.603
100     7.0      0.556
115     7.0      0.648
135     7.0      0.830
140     7.0      0.89
150     7.0      1.05
160     7.0      1.28
170     7.0      1.46
180     7.0      1.80

0       10.0     3.28
10      10.0     3.05
20      10.0     2.76
30      10.0     2.32
40      10.0     1.93
50      10.0     1.54
60      10.0     1.24
70      10.0     0.867
80      10.0     0.602
90      10.0     0.434
100     10.0     0.475
115     10.0     0.607
135     10.0     0.865
140     10.0     0.93
150     10.0     1.12
160     10.0     1.35
170     10.0     1.60
180     10.0     1.90

0       15.0     5.91
10      15.0     4.83
20      15.0     3.68
30      15.0     2.56
40      15.0     1.67
50      15.0     1.26
60      15.0     0.902
70      15.0     0.563
80      15.0     0.352
90      15.0     0.276
100     15.0     0.396
115     15.0     0.512
135     15.0     0.799
140     15.0     0.87
150     15.0     1.04
160     15.0     1.21
170     15.0     1.36
180     15.0     1.47

0       20.0     7.35
10      20.0     6.09
20      20.0     4.54
30      20.0     2.77
40      20.0     1.61
50      20.0     0.974
60      20.0     0.623
70      20.0     0.382
80      20.0     0.248
90      20.0     0.191
100     20.0     0.265
115     20.0     0.444
135     20.0     0.672
140     20.0     0.75
150     20.0     0.90
160     20.0     1.05
170     20.0     1.18
180     20.0     1.27

0       30.0     9.75
10      30.0     7.21
20      30.0     4.83
30      30.0     2.39
40      30.0     1.14
50      30.0     0.593
60      30.0     0.332
70      30.0     0.180
80      30.0     0.132
90      30.0     0.112
100     30.0     0.130
115     30.0     0.213
135     30.0     0.457
140     30.0     0.56
150     30.0     0.71
160     30.0     0.91
170     30.0     1.09
180     30.0     1.23

0       40.0     11.0
10      40.0     8.00
20      40.0     4.54
30      40.0     2.07
40      40.0     0.843
50      40.0     0.398
60      40.0     0.230
70      40.0     0.143
80      40.0     0.0944
90      40.0     0.0758
100     40.0     0.0791
115     40.0     0.154
135     40.0     0.412
140     40.0     0.50
150     40.0     0.75
160     40.0     1.08
170     40.0     1.42
180     40.0     1.79

0       50.0     11.4
10      50.0     8.60
20      50.0     4.14
30      50.0     1.60
40      50.0     0.632
50      50.0     0.295
60      50.0     0.177
70      50.0     0.113
80      50.0     0.0807
90      50.0     0.0597
100     50.0     0.0772
115     50.0     0.173
135     50.0     0.363
140     50.0     0.43
150     50.0     0.60
160     50.0     0.78
170     50.0     0.95
180     50.0     1.09

0       60.0     11.9
10      60.0     7.45
20      60.0     3.56
30      60.0     1.26
40      60.0     0.459
50      60.0     0.216
60      60.0     0.122
70      60.0     0.0742
80      60.0     0.0576
90      60.0     0.0563
100     60.0     0.0697
115     60.0     0.149
135     60.0     0.244
140     60.0     0.29
150     60.0     0.35
160     60.0     0.42
170     60.0     0.46
180     60.0     0.49

0       75.0     7.10
10      75.0     4.80
20      75.0     2.81
30      75.0     0.939
40      75.0     0.333
50      75.0     0.155
60      75.0     0.0952
70      75.0     0.0619
80      75.0     0.0569
90      75.0     0.0742
100     75.0     0.0685
115     75.0     0.117
135     75.0     0.219
140     75.0     0.26
150     75.0     0.32
160     75.0     0.41
170     75.0     0.49
180     75.0     0.53
