t , Ki , Mi , Ni , Vxi , Vyi , Vzi , Txi , Tyi , Tzi
0 , 114.111 , 0.038037 , 3e+21 , 3.57931 , 1.81331 , -2.23655 , 0.0258259 , 0.0249023 , 0.0253396
5e-08 , 114.111 , 0.038037 , 3e+21 , 3.57931 , 1.81331 , -2.23655 , 0.0258259 , 0.0249023 , 0.0253396
1e-07 , 114.111 , 0.038037 , 3e+21 , 3.57931 , 1.81331 , -2.23655 , 0.0258259 , 0.0249023 , 0.0253396
1.5e-07 , 114.111 , 0.038037 , 3e+21 , 3.57931 , 1.81331 , -2.23655 , 0.0258259 , 0.0249023 , 0.0253396
2e-07 , 114.111 , 0.038037 , 3e+21 , 3.57931 , 1.81331 , -2.23655 , 0.0258259 , 0.0249023 , 0.0253396
2.5e-07 , 114.111 , 0.038037 , 3e+21 , 3.57931 , 1.81331 , -2.23655 , 0.0258259 , 0.0249023 , 0.0253396
3e-07 , 114.111 , 0.038037 , 3e+21 , 3.57931 , 1.81331 , -2.23655 , 0.0258259 , 0.0249023 , 0.0253396
3.5e-07 , 114.111 , 0.038037 , 3e+21 , 3.57931 , 1.81331 , -2.23655 , 0.0258259 , 0.0249023 , 0.0253396
4e-07 , 114.111 , 0.038037 , 3e+21 , 3.57931 , 1.81331 , -2.23655 , 0.0258259 , 0.0249023 , 0.0253396
4.5e-07 , 114.111 , 0.038037 , 3e+21 , 3.57931 , 1.81331 , -2.23655 , 0.0258259 , 0.0249023 , 0.0253396
5e-07 , 114.111 , 0.038037 , 3e+21 , 3.57931 , 1.81331 , -2.23655 , 0.0258259 , 0.0249023 , 0.0253396
5.5e-07 , 114.111 , 0.038037 , 3e+21 , 3.57931 , 1.81331 , -2.23655 , 0.0258259 , 0.0249023 , 0.0253396
6e-07 , 114.111 , 0.038037 , 3e+21 , 3.57931 , 1.81331 , -2.23655 , 0.0258259 , 0.0249023 , 0.0253396
6.5e-07 , 114.111 , 0.038037 , 3e+21 , 3.57931 , 1.81331 , -2.23655 , 0.0258259 , 0.0249023 , 0.0253396
7e-07 , 114.111 , 0.038037 , 3e+21 , 3.57931 , 1.81331 , -2.23655 , 0.0258259 , 0.0249023 , 0.0253396
7.5e-07 , 114.111 , 0.038037 , 3e+21 , 3.57931 , 1.81331 , -2.23655 , 0.0258259 , 0.0249023 , 0.0253396
8e-07 , 114.111 , 0.038037 , 3e+21 , 3.57931 , 1.81331 , -2.23655 , 0.0258259 , 0.0249023 , 0.0253396
8.5e-07 , 114.111 , 0.038037 , 3e+21 , 3.57931 , 1.81331 , -2.23655 , 0.0258259 , 0.0249023 , 0.0253396
9e-07 , 114.111 , 0.038037 , 3e+21 , 3.57931 , 1.81331 , -2.23655 , 0.0258259 , 0.0249023 , 0.0253396
9.5e-07 , 114.111 , 0.038037 , 3e+21 , 3.57931 , 1.81331 , -2.23655 , 0.0258259 , 0.0249023 , 0.0253396
1e-06 , 114.111 , 0.038037 , 3e+21 , 3.57931 , 1.81331 , -2.23655 , 0.0258259 , 0.0249023 , 0.0253396
1.05e-06 , 114.111 , 0.038037 , 3e+21 , 3.57931 , 1.81331 , -2.23655 , 0.0258259 , 0.0249023 , 0.0253396
1.1e-06 , 114.111 , 0.038037 , 3e+21 , 3.57931 , 1.81331 , -2.23655 , 0.0258259 , 0.0249023 , 0.0253396
1.15e-06 , 114.111 , 0.038037 , 3e+21 , 3.57931 , 1.81331 , -2.23655 , 0.0258259 , 0.0249023 , 0.0253396
1.2e-06 , 114.111 , 0.038037 , 3e+21 , 3.57931 , 1.81331 , -2.23655 , 0.0258259 , 0.0249023 , 0.0253396
1.25e-06 , 114.111 , 0.038037 , 3e+21 , 3.57931 , 1.81331 , -2.23655 , 0.0258259 , 0.0249023 , 0.0253396
1.3e-06 , 114.111 , 0.038037 , 3e+21 , 3.57931 , 1.81331 , -2.23655 , 0.0258259 , 0.0249023 , 0.0253396
1.35e-06 , 114.111 , 0.038037 , 3e+21 , 3.57931 , 1.81331 , -2.23655 , 0.0258259 , 0.0249023 , 0.0253396
1.4e-06 , 114.111 , 0.038037 , 3e+21 , 3.57931 , 1.81331 , -2.23655 , 0.0258259 , 0.0249023 , 0.0253396
1.45e-06 , 114.111 , 0.038037 , 3e+21 , 3.57931 , 1.81331 , -2.23655 , 0.0258259 , 0.0249023 , 0.0253396
1.5e-06 , 114.111 , 0.038037 , 3e+21 , 3.57931 , 1.81331 , -2.23655 , 0.0258259 , 0.0249023 , 0.0253396
1.55e-06 , 114.111 , 0.038037 , 3e+21 , 3.57931 , 1.81331 , -2.23655 , 0.0258259 , 0.0249023 , 0.0253396
1.6e-06 , 114.111 , 0.038037 , 3e+21 , 3.57931 , 1.81331 , -2.23655 , 0.0258259 , 0.0249023 , 0.0253396
1.65e-06 , 114.111 , 0.038037 , 3e+21 , 3.57931 , 1.81331 , -2.23655 , 0.0258259 , 0.0249023 , 0.0253396
1.7e-06 , 114.111 , 0.038037 , 3e+21 , 3.57931 , 1.81331 , -2.23655 , 0.0258259 , 0.0249023 , 0.0253396
1.75e-06 , 114.111 , 0.038037 , 3e+21 , 3.57931 , 1.81331 , -2.23655 , 0.0258259 , 0.0249023 , 0.0253396
1.8e-06 , 114.111 , 0.038037 , 3e+21 , 3.57931 , 1.81331 , -2.23655 , 0.0258259 , 0.0249023 , 0.0253396
1.85e-06 , 114.111 , 0.038037 , 3e+21 , 3.57931 , 1.81331 , -2.23655 , 0.0258259 , 0.0249023 , 0.0253396
1.9e-06 , 114.111 , 0.038037 , 3e+21 , 3.57931 , 1.81331 , -2.23655 , 0.0258259 , 0.0249023 , 0.0253396
1.95e-06 , 114.111 , 0.038037 , 3e+21 , 3.57931 , 1.81331 , -2.23655 , 0.0258259 , 0.0249023 , 0.0253396
2e-06 , 114.111 , 0.038037 , 3e+21 , 3.57931 , 1.81331 , -2.23655 , 0.0258259 , 0.0249023 , 0.0253396
2.05e-06 , 114.111 , 0.038037 , 3e+21 , 3.57931 , 1.81331 , -2.23655 , 0.0258259 , 0.0249023 , 0.0253396
2.1e-06 , 114.111 , 0.038037 , 3e+21 , 3.57931 , 1.81331 , -2.23655 , 0.0258259 , 0.0249023 , 0.0253396
2.15e-06 , 114.111 , 0.038037 , 3e+21 , 3.57931 , 1.81331 , -2.23655 , 0.0258259 , 0.0249023 , 0.0253396
2.2e-06 , 114.111 , 0.038037 , 3e+21 , 3.57931 , 1.81331 , -2.23655 , 0.0258259 , 0.0249023 , 0.0253396
2.25e-06 , 114.111 , 0.038037 , 3e+21 , 3.57931 , 1.81331 , -2.23655 , 0.0258259 , 0.0249023 , 0.0253396
2.3e-06 , 114.111 , 0.038037 , 3e+21 , 3.57931 , 1.81331 , -2.23655 , 0.0258259 , 0.0249023 , 0.0253396
2.35e-06 , 114.111 , 0.038037 , 3e+21 , 3.57931 , 1.81331 , -2.23655 , 0.0258259 , 0.0249023 , 0.0253396
2.4e-06 , 114.111 , 0.038037 , 3e+21 , 3.57931 , 1.81331 , -2.23655 , 0.0258259 , 0.0249023 , 0.0253396
2.45e-06 , 114.111 , 0.038037 , 3e+21 , 3.57931 , 1.81331 , -2.23655 , 0.0258259 , 0.0249023 , 0.0253396
2.5e-06 , 114.111 , 0.038037 , 3e+21 , 3.57931 , 1.81331 , -2.23655 , 0.0258259 , 0.0249023 , 0.0253396
2.55e-06 , 114.111 , 0.038037 , 3e+21 , 3.57931 , 1.81331 , -2.23655 , 0.0258259 , 0.0249023 , 0.0253396
2.6e-06 , 114.111 , 0.038037 , 3e+21 , 3.57931 , 1.81331 , -2.23655 , 0.0258259 , 0.0249023 , 0.0253396
2.65e-06 , 114.111 , 0.038037 , 3e+21 , 3.57931 , 1.81331 , -2.23655 , 0.0258259 , 0.0249023 , 0.0253396
2.7e-06 , 114.111 , 0.038037 , 3e+21 , 3.57931 , 1.81331 , -2.23655 , 0.0258259 , 0.0249023 , 0.0253396
2.75e-06 , 114.111 , 0.038037 , 3e+21 , 3.57931 , 1.81331 , -2.23655 , 0.0258259 , 0.0249023 , 0.0253396
2.8e-06 , 114.111 , 0.038037 , 3e+21 , 3.57931 , 1.81331 , -2.23655 , 0.0258259 , 0.0249023 , 0.0253396
2.85e-06 , 114.111 , 0.038037 , 3e+21 , 3.57931 , 1.81331 , -2.23655 , 0.0258259 , 0.0249023 , 0.0253396
2.9e-06 , 114.111 , 0.038037 , 3e+21 , 3.57931 , 1.81331 , -2.23655 , 0.0258259 , 0.0249023 , 0.0253396
2.95e-06 , 114.111 , 0.038037 , 3e+21 , 3.57931 , 1.81331 , -2.23655 , 0.0258259 , 0.0249023 , 0.0253396
3e-06 , 114.111 , 0.038037 , 3e+21 , 3.57931 , 1.81331 , -2.23655 , 0.0258259 , 0.0249023 , 0.0253396
3.05e-06 , 114.111 , 0.038037 , 3e+21 , 3.57931 , 1.81331 , -2.23655 , 0.0258259 , 0.0249023 , 0.0253396
3.1e-06 , 114.111 , 0.038037 , 3e+21 , 3.57931 , 1.81331 , -2.23655 , 0.0258259 , 0.0249023 , 0.0253396
3.15e-06 , 114.111 , 0.038037 , 3e+21 , 3.57931 , 1.81331 , -2.23655 , 0.0258259 , 0.0249023 , 0.0253396
3.2e-06 , 114.111 , 0.038037 , 3e+21 , 3.57931 , 1.81331 , -2.23655 , 0.0258259 , 0.0249023 , 0.0253396
3.25e-06 , 114.111 , 0.038037 , 3e+21 , 3.57931 , 1.81331 , -2.23655 , 0.0258259 , 0.0249023 , 0.0253396
3.3e-06 , 114.111 , 0.038037 , 3e+21 , 3.57931 , 1.81331 , -2.23655 , 0.0258259 , 0.0249023 , 0.0253396
3.35e-06 , 114.111 , 0.038037 , 3e+21 , 3.57931 , 1.81331 , -2.23655 , 0.0258259 , 0.0249023 , 0.0253396
3.4e-06 , 114.111 , 0.038037 , 3e+21 , 3.57931 , 1.81331 , -2.23655 , 0.0258259 , 0.0249023 , 0.0253396
3.45e-06 , 114.111 , 0.038037 , 3e+21 , 3.57931 , 1.81331 , -2.23655 , 0.0258259 , 0.0249023 , 0.0253396
3.5e-06 , 114.111 , 0.038037 , 3e+21 , 3.57931 , 1.81331 , -2.23655 , 0.0258259 , 0.0249023 , 0.0253396
3.55e-06 , 114.111 , 0.038037 , 3e+21 , 3.57931 , 1.81331 , -2.23655 , 0.0258259 , 0.0249023 , 0.0253396
3.6e-06 , 114.111 , 0.038037 , 3e+21 , 3.57931 , 1.81331 , -2.23655 , 0.0258259 , 0.0249023 , 0.0253396
3.65e-06 , 114.111 , 0.038037 , 3e+21 , 3.57931 , 1.81331 , -2.23655 , 0.0258259 , 0.0249023 , 0.0253396
3.7e-06 , 114.111 , 0.038037 , 3e+21 , 3.57931 , 1.81331 , -2.23655 , 0.0258259 , 0.0249023 , 0.0253396
3.75e-06 , 114.111 , 0.038037 , 3e+21 , 3.57931 , 1.81331 , -2.23655 , 0.0258259 , 0.0249023 , 0.0253396
3.8e-06 , 114.111 , 0.038037 , 3e+21 , 3.57931 , 1.81331 , -2.23655 , 0.0258259 , 0.0249023 , 0.0253396
3.85e-06 , 114.111 , 0.038037 , 3e+21 , 3.57931 , 1.81331 , -2.23655 , 0.0258259 , 0.0249023 , 0.0253396
3.9e-06 , 114.111 , 0.038037 , 3e+21 , 3.57931 , 1.81331 , -2.23655 , 0.0258259 , 0.0249023 , 0.0253396
3.95e-06 , 114.111 , 0.038037 , 3e+21 , 3.57931 , 1.81331 , -2.23655 , 0.0258259 , 0.0249023 , 0.0253396
4e-06 , 114.111 , 0.038037 , 3e+21 , 3.57931 , 1.81331 , -2.23655 , 0.0258259 , 0.0249023 , 0.0253396
4.05e-06 , 114.111 , 0.038037 , 3e+21 , 3.57931 , 1.81331 , -2.23655 , 0.0258259 , 0.0249023 , 0.0253396
4.1e-06 , 114.111 , 0.038037 , 3e+21 , 3.57931 , 1.81331 , -2.23655 , 0.0258259 , 0.0249023 , 0.0253396
4.15e-06 , 114.111 , 0.038037 , 3e+21 , 3.57931 , 1.81331 , -2.23655 , 0.0258259 , 0.0249023 , 0.0253396
4.2e-06 , 114.111 , 0.038037 , 3e+21 , 3.57931 , 1.81331 , -2.23655 , 0.0258259 , 0.0249023 , 0.0253396
4.25e-06 , 114.111 , 0.038037 , 3e+21 , 3.57931 , 1.81331 , -2.23655 , 0.0258259 , 0.0249023 , 0.0253396
4.3e-06 , 114.111 , 0.038037 , 3e+21 , 3.57931 , 1.81331 , -2.23655 , 0.0258259 , 0.0249023 , 0.0253396
4.35e-06 , 114.111 , 0.038037 , 3e+21 , 3.57931 , 1.81331 , -2.23655 , 0.0258259 , 0.0249023 , 0.0253396
4.4e-06 , 114.111 , 0.038037 , 3e+21 , 3.57931 , 1.81331 , -2.23655 , 0.0258259 , 0.0249023 , 0.0253396
4.45e-06 , 114.111 , 0.038037 , 3e+21 , 3.57931 , 1.81331 , -2.23655 , 0.0258259 , 0.0249023 , 0.0253396
4.5e-06 , 114.111 , 0.038037 , 3e+21 , 3.57931 , 1.81331 , -2.23655 , 0.0258259 , 0.0249023 , 0.0253396
4.55e-06 , 114.111 , 0.038037 , 3e+21 , 3.57931 , 1.81331 , -2.23655 , 0.0258259 , 0.0249023 , 0.0253396
4.6e-06 , 114.111 , 0.038037 , 3e+21 , 3.57931 , 1.81331 , -2.23655 , 0.0258259 , 0.0249023 , 0.0253396
4.65e-06 , 114.111 , 0.038037 , 3e+21 , 3.57931 , 1.81331 , -2.23655 , 0.0258259 , 0.0249023 , 0.0253396
4.7e-06 , 114.111 , 0.038037 , 3e+21 , 3.57931 , 1.81331 , -2.23655 , 0.0258259 , 0.0249023 , 0.0253396
4.75e-06 , 114.111 , 0.038037 , 3e+21 , 3.57931 , 1.81331 , -2.23655 , 0.0258259 , 0.0249023 , 0.0253396
4.8e-06 , 114.111 , 0.038037 , 3e+21 , 3.57931 , 1.81331 , -2.23655 , 0.0258259 , 0.0249023 , 0.0253396
4.85e-06 , 114.111 , 0.038037 , 3e+21 , 3.57931 , 1.81331 , -2.23655 , 0.0258259 , 0.0249023 , 0.0253396
4.9e-06 , 114.111 , 0.038037 , 3e+21 , 3.57931 , 1.81331 , -2.23655 , 0.0258259 , 0.0249023 , 0.0253396
4.95e-06 , 114.111 , 0.038037 , 3e+21 , 3.57931 , 1.81331 , -2.23655 , 0.0258259 , 0.0249023 , 0.0253396
5e-06 , 114.111 , 0.038037 , 3e+21 , 3.57931 , 1.81331 , -2.23655 , 0.0258259 , 0.0249023 , 0.0253396
5.05e-06 , 114.111 , 0.038037 , 3e+21 , 3.57931 , 1.81331 , -2.23655 , 0.0258259 , 0.0249023 , 0.0253396
5.1e-06 , 114.111 , 0.038037 , 3e+21 , 3.57931 , 1.81331 , -2.23655 , 0.0258259 , 0.0249023 , 0.0253396
5.15e-06 , 114.111 , 0.038037 , 3e+21 , 3.57931 , 1.81331 , -2.23655 , 0.0258259 , 0.0249023 , 0.0253396
5.2e-06 , 114.111 , 0.038037 , 3e+21 , 3.57931 , 1.81331 , -2.23655 , 0.0258259 , 0.0249023 , 0.0253396
5.25e-06 , 114.111 , 0.038037 , 3e+21 , 3.57931 , 1.81331 , -2.23655 , 0.0258259 , 0.0249023 , 0.0253396
5.3e-06 , 114.111 , 0.038037 , 3e+21 , 3.57931 , 1.81331 , -2.23655 , 0.0258259 , 0.0249023 , 0.0253396
5.35e-06 , 114.111 , 0.038037 , 3e+21 , 3.57931 , 1.81331 , -2.23655 , 0.0258259 , 0.0249023 , 0.0253396
5.4e-06 , 114.111 , 0.038037 , 3e+21 , 3.57931 , 1.81331 , -2.23655 , 0.0258259 , 0.0249023 , 0.0253396
5.45e-06 , 114.111 , 0.038037 , 3e+21 , 3.57931 , 1.81331 , -2.23655 , 0.0258259 , 0.0249023 , 0.0253396
5.5e-06 , 114.111 , 0.038037 , 3e+21 , 3.57931 , 1.81331 , -2.23655 , 0.0258259 , 0.0249023 , 0.0253396
5.55e-06 , 114.111 , 0.038037 , 3e+21 , 3.57931 , 1.81331 , -2.23655 , 0.0258259 , 0.0249023 , 0.0253396
5.6e-06 , 114.111 , 0.038037 , 3e+21 , 3.57931 , 1.81331 , -2.23655 , 0.0258259 , 0.0249023 , 0.0253396
5.65e-06 , 114.111 , 0.038037 , 3e+21 , 3.57931 , 1.81331 , -2.23655 , 0.0258259 , 0.0249023 , 0.0253396
5.7e-06 , 114.111 , 0.038037 , 3e+21 , 3.57931 , 1.81331 , -2.23655 , 0.0258259 , 0.0249023 , 0.0253396
5.75e-06 , 114.111 , 0.038037 , 3e+21 , 3.57931 , 1.81331 , -2.23655 , 0.0258259 , 0.0249023 , 0.0253396
5.8e-06 , 114.111 , 0.038037 , 3e+21 , 3.57931 , 1.81331 , -2.23655 , 0.0258259 , 0.0249023 , 0.0253396
5.85e-06 , 114.111 , 0.038037 , 3e+21 , 3.57931 , 1.81331 , -2.23655 , 0.0258259 , 0.0249023 , 0.0253396
5.9e-06 , 114.111 , 0.038037 , 3e+21 , 3.57931 , 1.81331 , -2.23655 , 0.0258259 , 0.0249023 , 0.0253396
5.95e-06 , 114.111 , 0.038037 , 3e+21 , 3.57931 , 1.81331 , -2.23655 , 0.0258259 , 0.0249023 , 0.0253396
6e-06 , 114.111 , 0.038037 , 3e+21 , 3.57931 , 1.81331 , -2.23655 , 0.0258259 , 0.0249023 , 0.0253396
6.05e-06 , 114.111 , 0.038037 , 3e+21 , 3.57931 , 1.81331 , -2.23655 , 0.0258259 , 0.0249023 , 0.0253396
6.1e-06 , 114.111 , 0.038037 , 3e+21 , 3.57931 , 1.81331 , -2.23655 , 0.0258259 , 0.0249023 , 0.0253396
6.15e-06 , 114.111 , 0.038037 , 3e+21 , 3.57931 , 1.81331 , -2.23655 , 0.0258259 , 0.0249023 , 0.0253396
6.2e-06 , 114.111 , 0.038037 , 3e+21 , 3.57931 , 1.81331 , -2.23655 , 0.0258259 , 0.0249023 , 0.0253396
6.25e-06 , 114.111 , 0.038037 , 3e+21 , 3.57931 , 1.81331 , -2.23655 , 0.0258259 , 0.0249023 , 0.0253396
6.3e-06 , 114.111 , 0.038037 , 3e+21 , 3.57931 , 1.81331 , -2.23655 , 0.0258259 , 0.0249023 , 0.0253396
6.35e-06 , 114.111 , 0.038037 , 3e+21 , 3.57931 , 1.81331 , -2.23655 , 0.0258259 , 0.0249023 , 0.0253396
6.4e-06 , 114.111 , 0.038037 , 3e+21 , 3.57931 , 1.81331 , -2.23655 , 0.0258259 , 0.0249023 , 0.0253396
6.45e-06 , 114.111 , 0.038037 , 3e+21 , 3.57931 , 1.81331 , -2.23655 , 0.0258259 , 0.0249023 , 0.0253396
6.5e-06 , 114.111 , 0.038037 , 3e+21 , 3.57931 , 1.81331 , -2.23655 , 0.0258259 , 0.0249023 , 0.0253396
6.55e-06 , 114.111 , 0.038037 , 3e+21 , 3.57931 , 1.81331 , -2.23655 , 0.0258259 , 0.0249023 , 0.0253396
6.6e-06 , 114.111 , 0.038037 , 3e+21 , 3.57931 , 1.81331 , -2.23655 , 0.0258259 , 0.0249023 , 0.0253396
6.65e-06 , 114.111 , 0.038037 , 3e+21 , 3.57931 , 1.81331 , -2.23655 , 0.0258259 , 0.0249023 , 0.0253396
6.7e-06 , 114.111 , 0.038037 , 3e+21 , 3.57931 , 1.81331 , -2.23655 , 0.0258259 , 0.0249023 , 0.0253396
6.75e-06 , 114.111 , 0.038037 , 3e+21 , 3.57931 , 1.81331 , -2.23655 , 0.0258259 , 0.0249023 , 0.0253396
6.8e-06 , 114.111 , 0.038037 , 3e+21 , 3.57931 , 1.81331 , -2.23655 , 0.0258259 , 0.0249023 , 0.0253396
6.85e-06 , 114.111 , 0.038037 , 3e+21 , 3.57931 , 1.81331 , -2.23655 , 0.0258259 , 0.0249023 , 0.0253396
6.9e-06 , 114.111 , 0.038037 , 3e+21 , 3.57931 , 1.81331 , -2.23655 , 0.0258259 , 0.0249023 , 0.0253396
6.95e-06 , 114.111 , 0.038037 , 3e+21 , 3.57931 , 1.81331 , -2.23655 , 0.0258259 , 0.0249023 , 0.0253396
7e-06 , 114.111 , 0.038037 , 3e+21 , 3.57931 , 1.81331 , -2.23655 , 0.0258259 , 0.0249023 , 0.0253396
7.05e-06 , 114.111 , 0.038037 , 3e+21 , 3.57931 , 1.81331 , -2.23655 , 0.0258259 , 0.0249023 , 0.0253396
7.1e-06 , 114.111 , 0.038037 , 3e+21 , 3.57931 , 1.81331 , -2.23655 , 0.0258259 , 0.0249023 , 0.0253396
7.15e-06 , 114.111 , 0.038037 , 3e+21 , 3.57931 , 1.81331 , -2.23655 , 0.0258259 , 0.0249023 , 0.0253396
7.2e-06 , 114.111 , 0.038037 , 3e+21 , 3.57931 , 1.81331 , -2.23655 , 0.0258259 , 0.0249023 , 0.0253396
7.25e-06 , 114.111 , 0.038037 , 3e+21 , 3.57931 , 1.81331 , -2.23655 , 0.0258259 , 0.0249023 , 0.0253396
7.3e-06 , 114.111 , 0.038037 , 3e+21 , 3.57931 , 1.81331 , -2.23655 , 0.0258259 , 0.0249023 , 0.0253396
7.35e-06 , 114.111 , 0.038037 , 3e+21 , 3.57931 , 1.81331 , -2.23655 , 0.0258259 , 0.0249023 , 0.0253396
7.4e-06 , 114.111 , 0.038037 , 3e+21 , 3.57931 , 1.81331 , -2.23655 , 0.0258259 , 0.0249023 , 0.0253396
7.45e-06 , 114.111 , 0.038037 , 3e+21 , 3.57931 , 1.81331 , -2.23655 , 0.0258259 , 0.0249023 , 0.0253396
7.5e-06 , 114.111 , 0.038037 , 3e+21 , 3.57931 , 1.81331 , -2.23655 , 0.0258259 , 0.0249023 , 0.0253396
7.55e-06 , 114.111 , 0.038037 , 3e+21 , 3.57931 , 1.81331 , -2.23655 , 0.0258259 , 0.0249023 , 0.0253396
7.6e-06 , 114.111 , 0.038037 , 3e+21 , 3.57931 , 1.81331 , -2.23655 , 0.0258259 , 0.0249023 , 0.0253396
7.65e-06 , 114.111 , 0.038037 , 3e+21 , 3.57931 , 1.81331 , -2.23655 , 0.0258259 , 0.0249023 , 0.0253396
7.7e-06 , 114.111 , 0.038037 , 3e+21 , 3.57931 , 1.81331 , -2.23655 , 0.0258259 , 0.0249023 , 0.0253396
7.75e-06 , 114.111 , 0.038037 , 3e+21 , 3.57931 , 1.81331 , -2.23655 , 0.0258259 , 0.0249023 , 0.0253396
7.8e-06 , 114.111 , 0.038037 , 3e+21 , 3.57931 , 1.81331 , -2.23655 , 0.0258259 , 0.0249023 , 0.0253396
7.85e-06 , 114.111 , 0.038037 , 3e+21 , 3.57931 , 1.81331 , -2.23655 , 0.0258259 , 0.0249023 , 0.0253396
7.9e-06 , 114.111 , 0.038037 , 3e+21 , 3.57931 , 1.81331 , -2.23655 , 0.0258259 , 0.0249023 , 0.0253396
7.95e-06 , 114.111 , 0.038037 , 3e+21 , 3.57931 , 1.81331 , -2.23655 , 0.0258259 , 0.0249023 , 0.0253396
8e-06 , 114.111 , 0.038037 , 3e+21 , 3.57931 , 1.81331 , -2.23655 , 0.0258259 , 0.0249023 , 0.0253396
8.05e-06 , 114.111 , 0.038037 , 3e+21 , 3.57931 , 1.81331 , -2.23655 , 0.0258259 , 0.0249023 , 0.0253396
8.1e-06 , 114.111 , 0.038037 , 3e+21 , 3.57931 , 1.81331 , -2.23655 , 0.0258259 , 0.0249023 , 0.0253396
8.15e-06 , 114.111 , 0.038037 , 3e+21 , 3.57931 , 1.81331 , -2.23655 , 0.0258259 , 0.0249023 , 0.0253396
8.2e-06 , 114.111 , 0.038037 , 3e+21 , 3.57931 , 1.81331 , -2.23655 , 0.0258259 , 0.0249023 , 0.0253396
8.25e-06 , 114.111 , 0.038037 , 3e+21 , 3.57931 , 1.81331 , -2.23655 , 0.0258259 , 0.0249023 , 0.0253396
8.3e-06 , 114.111 , 0.038037 , 3e+21 , 3.57931 , 1.81331 , -2.23655 , 0.0258259 , 0.0249023 , 0.0253396
8.35e-06 , 114.111 , 0.038037 , 3e+21 , 3.57931 , 1.81331 , -2.23655 , 0.0258259 , 0.0249023 , 0.0253396
8.4e-06 , 114.111 , 0.038037 , 3e+21 , 3.57931 , 1.81331 , -2.23655 , 0.0258259 , 0.0249023 , 0.0253396
8.45e-06 , 114.111 , 0.038037 , 3e+21 , 3.57931 , 1.81331 , -2.23655 , 0.0258259 , 0.0249023 , 0.0253396
8.5e-06 , 114.111 , 0.038037 , 3e+21 , 3.57931 , 1.81331 , -2.23655 , 0.0258259 , 0.0249023 , 0.0253396
8.55e-06 , 114.111 , 0.038037 , 3e+21 , 3.57931 , 1.81331 , -2.23655 , 0.0258259 , 0.0249023 , 0.0253396
8.6e-06 , 114.111 , 0.038037 , 3e+21 , 3.57931 , 1.81331 , -2.23655 , 0.0258259 , 0.0249023 , 0.0253396
8.65e-06 , 114.111 , 0.038037 , 3e+21 , 3.57931 , 1.81331 , -2.23655 , 0.0258259 , 0.0249023 , 0.0253396
8.7e-06 , 114.111 , 0.038037 , 3e+21 , 3.57931 , 1.81331 , -2.23655 , 0.0258259 , 0.0249023 , 0.0253396
8.75e-06 , 114.111 , 0.038037 , 3e+21 , 3.57931 , 1.81331 , -2.23655 , 0.0258259 , 0.0249023 , 0.0253396
8.8e-06 , 114.111 , 0.038037 , 3e+21 , 3.57931 , 1.81331 , -2.23655 , 0.0258259 , 0.0249023 , 0.0253396
8.85e-06 , 114.111 , 0.038037 , 3e+21 , 3.57931 , 1.81331 , -2.23655 , 0.0258259 , 0.0249023 , 0.0253396
8.9e-06 , 114.111 , 0.038037 , 3e+21 , 3.57931 , 1.81331 , -2.23655 , 0.0258259 , 0.0249023 , 0.0253396
8.95e-06 , 114.111 , 0.038037 , 3e+21 , 3.57931 , 1.81331 , -2.23655 , 0.0258259 , 0.0249023 , 0.0253396
9e-06 , 114.111 , 0.038037 , 3e+21 , 3.57931 , 1.81331 , -2.23655 , 0.0258259 , 0.0249023 , 0.0253396
9.05e-06 , 114.111 , 0.038037 , 3e+21 , 3.57931 , 1.81331 , -2.23655 , 0.0258259 , 0.0249023 , 0.0253396
9.1e-06 , 114.111 , 0.038037 , 3e+21 , 3.57931 , 1.81331 , -2.23655 , 0.0258259 , 0.0249023 , 0.0253396
9.15e-06 , 114.111 , 0.038037 , 3e+21 , 3.57931 , 1.81331 , -2.23655 , 0.0258259 , 0.0249023 , 0.0253396
9.2e-06 , 114.111 , 0.038037 , 3e+21 , 3.57931 , 1.81331 , -2.23655 , 0.0258259 , 0.0249023 , 0.0253396
9.25e-06 , 114.111 , 0.038037 , 3e+21 , 3.57931 , 1.81331 , -2.23655 , 0.0258259 , 0.0249023 , 0.0253396
9.3e-06 , 114.111 , 0.038037 , 3e+21 , 3.57931 , 1.81331 , -2.23655 , 0.0258259 , 0.0249023 , 0.0253396
9.35e-06 , 114.111 , 0.038037 , 3e+21 , 3.57931 , 1.81331 , -2.23655 , 0.0258259 , 0.0249023 , 0.0253396
9.4e-06 , 114.111 , 0.038037 , 3e+21 , 3.57931 , 1.81331 , -2.23655 , 0.0258259 , 0.0249023 , 0.0253396
9.45e-06 , 114.111 , 0.038037 , 3e+21 , 3.57931 , 1.81331 , -2.23655 , 0.0258259 , 0.0249023 , 0.0253396
9.5e-06 , 114.111 , 0.038037 , 3e+21 , 3.57931 , 1.81331 , -2.23655 , 0.0258259 , 0.0249023 , 0.0253396
9.55e-06 , 114.111 , 0.038037 , 3e+21 , 3.57931 , 1.81331 , -2.23655 , 0.0258259 , 0.0249023 , 0.0253396
9.6e-06 , 114.111 , 0.038037 , 3e+21 , 3.57931 , 1.81331 , -2.23655 , 0.0258259 , 0.0249023 , 0.0253396
9.65e-06 , 114.111 , 0.038037 , 3e+21 , 3.57931 , 1.81331 , -2.23655 , 0.0258259 , 0.0249023 , 0.0253396
9.7e-06 , 114.111 , 0.038037 , 3e+21 , 3.57931 , 1.81331 , -2.23655 , 0.0258259 , 0.0249023 , 0.0253396
9.75e-06 , 114.111 , 0.038037 , 3e+21 , 3.57931 , 1.81331 , -2.23655 , 0.0258259 , 0.0249023 , 0.0253396
9.8e-06 , 114.111 , 0.038037 , 3e+21 , 3.57931 , 1.81331 , -2.23655 , 0.0258259 , 0.0249023 , 0.0253396
9.85e-06 , 114.111 , 0.038037 , 3e+21 , 3.57931 , 1.81331 , -2.23655 , 0.0258259 , 0.0249023 , 0.0253396
9.9e-06 , 114.111 , 0.038037 , 3e+21 , 3.57931 , 1.81331 , -2.23655 , 0.0258259 , 0.0249023 , 0.0253396
9.95e-06 , 114.111 , 0.038037 , 3e+21 , 3.57931 , 1.81331 , -2.23655 , 0.0258259 , 0.0249023 , 0.0253396
1e-05 , 114.111 , 0.038037 , 3e+21 , 3.57931 , 1.81331 , -2.23655 , 0.0258259 , 0.0249023 , 0.0253396
1.005e-05 , 114.111 , 0.038037 , 3e+21 , 3.57931 , 1.81331 , -2.23655 , 0.0258259 , 0.0249023 , 0.0253396
1.01e-05 , 114.111 , 0.038037 , 3e+21 , 3.57931 , 1.81331 , -2.23655 , 0.0258259 , 0.0249023 , 0.0253396
1.015e-05 , 114.111 , 0.038037 , 3e+21 , 3.57931 , 1.81331 , -2.23655 , 0.0258259 , 0.0249023 , 0.0253396
1.02e-05 , 114.111 , 0.038037 , 3e+21 , 3.57931 , 1.81331 , -2.23655 , 0.0258259 , 0.0249023 , 0.0253396
1.025e-05 , 114.111 , 0.038037 , 3e+21 , 3.57931 , 1.81331 , -2.23655 , 0.0258259 , 0.0249023 , 0.0253396
1.03e-05 , 114.111 , 0.038037 , 3e+21 , 3.57931 , 1.81331 , -2.23655 , 0.0258259 , 0.0249023 , 0.0253396
1.035e-05 , 114.111 , 0.038037 , 3e+21 , 3.57931 , 1.81331 , -2.23655 , 0.0258259 , 0.0249023 , 0.0253396
1.04e-05 , 114.111 , 0.038037 , 3e+21 , 3.57931 , 1.81331 , -2.23655 , 0.0258259 , 0.0249023 , 0.0253396
1.045e-05 , 114.111 , 0.038037 , 3e+21 , 3.57931 , 1.81331 , -2.23655 , 0.0258259 , 0.0249023 , 0.0253396
1.05e-05 , 114.111 , 0.038037 , 3e+21 , 3.57931 , 1.81331 , -2.23655 , 0.0258259 , 0.0249023 , 0.0253396
1.055e-05 , 114.111 , 0.038037 , 3e+21 , 3.57931 , 1.81331 , -2.23655 , 0.0258259 , 0.0249023 , 0.0253396
1.06e-05 , 114.111 , 0.038037 , 3e+21 , 3.57931 , 1.81331 , -2.23655 , 0.0258259 , 0.0249023 , 0.0253396
1.065e-05 , 114.111 , 0.038037 , 3e+21 , 3.57931 , 1.81331 , -2.23655 , 0.0258259 , 0.0249023 , 0.0253396
1.07e-05 , 114.111 , 0.038037 , 3e+21 , 3.57931 , 1.81331 , -2.23655 , 0.0258259 , 0.0249023 , 0.0253396
1.075e-05 , 114.111 , 0.038037 , 3e+21 , 3.57931 , 1.81331 , -2.23655 , 0.0258259 , 0.0249023 , 0.0253396
1.08e-05 , 114.111 , 0.038037 , 3e+21 , 3.57931 , 1.81331 , -2.23655 , 0.0258259 , 0.0249023 , 0.0253396
1.085e-05 , 114.111 , 0.038037 , 3e+21 , 3.57931 , 1.81331 , -2.23655 , 0.0258259 , 0.0249023 , 0.0253396
1.09e-05 , 114.111 , 0.038037 , 3e+21 , 3.57931 , 1.81331 , -2.23655 , 0.0258259 , 0.0249023 , 0.0253396
1.095e-05 , 114.111 , 0.038037 , 3e+21 , 3.57931 , 1.81331 , -2.23655 , 0.0258259 , 0.0249023 , 0.0253396
1.1e-05 , 114.111 , 0.038037 , 3e+21 , 3.57931 , 1.81331 , -2.23655 , 0.0258259 , 0.0249023 , 0.0253396
1.105e-05 , 114.111 , 0.038037 , 3e+21 , 3.57931 , 1.81331 , -2.23655 , 0.0258259 , 0.0249023 , 0.0253396
1.11e-05 , 114.111 , 0.038037 , 3e+21 , 3.57931 , 1.81331 , -2.23655 , 0.0258259 , 0.0249023 , 0.0253396
1.115e-05 , 114.111 , 0.038037 , 3e+21 , 3.57931 , 1.81331 , -2.23655 , 0.0258259 , 0.0249023 , 0.0253396
1.12e-05 , 114.111 , 0.038037 , 3e+21 , 3.57931 , 1.81331 , -2.23655 , 0.0258259 , 0.0249023 , 0.0253396
1.125e-05 , 114.111 , 0.038037 , 3e+21 , 3.57931 , 1.81331 , -2.23655 , 0.0258259 , 0.0249023 , 0.0253396
1.13e-05 , 114.111 , 0.038037 , 3e+21 , 3.57931 , 1.81331 , -2.23655 , 0.0258259 , 0.0249023 , 0.0253396
1.135e-05 , 114.111 , 0.038037 , 3e+21 , 3.57931 , 1.81331 , -2.23655 , 0.0258259 , 0.0249023 , 0.0253396
1.14e-05 , 114.111 , 0.038037 , 3e+21 , 3.57931 , 1.81331 , -2.23655 , 0.0258259 , 0.0249023 , 0.0253396
1.145e-05 , 114.111 , 0.038037 , 3e+21 , 3.57931 , 1.81331 , -2.23655 , 0.0258259 , 0.0249023 , 0.0253396
1.15e-05 , 114.111 , 0.038037 , 3e+21 , 3.57931 , 1.81331 , -2.23655 , 0.0258259 , 0.0249023 , 0.0253396
1.155e-05 , 114.111 , 0.038037 , 3e+21 , 3.57931 , 1.81331 , -2.23655 , 0.0258259 , 0.0249023 , 0.0253396
1.16e-05 , 114.111 , 0.038037 , 3e+21 , 3.57931 , 1.81331 , -2.23655 , 0.0258259 , 0.0249023 , 0.0253396
1.165e-05 , 114.111 , 0.038037 , 3e+21 , 3.57931 , 1.81331 , -2.23655 , 0.0258259 , 0.0249023 , 0.0253396
1.17e-05 , 114.111 , 0.038037 , 3e+21 , 3.57931 , 1.81331 , -2.23655 , 0.0258259 , 0.0249023 , 0.0253396
1.175e-05 , 114.111 , 0.038037 , 3e+21 , 3.57931 , 1.81331 , -2.23655 , 0.0258259 , 0.0249023 , 0.0253396
1.18e-05 , 114.111 , 0.038037 , 3e+21 , 3.57931 , 1.81331 , -2.23655 , 0.0258259 , 0.0249023 , 0.0253396
1.185e-05 , 114.111 , 0.038037 , 3e+21 , 3.57931 , 1.81331 , -2.23655 , 0.0258259 , 0.0249023 , 0.0253396
1.19e-05 , 114.111 , 0.038037 , 3e+21 , 3.57931 , 1.81331 , -2.23655 , 0.0258259 , 0.0249023 , 0.0253396
1.195e-05 , 114.111 , 0.038037 , 3e+21 , 3.57931 , 1.81331 , -2.23655 , 0.0258259 , 0.0249023 , 0.0253396
1.2e-05 , 114.111 , 0.038037 , 3e+21 , 3.57931 , 1.81331 , -2.23655 , 0.0258259 , 0.0249023 , 0.0253396
1.205e-05 , 114.111 , 0.038037 , 3e+21 , 3.57931 , 1.81331 , -2.23655 , 0.0258259 , 0.0249023 , 0.0253396
1.21e-05 , 114.111 , 0.038037 , 3e+21 , 3.57931 , 1.81331 , -2.23655 , 0.0258259 , 0.0249023 , 0.0253396
1.215e-05 , 114.111 , 0.038037 , 3e+21 , 3.57931 , 1.81331 , -2.23655 , 0.0258259 , 0.0249023 , 0.0253396
1.22e-05 , 114.111 , 0.038037 , 3e+21 , 3.57931 , 1.81331 , -2.23655 , 0.0258259 , 0.0249023 , 0.0253396
1.225e-05 , 114.111 , 0.038037 , 3e+21 , 3.57931 , 1.81331 , -2.23655 , 0.0258259 , 0.0249023 , 0.0253396
1.23e-05 , 114.111 , 0.038037 , 3e+21 , 3.57931 , 1.81331 , -2.23655 , 0.0258259 , 0.0249023 , 0.0253396
1.235e-05 , 114.111 , 0.038037 , 3e+21 , 3.57931 , 1.81331 , -2.23655 , 0.0258259 , 0.0249023 , 0.0253396
1.24e-05 , 114.111 , 0.038037 , 3e+21 , 3.57931 , 1.81331 , -2.23655 , 0.0258259 , 0.0249023 , 0.0253396
1.245e-05 , 114.111 , 0.038037 , 3e+21 , 3.57931 , 1.81331 , -2.23655 , 0.0258259 , 0.0249023 , 0.0253396
1.25e-05 , 114.111 , 0.038037 , 3e+21 , 3.57931 , 1.81331 , -2.23655 , 0.0258259 , 0.0249023 , 0.0253396
1.255e-05 , 114.111 , 0.038037 , 3e+21 , 3.57931 , 1.81331 , -2.23655 , 0.0258259 , 0.0249023 , 0.0253396
1.26e-05 , 114.111 , 0.038037 , 3e+21 , 3.57931 , 1.81331 , -2.23655 , 0.0258259 , 0.0249023 , 0.0253396
1.265e-05 , 114.111 , 0.038037 , 3e+21 , 3.57931 , 1.81331 , -2.23655 , 0.0258259 , 0.0249023 , 0.0253396
1.27e-05 , 114.111 , 0.038037 , 3e+21 , 3.57931 , 1.81331 , -2.23655 , 0.0258259 , 0.0249023 , 0.0253396
1.275e-05 , 114.111 , 0.038037 , 3e+21 , 3.57931 , 1.81331 , -2.23655 , 0.0258259 , 0.0249023 , 0.0253396
1.28e-05 , 114.111 , 0.038037 , 3e+21 , 3.57931 , 1.81331 , -2.23655 , 0.0258259 , 0.0249023 , 0.0253396
1.285e-05 , 114.111 , 0.038037 , 3e+21 , 3.57931 , 1.81331 , -2.23655 , 0.0258259 , 0.0249023 , 0.0253396
1.29e-05 , 114.111 , 0.038037 , 3e+21 , 3.57931 , 1.81331 , -2.23655 , 0.0258259 , 0.0249023 , 0.0253396
1.295e-05 , 114.111 , 0.038037 , 3e+21 , 3.57931 , 1.81331 , -2.23655 , 0.0258259 , 0.0249023 , 0.0253396
1.3e-05 , 114.111 , 0.038037 , 3e+21 , 3.57931 , 1.81331 , -2.23655 , 0.0258259 , 0.0249023 , 0.0253396
1.305e-05 , 114.111 , 0.038037 , 3e+21 , 3.57931 , 1.81331 , -2.23655 , 0.0258259 , 0.0249023 , 0.0253396
1.31e-05 , 114.111 , 0.038037 , 3e+21 , 3.57931 , 1.81331 , -2.23655 , 0.0258259 , 0.0249023 , 0.0253396
1.315e-05 , 114.111 , 0.038037 , 3e+21 , 3.57931 , 1.81331 , -2.23655 , 0.0258259 , 0.0249023 , 0.0253396
1.32e-05 , 114.111 , 0.038037 , 3e+21 , 3.57931 , 1.81331 , -2.23655 , 0.0258259 , 0.0249023 , 0.0253396
1.325e-05 , 114.111 , 0.038037 , 3e+21 , 3.57931 , 1.81331 , -2.23655 , 0.0258259 , 0.0249023 , 0.0253396
1.33e-05 , 114.111 , 0.038037 , 3e+21 , 3.57931 , 1.81331 , -2.23655 , 0.0258259 , 0.0249023 , 0.0253396
1.335e-05 , 114.111 , 0.038037 , 3e+21 , 3.57931 , 1.81331 , -2.23655 , 0.0258259 , 0.0249023 , 0.0253396
1.34e-05 , 114.111 , 0.038037 , 3e+21 , 3.57931 , 1.81331 , -2.23655 , 0.0258259 , 0.0249023 , 0.0253396
1.345e-05 , 114.111 , 0.038037 , 3e+21 , 3.57931 , 1.81331 , -2.23655 , 0.0258259 , 0.0249023 , 0.0253396
1.35e-05 , 114.111 , 0.038037 , 3e+21 , 3.57931 , 1.81331 , -2.23655 , 0.0258259 , 0.0249023 , 0.0253396
1.355e-05 , 114.111 , 0.038037 , 3e+21 , 3.57931 , 1.81331 , -2.23655 , 0.0258259 , 0.0249023 , 0.0253396
1.36e-05 , 114.111 , 0.038037 , 3e+21 , 3.57931 , 1.81331 , -2.23655 , 0.0258259 , 0.0249023 , 0.0253396
1.365e-05 , 114.111 , 0.038037 , 3e+21 , 3.57931 , 1.81331 , -2.23655 , 0.0258259 , 0.0249023 , 0.0253396
1.37e-05 , 114.111 , 0.038037 , 3e+21 , 3.57931 , 1.81331 , -2.23655 , 0.0258259 , 0.0249023 , 0.0253396
1.375e-05 , 114.111 , 0.038037 , 3e+21 , 3.57931 , 1.81331 , -2.23655 , 0.0258259 , 0.0249023 , 0.0253396
1.38e-05 , 114.111 , 0.038037 , 3e+21 , 3.57931 , 1.81331 , -2.23655 , 0.0258259 , 0.0249023 , 0.0253396
1.385e-05 , 114.111 , 0.038037 , 3e+21 , 3.57931 , 1.81331 , -2.23655 , 0.0258259 , 0.0249023 , 0.0253396
1.39e-05 , 114.111 , 0.038037 , 3e+21 , 3.57931 , 1.81331 , -2.23655 , 0.0258259 , 0.0249023 , 0.0253396
1.395e-05 , 114.111 , 0.038037 , 3e+21 , 3.57931 , 1.81331 , -2.23655 , 0.0258259 , 0.0249023 , 0.0253396
1.4e-05 , 114.111 , 0.038037 , 3e+21 , 3.57931 , 1.81331 , -2.23655 , 0.0258259 , 0.0249023 , 0.0253396
1.405e-05 , 114.111 , 0.038037 , 3e+21 , 3.57931 , 1.81331 , -2.23655 , 0.0258259 , 0.0249023 , 0.0253396
1.41e-05 , 114.111 , 0.038037 , 3e+21 , 3.57931 , 1.81331 , -2.23655 , 0.0258259 , 0.0249023 , 0.0253396
1.415e-05 , 114.111 , 0.038037 , 3e+21 , 3.57931 , 1.81331 , -2.23655 , 0.0258259 , 0.0249023 , 0.0253396
1.42e-05 , 114.111 , 0.038037 , 3e+21 , 3.57931 , 1.81331 , -2.23655 , 0.0258259 , 0.0249023 , 0.0253396
1.425e-05 , 114.111 , 0.038037 , 3e+21 , 3.57931 , 1.81331 , -2.23655 , 0.0258259 , 0.0249023 , 0.0253396
1.43e-05 , 114.111 , 0.038037 , 3e+21 , 3.57931 , 1.81331 , -2.23655 , 0.0258259 , 0.0249023 , 0.0253396
1.435e-05 , 114.111 , 0.038037 , 3e+21 , 3.57931 , 1.81331 , -2.23655 , 0.0258259 , 0.0249023 , 0.0253396
1.44e-05 , 114.111 , 0.038037 , 3e+21 , 3.57931 , 1.81331 , -2.23655 , 0.0258259 , 0.0249023 , 0.0253396
1.445e-05 , 114.111 , 0.038037 , 3e+21 , 3.57931 , 1.81331 , -2.23655 , 0.0258259 , 0.0249023 , 0.0253396
1.45e-05 , 114.111 , 0.038037 , 3e+21 , 3.57931 , 1.81331 , -2.23655 , 0.0258259 , 0.0249023 , 0.0253396
1.455e-05 , 114.111 , 0.038037 , 3e+21 , 3.57931 , 1.81331 , -2.23655 , 0.0258259 , 0.0249023 , 0.0253396
1.46e-05 , 114.111 , 0.038037 , 3e+21 , 3.57931 , 1.81331 , -2.23655 , 0.0258259 , 0.0249023 , 0.0253396
1.465e-05 , 114.111 , 0.038037 , 3e+21 , 3.57931 , 1.81331 , -2.23655 , 0.0258259 , 0.0249023 , 0.0253396
1.47e-05 , 114.111 , 0.038037 , 3e+21 , 3.57931 , 1.81331 , -2.23655 , 0.0258259 , 0.0249023 , 0.0253396
1.475e-05 , 114.111 , 0.038037 , 3e+21 , 3.57931 , 1.81331 , -2.23655 , 0.0258259 , 0.0249023 , 0.0253396
1.48e-05 , 114.111 , 0.038037 , 3e+21 , 3.57931 , 1.81331 , -2.23655 , 0.0258259 , 0.0249023 , 0.0253396
1.485e-05 , 114.111 , 0.038037 , 3e+21 , 3.57931 , 1.81331 , -2.23655 , 0.0258259 , 0.0249023 , 0.0253396
1.49e-05 , 114.111 , 0.038037 , 3e+21 , 3.57931 , 1.81331 , -2.23655 , 0.0258259 , 0.0249023 , 0.0253396
1.495e-05 , 114.111 , 0.038037 , 3e+21 , 3.57931 , 1.81331 , -2.23655 , 0.0258259 , 0.0249023 , 0.0253396
1.5e-05 , 114.111 , 0.038037 , 3e+21 , 3.57931 , 1.81331 , -2.23655 , 0.0258259 , 0.0249023 , 0.0253396
1.505e-05 , 114.111 , 0.038037 , 3e+21 , 3.57931 , 1.81331 , -2.23655 , 0.0258259 , 0.0249023 , 0.0253396
1.51e-05 , 114.111 , 0.038037 , 3e+21 , 3.57931 , 1.81331 , -2.23655 , 0.0258259 , 0.0249023 , 0.0253396
1.515e-05 , 114.111 , 0.038037 , 3e+21 , 3.57931 , 1.81331 , -2.23655 , 0.0258259 , 0.0249023 , 0.0253396
1.52e-05 , 114.111 , 0.038037 , 3e+21 , 3.57931 , 1.81331 , -2.23655 , 0.0258259 , 0.0249023 , 0.0253396
1.525e-05 , 114.111 , 0.038037 , 3e+21 , 3.57931 , 1.81331 , -2.23655 , 0.0258259 , 0.0249023 , 0.0253396
1.53e-05 , 114.111 , 0.038037 , 3e+21 , 3.57931 , 1.81331 , -2.23655 , 0.0258259 , 0.0249023 , 0.0253396
1.535e-05 , 114.111 , 0.038037 , 3e+21 , 3.57931 , 1.81331 , -2.23655 , 0.0258259 , 0.0249023 , 0.0253396
1.54e-05 , 114.111 , 0.038037 , 3e+21 , 3.57931 , 1.81331 , -2.23655 , 0.0258259 , 0.0249023 , 0.0253396
1.545e-05 , 114.111 , 0.038037 , 3e+21 , 3.57931 , 1.81331 , -2.23655 , 0.0258259 , 0.0249023 , 0.0253396
1.55e-05 , 114.111 , 0.038037 , 3e+21 , 3.57931 , 1.81331 , -2.23655 , 0.0258259 , 0.0249023 , 0.0253396
1.555e-05 , 114.111 , 0.038037 , 3e+21 , 3.57931 , 1.81331 , -2.23655 , 0.0258259 , 0.0249023 , 0.0253396
1.56e-05 , 114.111 , 0.038037 , 3e+21 , 3.57931 , 1.81331 , -2.23655 , 0.0258259 , 0.0249023 , 0.0253396
1.565e-05 , 114.111 , 0.038037 , 3e+21 , 3.57931 , 1.81331 , -2.23655 , 0.0258259 , 0.0249023 , 0.0253396
1.57e-05 , 114.111 , 0.038037 , 3e+21 , 3.57931 , 1.81331 , -2.23655 , 0.0258259 , 0.0249023 , 0.0253396
1.575e-05 , 114.111 , 0.038037 , 3e+21 , 3.57931 , 1.81331 , -2.23655 , 0.0258259 , 0.0249023 , 0.0253396
1.58e-05 , 114.111 , 0.038037 , 3e+21 , 3.57931 , 1.81331 , -2.23655 , 0.0258259 , 0.0249023 , 0.0253396
1.585e-05 , 114.111 , 0.038037 , 3e+21 , 3.57931 , 1.81331 , -2.23655 , 0.0258259 , 0.0249023 , 0.0253396
1.59e-05 , 114.111 , 0.038037 , 3e+21 , 3.57931 , 1.81331 , -2.23655 , 0.0258259 , 0.0249023 , 0.0253396
1.595e-05 , 114.111 , 0.038037 , 3e+21 , 3.57931 , 1.81331 , -2.23655 , 0.0258259 , 0.0249023 , 0.0253396
1.6e-05 , 114.111 , 0.038037 , 3e+21 , 3.57931 , 1.81331 , -2.23655 , 0.0258259 , 0.0249023 , 0.0253396
1.605e-05 , 114.111 , 0.038037 , 3e+21 , 3.57931 , 1.81331 , -2.23655 , 0.0258259 , 0.0249023 , 0.0253396
1.61e-05 , 114.111 , 0.038037 , 3e+21 , 3.57931 , 1.81331 , -2.23655 , 0.0258259 , 0.0249023 , 0.0253396
1.615e-05 , 114.111 , 0.038037 , 3e+21 , 3.57931 , 1.81331 , -2.23655 , 0.0258259 , 0.0249023 , 0.0253396
1.62e-05 , 114.111 , 0.038037 , 3e+21 , 3.57931 , 1.81331 , -2.23655 , 0.0258259 , 0.0249023 , 0.0253396
1.625e-05 , 114.111 , 0.038037 , 3e+21 , 3.57931 , 1.81331 , -2.23655 , 0.0258259 , 0.0249023 , 0.0253396
1.63e-05 , 114.111 , 0.038037 , 3e+21 , 3.57931 , 1.81331 , -2.23655 , 0.0258259 , 0.0249023 , 0.0253396
1.635e-05 , 114.111 , 0.038037 , 3e+21 , 3.57931 , 1.81331 , -2.23655 , 0.0258259 , 0.0249023 , 0.0253396
1.64e-05 , 114.111 , 0.038037 , 3e+21 , 3.57931 , 1.81331 , -2.23655 , 0.0258259 , 0.0249023 , 0.0253396
1.645e-05 , 114.111 , 0.038037 , 3e+21 , 3.57931 , 1.81331 , -2.23655 , 0.0258259 , 0.0249023 , 0.0253396
1.65e-05 , 114.111 , 0.038037 , 3e+21 , 3.57931 , 1.81331 , -2.23655 , 0.0258259 , 0.0249023 , 0.0253396
1.655e-05 , 114.111 , 0.038037 , 3e+21 , 3.57931 , 1.81331 , -2.23655 , 0.0258259 , 0.0249023 , 0.0253396
1.66e-05 , 114.111 , 0.038037 , 3e+21 , 3.57931 , 1.81331 , -2.23655 , 0.0258259 , 0.0249023 , 0.0253396
1.665e-05 , 114.111 , 0.038037 , 3e+21 , 3.57931 , 1.81331 , -2.23655 , 0.0258259 , 0.0249023 , 0.0253396
1.67e-05 , 114.111 , 0.038037 , 3e+21 , 3.57931 , 1.81331 , -2.23655 , 0.0258259 , 0.0249023 , 0.0253396
1.675e-05 , 114.111 , 0.038037 , 3e+21 , 3.57931 , 1.81331 , -2.23655 , 0.0258259 , 0.0249023 , 0.0253396
1.68e-05 , 114.111 , 0.038037 , 3e+21 , 3.57931 , 1.81331 , -2.23655 , 0.0258259 , 0.0249023 , 0.0253396
1.685e-05 , 114.111 , 0.038037 , 3e+21 , 3.57931 , 1.81331 , -2.23655 , 0.0258259 , 0.0249023 , 0.0253396
1.69e-05 , 114.111 , 0.038037 , 3e+21 , 3.57931 , 1.81331 , -2.23655 , 0.0258259 , 0.0249023 , 0.0253396
1.695e-05 , 114.111 , 0.038037 , 3e+21 , 3.57931 , 1.81331 , -2.23655 , 0.0258259 , 0.0249023 , 0.0253396
1.7e-05 , 114.111 , 0.038037 , 3e+21 , 3.57931 , 1.81331 , -2.23655 , 0.0258259 , 0.0249023 , 0.0253396
1.705e-05 , 114.111 , 0.038037 , 3e+21 , 3.57931 , 1.81331 , -2.23655 , 0.0258259 , 0.0249023 , 0.0253396
1.71e-05 , 114.111 , 0.038037 , 3e+21 , 3.57931 , 1.81331 , -2.23655 , 0.0258259 , 0.0249023 , 0.0253396
1.715e-05 , 114.111 , 0.038037 , 3e+21 , 3.57931 , 1.81331 , -2.23655 , 0.0258259 , 0.0249023 , 0.0253396
1.72e-05 , 114.111 , 0.038037 , 3e+21 , 3.57931 , 1.81331 , -2.23655 , 0.0258259 , 0.0249023 , 0.0253396
1.725e-05 , 114.111 , 0.038037 , 3e+21 , 3.57931 , 1.81331 , -2.23655 , 0.0258259 , 0.0249023 , 0.0253396
1.73e-05 , 114.111 , 0.038037 , 3e+21 , 3.57931 , 1.81331 , -2.23655 , 0.0258259 , 0.0249023 , 0.0253396
1.735e-05 , 114.111 , 0.038037 , 3e+21 , 3.57931 , 1.81331 , -2.23655 , 0.0258259 , 0.0249023 , 0.0253396
1.74e-05 , 114.111 , 0.038037 , 3e+21 , 3.57931 , 1.81331 , -2.23655 , 0.0258259 , 0.0249023 , 0.0253396
1.745e-05 , 114.111 , 0.038037 , 3e+21 , 3.57931 , 1.81331 , -2.23655 , 0.0258259 , 0.0249023 , 0.0253396
1.75e-05 , 114.111 , 0.038037 , 3e+21 , 3.57931 , 1.81331 , -2.23655 , 0.0258259 , 0.0249023 , 0.0253396
1.755e-05 , 114.111 , 0.038037 , 3e+21 , 3.57931 , 1.81331 , -2.23655 , 0.0258259 , 0.0249023 , 0.0253396
1.76e-05 , 114.111 , 0.038037 , 3e+21 , 3.57931 , 1.81331 , -2.23655 , 0.0258259 , 0.0249023 , 0.0253396
1.765e-05 , 114.111 , 0.038037 , 3e+21 , 3.57931 , 1.81331 , -2.23655 , 0.0258259 , 0.0249023 , 0.0253396
1.77e-05 , 114.111 , 0.038037 , 3e+21 , 3.57931 , 1.81331 , -2.23655 , 0.0258259 , 0.0249023 , 0.0253396
1.775e-05 , 114.111 , 0.038037 , 3e+21 , 3.57931 , 1.81331 , -2.23655 , 0.0258259 , 0.0249023 , 0.0253396
1.78e-05 , 114.111 , 0.038037 , 3e+21 , 3.57931 , 1.81331 , -2.23655 , 0.0258259 , 0.0249023 , 0.0253396
1.785e-05 , 114.111 , 0.038037 , 3e+21 , 3.57931 , 1.81331 , -2.23655 , 0.0258259 , 0.0249023 , 0.0253396
1.79e-05 , 114.111 , 0.038037 , 3e+21 , 3.57931 , 1.81331 , -2.23655 , 0.0258259 , 0.0249023 , 0.0253396
1.795e-05 , 114.111 , 0.038037 , 3e+21 , 3.57931 , 1.81331 , -2.23655 , 0.0258259 , 0.0249023 , 0.0253396
1.8e-05 , 114.111 , 0.038037 , 3e+21 , 3.57931 , 1.81331 , -2.23655 , 0.0258259 , 0.0249023 , 0.0253396
1.805e-05 , 114.111 , 0.038037 , 3e+21 , 3.57931 , 1.81331 , -2.23655 , 0.0258259 , 0.0249023 , 0.0253396
1.81e-05 , 114.111 , 0.038037 , 3e+21 , 3.57931 , 1.81331 , -2.23655 , 0.0258259 , 0.0249023 , 0.0253396
1.815e-05 , 114.111 , 0.038037 , 3e+21 , 3.57931 , 1.81331 , -2.23655 , 0.0258259 , 0.0249023 , 0.0253396
1.82e-05 , 114.111 , 0.038037 , 3e+21 , 3.57931 , 1.81331 , -2.23655 , 0.0258259 , 0.0249023 , 0.0253396
1.825e-05 , 114.111 , 0.038037 , 3e+21 , 3.57931 , 1.81331 , -2.23655 , 0.0258259 , 0.0249023 , 0.0253396
1.83e-05 , 114.111 , 0.038037 , 3e+21 , 3.57931 , 1.81331 , -2.23655 , 0.0258259 , 0.0249023 , 0.0253396
1.835e-05 , 114.111 , 0.038037 , 3e+21 , 3.57931 , 1.81331 , -2.23655 , 0.0258259 , 0.0249023 , 0.0253396
1.84e-05 , 114.111 , 0.038037 , 3e+21 , 3.57931 , 1.81331 , -2.23655 , 0.0258259 , 0.0249023 , 0.0253396
1.845e-05 , 114.111 , 0.038037 , 3e+21 , 3.57931 , 1.81331 , -2.23655 , 0.0258259 , 0.0249023 , 0.0253396
1.85e-05 , 114.111 , 0.038037 , 3e+21 , 3.57931 , 1.81331 , -2.23655 , 0.0258259 , 0.0249023 , 0.0253396
1.855e-05 , 114.111 , 0.038037 , 3e+21 , 3.57931 , 1.81331 , -2.23655 , 0.0258259 , 0.0249023 , 0.0253396
1.86e-05 , 114.111 , 0.038037 , 3e+21 , 3.57931 , 1.81331 , -2.23655 , 0.0258259 , 0.0249023 , 0.0253396
1.865e-05 , 114.111 , 0.038037 , 3e+21 , 3.57931 , 1.81331 , -2.23655 , 0.0258259 , 0.0249023 , 0.0253396
1.87e-05 , 114.111 , 0.038037 , 3e+21 , 3.57931 , 1.81331 , -2.23655 , 0.0258259 , 0.0249023 , 0.0253396
1.875e-05 , 114.111 , 0.038037 , 3e+21 , 3.57931 , 1.81331 , -2.23655 , 0.0258259 , 0.0249023 , 0.0253396
1.88e-05 , 114.111 , 0.038037 , 3e+21 , 3.57931 , 1.81331 , -2.23655 , 0.0258259 , 0.0249023 , 0.0253396
1.885e-05 , 114.111 , 0.038037 , 3e+21 , 3.57931 , 1.81331 , -2.23655 , 0.0258259 , 0.0249023 , 0.0253396
1.89e-05 , 114.111 , 0.038037 , 3e+21 , 3.57931 , 1.81331 , -2.23655 , 0.0258259 , 0.0249023 , 0.0253396
1.895e-05 , 114.111 , 0.038037 , 3e+21 , 3.57931 , 1.81331 , -2.23655 , 0.0258259 , 0.0249023 , 0.0253396
1.9e-05 , 114.111 , 0.038037 , 3e+21 , 3.57931 , 1.81331 , -2.23655 , 0.0258259 , 0.0249023 , 0.0253396
1.905e-05 , 114.111 , 0.038037 , 3e+21 , 3.57931 , 1.81331 , -2.23655 , 0.0258259 , 0.0249023 , 0.0253396
1.91e-05 , 114.111 , 0.038037 , 3e+21 , 3.57931 , 1.81331 , -2.23655 , 0.0258259 , 0.0249023 , 0.0253396
1.915e-05 , 114.111 , 0.038037 , 3e+21 , 3.57931 , 1.81331 , -2.23655 , 0.0258259 , 0.0249023 , 0.0253396
1.92e-05 , 114.111 , 0.038037 , 3e+21 , 3.57931 , 1.81331 , -2.23655 , 0.0258259 , 0.0249023 , 0.0253396
1.925e-05 , 114.111 , 0.038037 , 3e+21 , 3.57931 , 1.81331 , -2.23655 , 0.0258259 , 0.0249023 , 0.0253396
1.93e-05 , 114.111 , 0.038037 , 3e+21 , 3.57931 , 1.81331 , -2.23655 , 0.0258259 , 0.0249023 , 0.0253396
1.935e-05 , 114.111 , 0.038037 , 3e+21 , 3.57931 , 1.81331 , -2.23655 , 0.0258259 , 0.0249023 , 0.0253396
1.94e-05 , 114.111 , 0.038037 , 3e+21 , 3.57931 , 1.81331 , -2.23655 , 0.0258259 , 0.0249023 , 0.0253396
1.945e-05 , 114.111 , 0.038037 , 3e+21 , 3.57931 , 1.81331 , -2.23655 , 0.0258259 , 0.0249023 , 0.0253396
1.95e-05 , 114.111 , 0.038037 , 3e+21 , 3.57931 , 1.81331 , -2.23655 , 0.0258259 , 0.0249023 , 0.0253396
1.955e-05 , 114.111 , 0.038037 , 3e+21 , 3.57931 , 1.81331 , -2.23655 , 0.0258259 , 0.0249023 , 0.0253396
1.96e-05 , 114.111 , 0.038037 , 3e+21 , 3.57931 , 1.81331 , -2.23655 , 0.0258259 , 0.0249023 , 0.0253396
1.965e-05 , 114.111 , 0.038037 , 3e+21 , 3.57931 , 1.81331 , -2.23655 , 0.0258259 , 0.0249023 , 0.0253396
1.97e-05 , 114.111 , 0.038037 , 3e+21 , 3.57931 , 1.81331 , -2.23655 , 0.0258259 , 0.0249023 , 0.0253396
1.975e-05 , 114.111 , 0.038037 , 3e+21 , 3.57931 , 1.81331 , -2.23655 , 0.0258259 , 0.0249023 , 0.0253396
1.98e-05 , 114.111 , 0.038037 , 3e+21 , 3.57931 , 1.81331 , -2.23655 , 0.0258259 , 0.0249023 , 0.0253396
1.985e-05 , 114.111 , 0.038037 , 3e+21 , 3.57931 , 1.81331 , -2.23655 , 0.0258259 , 0.0249023 , 0.0253396
1.99e-05 , 114.111 , 0.038037 , 3e+21 , 3.57931 , 1.81331 , -2.23655 , 0.0258259 , 0.0249023 , 0.0253396
1.995e-05 , 114.111 , 0.038037 , 3e+21 , 3.57931 , 1.81331 , -2.23655 , 0.0258259 , 0.0249023 , 0.0253396
2e-05 , 114.111 , 0.038037 , 3e+21 , 3.57931 , 1.81331 , -2.23655 , 0.0258259 , 0.0249023 , 0.0253396
2.005e-05 , 114.111 , 0.038037 , 3e+21 , 3.57931 , 1.81331 , -2.23655 , 0.0258259 , 0.0249023 , 0.0253396
2.01e-05 , 114.111 , 0.038037 , 3e+21 , 3.57931 , 1.81331 , -2.23655 , 0.0258259 , 0.0249023 , 0.0253396
2.015e-05 , 114.111 , 0.038037 , 3e+21 , 3.57931 , 1.81331 , -2.23655 , 0.0258259 , 0.0249023 , 0.0253396
2.02e-05 , 114.111 , 0.038037 , 3e+21 , 3.57931 , 1.81331 , -2.23655 , 0.0258259 , 0.0249023 , 0.0253396
2.025e-05 , 114.111 , 0.038037 , 3e+21 , 3.57931 , 1.81331 , -2.23655 , 0.0258259 , 0.0249023 , 0.0253396
2.03e-05 , 114.111 , 0.038037 , 3e+21 , 3.57931 , 1.81331 , -2.23655 , 0.0258259 , 0.0249023 , 0.0253396
2.035e-05 , 114.111 , 0.038037 , 3e+21 , 3.57931 , 1.81331 , -2.23655 , 0.0258259 , 0.0249023 , 0.0253396
2.04e-05 , 114.111 , 0.038037 , 3e+21 , 3.57931 , 1.81331 , -2.23655 , 0.0258259 , 0.0249023 , 0.0253396
2.045e-05 , 114.111 , 0.038037 , 3e+21 , 3.57931 , 1.81331 , -2.23655 , 0.0258259 , 0.0249023 , 0.0253396
2.05e-05 , 114.111 , 0.038037 , 3e+21 , 3.57931 , 1.81331 , -2.23655 , 0.0258259 , 0.0249023 , 0.0253396
2.055e-05 , 114.111 , 0.038037 , 3e+21 , 3.57931 , 1.81331 , -2.23655 , 0.0258259 , 0.0249023 , 0.0253396
2.06e-05 , 114.111 , 0.038037 , 3e+21 , 3.57931 , 1.81331 , -2.23655 , 0.0258259 , 0.0249023 , 0.0253396
2.065e-05 , 114.111 , 0.038037 , 3e+21 , 3.57931 , 1.81331 , -2.23655 , 0.0258259 , 0.0249023 , 0.0253396
2.07e-05 , 114.111 , 0.038037 , 3e+21 , 3.57931 , 1.81331 , -2.23655 , 0.0258259 , 0.0249023 , 0.0253396
2.075e-05 , 114.111 , 0.038037 , 3e+21 , 3.57931 , 1.81331 , -2.23655 , 0.0258259 , 0.0249023 , 0.0253396
2.08e-05 , 114.111 , 0.038037 , 3e+21 , 3.57931 , 1.81331 , -2.23655 , 0.0258259 , 0.0249023 , 0.0253396
2.085e-05 , 114.111 , 0.038037 , 3e+21 , 3.57931 , 1.81331 , -2.23655 , 0.0258259 , 0.0249023 , 0.0253396
2.09e-05 , 114.111 , 0.038037 , 3e+21 , 3.57931 , 1.81331 , -2.23655 , 0.0258259 , 0.0249023 , 0.0253396
2.095e-05 , 114.111 , 0.038037 , 3e+21 , 3.57931 , 1.81331 , -2.23655 , 0.0258259 , 0.0249023 , 0.0253396
2.1e-05 , 114.111 , 0.038037 , 3e+21 , 3.57931 , 1.81331 , -2.23655 , 0.0258259 , 0.0249023 , 0.0253396
2.105e-05 , 114.111 , 0.038037 , 3e+21 , 3.57931 , 1.81331 , -2.23655 , 0.0258259 , 0.0249023 , 0.0253396
2.11e-05 , 114.111 , 0.038037 , 3e+21 , 3.57931 , 1.81331 , -2.23655 , 0.0258259 , 0.0249023 , 0.0253396
2.115e-05 , 114.111 , 0.038037 , 3e+21 , 3.57931 , 1.81331 , -2.23655 , 0.0258259 , 0.0249023 , 0.0253396
2.12e-05 , 114.111 , 0.038037 , 3e+21 , 3.57931 , 1.81331 , -2.23655 , 0.0258259 , 0.0249023 , 0.0253396
2.125e-05 , 114.111 , 0.038037 , 3e+21 , 3.57931 , 1.81331 , -2.23655 , 0.0258259 , 0.0249023 , 0.0253396
2.13e-05 , 114.111 , 0.038037 , 3e+21 , 3.57931 , 1.81331 , -2.23655 , 0.0258259 , 0.0249023 , 0.0253396
2.135e-05 , 114.111 , 0.038037 , 3e+21 , 3.57931 , 1.81331 , -2.23655 , 0.0258259 , 0.0249023 , 0.0253396
2.14e-05 , 114.111 , 0.038037 , 3e+21 , 3.57931 , 1.81331 , -2.23655 , 0.0258259 , 0.0249023 , 0.0253396
2.145e-05 , 114.111 , 0.038037 , 3e+21 , 3.57931 , 1.81331 , -2.23655 , 0.0258259 , 0.0249023 , 0.0253396
2.15e-05 , 114.111 , 0.038037 , 3e+21 , 3.57931 , 1.81331 , -2.23655 , 0.0258259 , 0.0249023 , 0.0253396
2.155e-05 , 114.111 , 0.038037 , 3e+21 , 3.57931 , 1.81331 , -2.23655 , 0.0258259 , 0.0249023 , 0.0253396
2.16e-05 , 114.111 , 0.038037 , 3e+21 , 3.57931 , 1.81331 , -2.23655 , 0.0258259 , 0.0249023 , 0.0253396
2.165e-05 , 114.111 , 0.038037 , 3e+21 , 3.57931 , 1.81331 , -2.23655 , 0.0258259 , 0.0249023 , 0.0253396
2.17e-05 , 114.111 , 0.038037 , 3e+21 , 3.57931 , 1.81331 , -2.23655 , 0.0258259 , 0.0249023 , 0.0253396
2.175e-05 , 114.111 , 0.038037 , 3e+21 , 3.57931 , 1.81331 , -2.23655 , 0.0258259 , 0.0249023 , 0.0253396
2.18e-05 , 114.111 , 0.038037 , 3e+21 , 3.57931 , 1.81331 , -2.23655 , 0.0258259 , 0.0249023 , 0.0253396
2.185e-05 , 114.111 , 0.038037 , 3e+21 , 3.57931 , 1.81331 , -2.23655 , 0.0258259 , 0.0249023 , 0.0253396
2.19e-05 , 114.111 , 0.038037 , 3e+21 , 3.57931 , 1.81331 , -2.23655 , 0.0258259 , 0.0249023 , 0.0253396
2.195e-05 , 114.111 , 0.038037 , 3e+21 , 3.57931 , 1.81331 , -2.23655 , 0.0258259 , 0.0249023 , 0.0253396
2.2e-05 , 114.111 , 0.038037 , 3e+21 , 3.57931 , 1.81331 , -2.23655 , 0.0258259 , 0.0249023 , 0.0253396
2.205e-05 , 114.111 , 0.038037 , 3e+21 , 3.57931 , 1.81331 , -2.23655 , 0.0258259 , 0.0249023 , 0.0253396
2.21e-05 , 114.111 , 0.038037 , 3e+21 , 3.57931 , 1.81331 , -2.23655 , 0.0258259 , 0.0249023 , 0.0253396
2.215e-05 , 114.111 , 0.038037 , 3e+21 , 3.57931 , 1.81331 , -2.23655 , 0.0258259 , 0.0249023 , 0.0253396
2.22e-05 , 114.111 , 0.038037 , 3e+21 , 3.57931 , 1.81331 , -2.23655 , 0.0258259 , 0.0249023 , 0.0253396
2.225e-05 , 114.111 , 0.038037 , 3e+21 , 3.57931 , 1.81331 , -2.23655 , 0.0258259 , 0.0249023 , 0.0253396
2.23e-05 , 114.111 , 0.038037 , 3e+21 , 3.57931 , 1.81331 , -2.23655 , 0.0258259 , 0.0249023 , 0.0253396
2.235e-05 , 114.111 , 0.038037 , 3e+21 , 3.57931 , 1.81331 , -2.23655 , 0.0258259 , 0.0249023 , 0.0253396
2.24e-05 , 114.111 , 0.038037 , 3e+21 , 3.57931 , 1.81331 , -2.23655 , 0.0258259 , 0.0249023 , 0.0253396
2.245e-05 , 114.111 , 0.038037 , 3e+21 , 3.57931 , 1.81331 , -2.23655 , 0.0258259 , 0.0249023 , 0.0253396
2.25e-05 , 114.111 , 0.038037 , 3e+21 , 3.57931 , 1.81331 , -2.23655 , 0.0258259 , 0.0249023 , 0.0253396
2.255e-05 , 114.111 , 0.038037 , 3e+21 , 3.57931 , 1.81331 , -2.23655 , 0.0258259 , 0.0249023 , 0.0253396
2.26e-05 , 114.111 , 0.038037 , 3e+21 , 3.57931 , 1.81331 , -2.23655 , 0.0258259 , 0.0249023 , 0.0253396
2.265e-05 , 114.111 , 0.038037 , 3e+21 , 3.57931 , 1.81331 , -2.23655 , 0.0258259 , 0.0249023 , 0.0253396
2.27e-05 , 114.111 , 0.038037 , 3e+21 , 3.57931 , 1.81331 , -2.23655 , 0.0258259 , 0.0249023 , 0.0253396
2.275e-05 , 114.111 , 0.038037 , 3e+21 , 3.57931 , 1.81331 , -2.23655 , 0.0258259 , 0.0249023 , 0.0253396
2.28e-05 , 114.111 , 0.038037 , 3e+21 , 3.57931 , 1.81331 , -2.23655 , 0.0258259 , 0.0249023 , 0.0253396
2.285e-05 , 114.111 , 0.038037 , 3e+21 , 3.57931 , 1.81331 , -2.23655 , 0.0258259 , 0.0249023 , 0.0253396
2.29e-05 , 114.111 , 0.038037 , 3e+21 , 3.57931 , 1.81331 , -2.23655 , 0.0258259 , 0.0249023 , 0.0253396
2.295e-05 , 114.111 , 0.038037 , 3e+21 , 3.57931 , 1.81331 , -2.23655 , 0.0258259 , 0.0249023 , 0.0253396
2.3e-05 , 114.111 , 0.038037 , 3e+21 , 3.57931 , 1.81331 , -2.23655 , 0.0258259 , 0.0249023 , 0.0253396
2.305e-05 , 114.111 , 0.038037 , 3e+21 , 3.57931 , 1.81331 , -2.23655 , 0.0258259 , 0.0249023 , 0.0253396
2.31e-05 , 114.111 , 0.038037 , 3e+21 , 3.57931 , 1.81331 , -2.23655 , 0.0258259 , 0.0249023 , 0.0253396
2.315e-05 , 114.111 , 0.038037 , 3e+21 , 3.57931 , 1.81331 , -2.23655 , 0.0258259 , 0.0249023 , 0.0253396
2.32e-05 , 114.111 , 0.038037 , 3e+21 , 3.57931 , 1.81331 , -2.23655 , 0.0258259 , 0.0249023 , 0.0253396
2.325e-05 , 114.111 , 0.038037 , 3e+21 , 3.57931 , 1.81331 , -2.23655 , 0.0258259 , 0.0249023 , 0.0253396
2.33e-05 , 114.111 , 0.038037 , 3e+21 , 3.57931 , 1.81331 , -2.23655 , 0.0258259 , 0.0249023 , 0.0253396
2.335e-05 , 114.111 , 0.038037 , 3e+21 , 3.57931 , 1.81331 , -2.23655 , 0.0258259 , 0.0249023 , 0.0253396
2.34e-05 , 114.111 , 0.038037 , 3e+21 , 3.57931 , 1.81331 , -2.23655 , 0.0258259 , 0.0249023 , 0.0253396
2.345e-05 , 114.111 , 0.038037 , 3e+21 , 3.57931 , 1.81331 , -2.23655 , 0.0258259 , 0.0249023 , 0.0253396
2.35e-05 , 114.111 , 0.038037 , 3e+21 , 3.57931 , 1.81331 , -2.23655 , 0.0258259 , 0.0249023 , 0.0253396
2.355e-05 , 114.111 , 0.038037 , 3e+21 , 3.57931 , 1.81331 , -2.23655 , 0.0258259 , 0.0249023 , 0.0253396
2.36e-05 , 114.111 , 0.038037 , 3e+21 , 3.57931 , 1.81331 , -2.23655 , 0.0258259 , 0.0249023 , 0.0253396
2.365e-05 , 114.111 , 0.038037 , 3e+21 , 3.57931 , 1.81331 , -2.23655 , 0.0258259 , 0.0249023 , 0.0253396
2.37e-05 , 114.111 , 0.038037 , 3e+21 , 3.57931 , 1.81331 , -2.23655 , 0.0258259 , 0.0249023 , 0.0253396
2.375e-05 , 114.111 , 0.038037 , 3e+21 , 3.57931 , 1.81331 , -2.23655 , 0.0258259 , 0.0249023 , 0.0253396
2.38e-05 , 114.111 , 0.038037 , 3e+21 , 3.57931 , 1.81331 , -2.23655 , 0.0258259 , 0.0249023 , 0.0253396
2.385e-05 , 114.111 , 0.038037 , 3e+21 , 3.57931 , 1.81331 , -2.23655 , 0.0258259 , 0.0249023 , 0.0253396
2.39e-05 , 114.111 , 0.038037 , 3e+21 , 3.57931 , 1.81331 , -2.23655 , 0.0258259 , 0.0249023 , 0.0253396
2.395e-05 , 114.111 , 0.038037 , 3e+21 , 3.57931 , 1.81331 , -2.23655 , 0.0258259 , 0.0249023 , 0.0253396
2.4e-05 , 114.111 , 0.038037 , 3e+21 , 3.57931 , 1.81331 , -2.23655 , 0.0258259 , 0.0249023 , 0.0253396
2.405e-05 , 114.111 , 0.038037 , 3e+21 , 3.57931 , 1.81331 , -2.23655 , 0.0258259 , 0.0249023 , 0.0253396
2.41e-05 , 114.111 , 0.038037 , 3e+21 , 3.57931 , 1.81331 , -2.23655 , 0.0258259 , 0.0249023 , 0.0253396
2.415e-05 , 114.111 , 0.038037 , 3e+21 , 3.57931 , 1.81331 , -2.23655 , 0.0258259 , 0.0249023 , 0.0253396
2.42e-05 , 114.111 , 0.038037 , 3e+21 , 3.57931 , 1.81331 , -2.23655 , 0.0258259 , 0.0249023 , 0.0253396
2.425e-05 , 114.111 , 0.038037 , 3e+21 , 3.57931 , 1.81331 , -2.23655 , 0.0258259 , 0.0249023 , 0.0253396
2.43e-05 , 114.111 , 0.038037 , 3e+21 , 3.57931 , 1.81331 , -2.23655 , 0.0258259 , 0.0249023 , 0.0253396
2.435e-05 , 114.111 , 0.038037 , 3e+21 , 3.57931 , 1.81331 , -2.23655 , 0.0258259 , 0.0249023 , 0.0253396
2.44e-05 , 114.111 , 0.038037 , 3e+21 , 3.57931 , 1.81331 , -2.23655 , 0.0258259 , 0.0249023 , 0.0253396
2.445e-05 , 114.111 , 0.038037 , 3e+21 , 3.57931 , 1.81331 , -2.23655 , 0.0258259 , 0.0249023 , 0.0253396
2.45e-05 , 114.111 , 0.038037 , 3e+21 , 3.57931 , 1.81331 , -2.23655 , 0.0258259 , 0.0249023 , 0.0253396
2.455e-05 , 114.111 , 0.038037 , 3e+21 , 3.57931 , 1.81331 , -2.23655 , 0.0258259 , 0.0249023 , 0.0253396
2.46e-05 , 114.111 , 0.038037 , 3e+21 , 3.57931 , 1.81331 , -2.23655 , 0.0258259 , 0.0249023 , 0.0253396
2.465e-05 , 114.111 , 0.038037 , 3e+21 , 3.57931 , 1.81331 , -2.23655 , 0.0258259 , 0.0249023 , 0.0253396
2.47e-05 , 114.111 , 0.038037 , 3e+21 , 3.57931 , 1.81331 , -2.23655 , 0.0258259 , 0.0249023 , 0.0253396
2.475e-05 , 114.111 , 0.038037 , 3e+21 , 3.57931 , 1.81331 , -2.23655 , 0.0258259 , 0.0249023 , 0.0253396
2.48e-05 , 114.111 , 0.038037 , 3e+21 , 3.57931 , 1.81331 , -2.23655 , 0.0258259 , 0.0249023 , 0.0253396
2.485e-05 , 114.111 , 0.038037 , 3e+21 , 3.57931 , 1.81331 , -2.23655 , 0.0258259 , 0.0249023 , 0.0253396
2.49e-05 , 114.111 , 0.038037 , 3e+21 , 3.57931 , 1.81331 , -2.23655 , 0.0258259 , 0.0249023 , 0.0253396
2.495e-05 , 114.111 , 0.038037 , 3e+21 , 3.57931 , 1.81331 , -2.23655 , 0.0258259 , 0.0249023 , 0.0253396
2.5e-05 , 114.111 , 0.038037 , 3e+21 , 3.57931 , 1.81331 , -2.23655 , 0.0258259 , 0.0249023 , 0.0253396
2.505e-05 , 114.111 , 0.038037 , 3e+21 , 3.57931 , 1.81331 , -2.23655 , 0.0258259 , 0.0249023 , 0.0253396
2.51e-05 , 114.111 , 0.038037 , 3e+21 , 3.57931 , 1.81331 , -2.23655 , 0.0258259 , 0.0249023 , 0.0253396
2.515e-05 , 114.111 , 0.038037 , 3e+21 , 3.57931 , 1.81331 , -2.23655 , 0.0258259 , 0.0249023 , 0.0253396
2.52e-05 , 114.111 , 0.038037 , 3e+21 , 3.57931 , 1.81331 , -2.23655 , 0.0258259 , 0.0249023 , 0.0253396
2.525e-05 , 114.111 , 0.038037 , 3e+21 , 3.57931 , 1.81331 , -2.23655 , 0.0258259 , 0.0249023 , 0.0253396
2.53e-05 , 114.111 , 0.038037 , 3e+21 , 3.57931 , 1.81331 , -2.23655 , 0.0258259 , 0.0249023 , 0.0253396
2.535e-05 , 114.111 , 0.038037 , 3e+21 , 3.57931 , 1.81331 , -2.23655 , 0.0258259 , 0.0249023 , 0.0253396
2.54e-05 , 114.111 , 0.038037 , 3e+21 , 3.57931 , 1.81331 , -2.23655 , 0.0258259 , 0.0249023 , 0.0253396
2.545e-05 , 114.111 , 0.038037 , 3e+21 , 3.57931 , 1.81331 , -2.23655 , 0.0258259 , 0.0249023 , 0.0253396
2.55e-05 , 114.111 , 0.038037 , 3e+21 , 3.57931 , 1.81331 , -2.23655 , 0.0258259 , 0.0249023 , 0.0253396
2.555e-05 , 114.111 , 0.038037 , 3e+21 , 3.57931 , 1.81331 , -2.23655 , 0.0258259 , 0.0249023 , 0.0253396
2.56e-05 , 114.111 , 0.038037 , 3e+21 , 3.57931 , 1.81331 , -2.23655 , 0.0258259 , 0.0249023 , 0.0253396
2.565e-05 , 114.111 , 0.038037 , 3e+21 , 3.57931 , 1.81331 , -2.23655 , 0.0258259 , 0.0249023 , 0.0253396
2.57e-05 , 114.111 , 0.038037 , 3e+21 , 3.57931 , 1.81331 , -2.23655 , 0.0258259 , 0.0249023 , 0.0253396
2.575e-05 , 114.111 , 0.038037 , 3e+21 , 3.57931 , 1.81331 , -2.23655 , 0.0258259 , 0.0249023 , 0.0253396
2.58e-05 , 114.111 , 0.038037 , 3e+21 , 3.57931 , 1.81331 , -2.23655 , 0.0258259 , 0.0249023 , 0.0253396
2.585e-05 , 114.111 , 0.038037 , 3e+21 , 3.57931 , 1.81331 , -2.23655 , 0.0258259 , 0.0249023 , 0.0253396
2.59e-05 , 114.111 , 0.038037 , 3e+21 , 3.57931 , 1.81331 , -2.23655 , 0.0258259 , 0.0249023 , 0.0253396
2.595e-05 , 114.111 , 0.038037 , 3e+21 , 3.57931 , 1.81331 , -2.23655 , 0.0258259 , 0.0249023 , 0.0253396
2.6e-05 , 114.111 , 0.038037 , 3e+21 , 3.57931 , 1.81331 , -2.23655 , 0.0258259 , 0.0249023 , 0.0253396
2.605e-05 , 114.111 , 0.038037 , 3e+21 , 3.57931 , 1.81331 , -2.23655 , 0.0258259 , 0.0249023 , 0.0253396
2.61e-05 , 114.111 , 0.038037 , 3e+21 , 3.57931 , 1.81331 , -2.23655 , 0.0258259 , 0.0249023 , 0.0253396
2.615e-05 , 114.111 , 0.038037 , 3e+21 , 3.57931 , 1.81331 , -2.23655 , 0.0258259 , 0.0249023 , 0.0253396
2.62e-05 , 114.111 , 0.038037 , 3e+21 , 3.57931 , 1.81331 , -2.23655 , 0.0258259 , 0.0249023 , 0.0253396
2.625e-05 , 114.111 , 0.038037 , 3e+21 , 3.57931 , 1.81331 , -2.23655 , 0.0258259 , 0.0249023 , 0.0253396
2.63e-05 , 114.111 , 0.038037 , 3e+21 , 3.57931 , 1.81331 , -2.23655 , 0.0258259 , 0.0249023 , 0.0253396
2.635e-05 , 114.111 , 0.038037 , 3e+21 , 3.57931 , 1.81331 , -2.23655 , 0.0258259 , 0.0249023 , 0.0253396
2.64e-05 , 114.111 , 0.038037 , 3e+21 , 3.57931 , 1.81331 , -2.23655 , 0.0258259 , 0.0249023 , 0.0253396
2.645e-05 , 114.111 , 0.038037 , 3e+21 , 3.57931 , 1.81331 , -2.23655 , 0.0258259 , 0.0249023 , 0.0253396
2.65e-05 , 114.111 , 0.038037 , 3e+21 , 3.57931 , 1.81331 , -2.23655 , 0.0258259 , 0.0249023 , 0.0253396
2.655e-05 , 114.111 , 0.038037 , 3e+21 , 3.57931 , 1.81331 , -2.23655 , 0.0258259 , 0.0249023 , 0.0253396
2.66e-05 , 114.111 , 0.038037 , 3e+21 , 3.57931 , 1.81331 , -2.23655 , 0.0258259 , 0.0249023 , 0.0253396
2.665e-05 , 114.111 , 0.038037 , 3e+21 , 3.57931 , 1.81331 , -2.23655 , 0.0258259 , 0.0249023 , 0.0253396
2.67e-05 , 114.111 , 0.038037 , 3e+21 , 3.57931 , 1.81331 , -2.23655 , 0.0258259 , 0.0249023 , 0.0253396
2.675e-05 , 114.111 , 0.038037 , 3e+21 , 3.57931 , 1.81331 , -2.23655 , 0.0258259 , 0.0249023 , 0.0253396
2.68e-05 , 114.111 , 0.038037 , 3e+21 , 3.57931 , 1.81331 , -2.23655 , 0.0258259 , 0.0249023 , 0.0253396
2.685e-05 , 114.111 , 0.038037 , 3e+21 , 3.57931 , 1.81331 , -2.23655 , 0.0258259 , 0.0249023 , 0.0253396
2.69e-05 , 114.111 , 0.038037 , 3e+21 , 3.57931 , 1.81331 , -2.23655 , 0.0258259 , 0.0249023 , 0.0253396
2.695e-05 , 114.111 , 0.038037 , 3e+21 , 3.57931 , 1.81331 , -2.23655 , 0.0258259 , 0.0249023 , 0.0253396
2.7e-05 , 114.111 , 0.038037 , 3e+21 , 3.57931 , 1.81331 , -2.23655 , 0.0258259 , 0.0249023 , 0.0253396
2.705e-05 , 114.111 , 0.038037 , 3e+21 , 3.57931 , 1.81331 , -2.23655 , 0.0258259 , 0.0249023 , 0.0253396
2.71e-05 , 114.111 , 0.038037 , 3e+21 , 3.57931 , 1.81331 , -2.23655 , 0.0258259 , 0.0249023 , 0.0253396
2.715e-05 , 114.111 , 0.038037 , 3e+21 , 3.57931 , 1.81331 , -2.23655 , 0.0258259 , 0.0249023 , 0.0253396
2.72e-05 , 114.111 , 0.038037 , 3e+21 , 3.57931 , 1.81331 , -2.23655 , 0.0258259 , 0.0249023 , 0.0253396
2.725e-05 , 114.111 , 0.038037 , 3e+21 , 3.57931 , 1.81331 , -2.23655 , 0.0258259 , 0.0249023 , 0.0253396
2.73e-05 , 114.111 , 0.038037 , 3e+21 , 3.57931 , 1.81331 , -2.23655 , 0.0258259 , 0.0249023 , 0.0253396
2.735e-05 , 114.111 , 0.038037 , 3e+21 , 3.57931 , 1.81331 , -2.23655 , 0.0258259 , 0.0249023 , 0.0253396
2.74e-05 , 114.111 , 0.038037 , 3e+21 , 3.57931 , 1.81331 , -2.23655 , 0.0258259 , 0.0249023 , 0.0253396
2.745e-05 , 114.111 , 0.038037 , 3e+21 , 3.57931 , 1.81331 , -2.23655 , 0.0258259 , 0.0249023 , 0.0253396
2.75e-05 , 114.111 , 0.038037 , 3e+21 , 3.57931 , 1.81331 , -2.23655 , 0.0258259 , 0.0249023 , 0.0253396
2.755e-05 , 114.111 , 0.038037 , 3e+21 , 3.57931 , 1.81331 , -2.23655 , 0.0258259 , 0.0249023 , 0.0253396
2.76e-05 , 114.111 , 0.038037 , 3e+21 , 3.57931 , 1.81331 , -2.23655 , 0.0258259 , 0.0249023 , 0.0253396
2.765e-05 , 114.111 , 0.038037 , 3e+21 , 3.57931 , 1.81331 , -2.23655 , 0.0258259 , 0.0249023 , 0.0253396
2.77e-05 , 114.111 , 0.038037 , 3e+21 , 3.57931 , 1.81331 , -2.23655 , 0.0258259 , 0.0249023 , 0.0253396
2.775e-05 , 114.111 , 0.038037 , 3e+21 , 3.57931 , 1.81331 , -2.23655 , 0.0258259 , 0.0249023 , 0.0253396
2.78e-05 , 114.111 , 0.038037 , 3e+21 , 3.57931 , 1.81331 , -2.23655 , 0.0258259 , 0.0249023 , 0.0253396
2.785e-05 , 114.111 , 0.038037 , 3e+21 , 3.57931 , 1.81331 , -2.23655 , 0.0258259 , 0.0249023 , 0.0253396
2.79e-05 , 114.111 , 0.038037 , 3e+21 , 3.57931 , 1.81331 , -2.23655 , 0.0258259 , 0.0249023 , 0.0253396
2.795e-05 , 114.111 , 0.038037 , 3e+21 , 3.57931 , 1.81331 , -2.23655 , 0.0258259 , 0.0249023 , 0.0253396
2.8e-05 , 114.111 , 0.038037 , 3e+21 , 3.57931 , 1.81331 , -2.23655 , 0.0258259 , 0.0249023 , 0.0253396
2.805e-05 , 114.111 , 0.038037 , 3e+21 , 3.57931 , 1.81331 , -2.23655 , 0.0258259 , 0.0249023 , 0.0253396
2.81e-05 , 114.111 , 0.038037 , 3e+21 , 3.57931 , 1.81331 , -2.23655 , 0.0258259 , 0.0249023 , 0.0253396
2.815e-05 , 114.111 , 0.038037 , 3e+21 , 3.57931 , 1.81331 , -2.23655 , 0.0258259 , 0.0249023 , 0.0253396
2.82e-05 , 114.111 , 0.038037 , 3e+21 , 3.57931 , 1.81331 , -2.23655 , 0.0258259 , 0.0249023 , 0.0253396
2.825e-05 , 114.111 , 0.038037 , 3e+21 , 3.57931 , 1.81331 , -2.23655 , 0.0258259 , 0.0249023 , 0.0253396
2.83e-05 , 114.111 , 0.038037 , 3e+21 , 3.57931 , 1.81331 , -2.23655 , 0.0258259 , 0.0249023 , 0.0253396
2.835e-05 , 114.111 , 0.038037 , 3e+21 , 3.57931 , 1.81331 , -2.23655 , 0.0258259 , 0.0249023 , 0.0253396
2.84e-05 , 114.111 , 0.038037 , 3e+21 , 3.57931 , 1.81331 , -2.23655 , 0.0258259 , 0.0249023 , 0.0253396
2.845e-05 , 114.111 , 0.038037 , 3e+21 , 3.57931 , 1.81331 , -2.23655 , 0.0258259 , 0.0249023 , 0.0253396
2.85e-05 , 114.111 , 0.038037 , 3e+21 , 3.57931 , 1.81331 , -2.23655 , 0.0258259 , 0.0249023 , 0.0253396
2.855e-05 , 114.111 , 0.038037 , 3e+21 , 3.57931 , 1.81331 , -2.23655 , 0.0258259 , 0.0249023 , 0.0253396
2.86e-05 , 114.111 , 0.038037 , 3e+21 , 3.57931 , 1.81331 , -2.23655 , 0.0258259 , 0.0249023 , 0.0253396
2.865e-05 , 114.111 , 0.038037 , 3e+21 , 3.57931 , 1.81331 , -2.23655 , 0.0258259 , 0.0249023 , 0.0253396
2.87e-05 , 114.111 , 0.038037 , 3e+21 , 3.57931 , 1.81331 , -2.23655 , 0.0258259 , 0.0249023 , 0.0253396
2.875e-05 , 114.111 , 0.038037 , 3e+21 , 3.57931 , 1.81331 , -2.23655 , 0.0258259 , 0.0249023 , 0.0253396
2.88e-05 , 114.111 , 0.038037 , 3e+21 , 3.57931 , 1.81331 , -2.23655 , 0.0258259 , 0.0249023 , 0.0253396
2.885e-05 , 114.111 , 0.038037 , 3e+21 , 3.57931 , 1.81331 , -2.23655 , 0.0258259 , 0.0249023 , 0.0253396
2.89e-05 , 114.111 , 0.038037 , 3e+21 , 3.57931 , 1.81331 , -2.23655 , 0.0258259 , 0.0249023 , 0.0253396
2.895e-05 , 114.111 , 0.038037 , 3e+21 , 3.57931 , 1.81331 , -2.23655 , 0.0258259 , 0.0249023 , 0.0253396
2.9e-05 , 114.111 , 0.038037 , 3e+21 , 3.57931 , 1.81331 , -2.23655 , 0.0258259 , 0.0249023 , 0.0253396
2.905e-05 , 114.111 , 0.038037 , 3e+21 , 3.57931 , 1.81331 , -2.23655 , 0.0258259 , 0.0249023 , 0.0253396
2.91e-05 , 114.111 , 0.038037 , 3e+21 , 3.57931 , 1.81331 , -2.23655 , 0.0258259 , 0.0249023 , 0.0253396
2.915e-05 , 114.111 , 0.038037 , 3e+21 , 3.57931 , 1.81331 , -2.23655 , 0.0258259 , 0.0249023 , 0.0253396
2.92e-05 , 114.111 , 0.038037 , 3e+21 , 3.57931 , 1.81331 , -2.23655 , 0.0258259 , 0.0249023 , 0.0253396
2.925e-05 , 114.111 , 0.038037 , 3e+21 , 3.57931 , 1.81331 , -2.23655 , 0.0258259 , 0.0249023 , 0.0253396
2.93e-05 , 114.111 , 0.038037 , 3e+21 , 3.57931 , 1.81331 , -2.23655 , 0.0258259 , 0.0249023 , 0.0253396
2.935e-05 , 114.111 , 0.038037 , 3e+21 , 3.57931 , 1.81331 , -2.23655 , 0.0258259 , 0.0249023 , 0.0253396
2.94e-05 , 114.111 , 0.038037 , 3e+21 , 3.57931 , 1.81331 , -2.23655 , 0.0258259 , 0.0249023 , 0.0253396
2.945e-05 , 114.111 , 0.038037 , 3e+21 , 3.57931 , 1.81331 , -2.23655 , 0.0258259 , 0.0249023 , 0.0253396
2.95e-05 , 114.111 , 0.038037 , 3e+21 , 3.57931 , 1.81331 , -2.23655 , 0.0258259 , 0.0249023 , 0.0253396
2.955e-05 , 114.111 , 0.038037 , 3e+21 , 3.57931 , 1.81331 , -2.23655 , 0.0258259 , 0.0249023 , 0.0253396
2.96e-05 , 114.111 , 0.038037 , 3e+21 , 3.57931 , 1.81331 , -2.23655 , 0.0258259 , 0.0249023 , 0.0253396
2.965e-05 , 114.111 , 0.038037 , 3e+21 , 3.57931 , 1.81331 , -2.23655 , 0.0258259 , 0.0249023 , 0.0253396
2.97e-05 , 114.111 , 0.038037 , 3e+21 , 3.57931 , 1.81331 , -2.23655 , 0.0258259 , 0.0249023 , 0.0253396
2.975e-05 , 114.111 , 0.038037 , 3e+21 , 3.57931 , 1.81331 , -2.23655 , 0.0258259 , 0.0249023 , 0.0253396
2.98e-05 , 114.111 , 0.038037 , 3e+21 , 3.57931 , 1.81331 , -2.23655 , 0.0258259 , 0.0249023 , 0.0253396
2.985e-05 , 114.111 , 0.038037 , 3e+21 , 3.57931 , 1.81331 , -2.23655 , 0.0258259 , 0.0249023 , 0.0253396
2.99e-05 , 114.111 , 0.038037 , 3e+21 , 3.57931 , 1.81331 , -2.23655 , 0.0258259 , 0.0249023 , 0.0253396
2.995e-05 , 114.111 , 0.038037 , 3e+21 , 3.57931 , 1.81331 , -2.23655 , 0.0258259 , 0.0249023 , 0.0253396
3e-05 , 114.111 , 0.038037 , 3e+21 , 3.57931 , 1.81331 , -2.23655 , 0.0258259 , 0.0249023 , 0.0253396
3.005e-05 , 114.111 , 0.038037 , 3e+21 , 3.57931 , 1.81331 , -2.23655 , 0.0258259 , 0.0249023 , 0.0253396
3.01e-05 , 114.111 , 0.038037 , 3e+21 , 3.57931 , 1.81331 , -2.23655 , 0.0258259 , 0.0249023 , 0.0253396
3.015e-05 , 114.111 , 0.038037 , 3e+21 , 3.57931 , 1.81331 , -2.23655 , 0.0258259 , 0.0249023 , 0.0253396
3.02e-05 , 114.111 , 0.038037 , 3e+21 , 3.57931 , 1.81331 , -2.23655 , 0.0258259 , 0.0249023 , 0.0253396
3.025e-05 , 114.111 , 0.038037 , 3e+21 , 3.57931 , 1.81331 , -2.23655 , 0.0258259 , 0.0249023 , 0.0253396
3.03e-05 , 114.111 , 0.038037 , 3e+21 , 3.57931 , 1.81331 , -2.23655 , 0.0258259 , 0.0249023 , 0.0253396
3.035e-05 , 114.111 , 0.038037 , 3e+21 , 3.57931 , 1.81331 , -2.23655 , 0.0258259 , 0.0249023 , 0.0253396
3.04e-05 , 114.111 , 0.038037 , 3e+21 , 3.57931 , 1.81331 , -2.23655 , 0.0258259 , 0.0249023 , 0.0253396
3.045e-05 , 114.111 , 0.038037 , 3e+21 , 3.57931 , 1.81331 , -2.23655 , 0.0258259 , 0.0249023 , 0.0253396
3.05e-05 , 114.111 , 0.038037 , 3e+21 , 3.57931 , 1.81331 , -2.23655 , 0.0258259 , 0.0249023 , 0.0253396
3.055e-05 , 114.111 , 0.038037 , 3e+21 , 3.57931 , 1.81331 , -2.23655 , 0.0258259 , 0.0249023 , 0.0253396
3.06e-05 , 114.111 , 0.038037 , 3e+21 , 3.57931 , 1.81331 , -2.23655 , 0.0258259 , 0.0249023 , 0.0253396
3.065e-05 , 114.111 , 0.038037 , 3e+21 , 3.57931 , 1.81331 , -2.23655 , 0.0258259 , 0.0249023 , 0.0253396
3.07e-05 , 114.111 , 0.038037 , 3e+21 , 3.57931 , 1.81331 , -2.23655 , 0.0258259 , 0.0249023 , 0.0253396
3.075e-05 , 114.111 , 0.038037 , 3e+21 , 3.57931 , 1.81331 , -2.23655 , 0.0258259 , 0.0249023 , 0.0253396
3.08e-05 , 114.111 , 0.038037 , 3e+21 , 3.57931 , 1.81331 , -2.23655 , 0.0258259 , 0.0249023 , 0.0253396
3.085e-05 , 114.111 , 0.038037 , 3e+21 , 3.57931 , 1.81331 , -2.23655 , 0.0258259 , 0.0249023 , 0.0253396
3.09e-05 , 114.111 , 0.038037 , 3e+21 , 3.57931 , 1.81331 , -2.23655 , 0.0258259 , 0.0249023 , 0.0253396
3.095e-05 , 114.111 , 0.038037 , 3e+21 , 3.57931 , 1.81331 , -2.23655 , 0.0258259 , 0.0249023 , 0.0253396
3.1e-05 , 114.111 , 0.038037 , 3e+21 , 3.57931 , 1.81331 , -2.23655 , 0.0258259 , 0.0249023 , 0.0253396
3.105e-05 , 114.111 , 0.038037 , 3e+21 , 3.57931 , 1.81331 , -2.23655 , 0.0258259 , 0.0249023 , 0.0253396
3.11e-05 , 114.111 , 0.038037 , 3e+21 , 3.57931 , 1.81331 , -2.23655 , 0.0258259 , 0.0249023 , 0.0253396
3.115e-05 , 114.111 , 0.038037 , 3e+21 , 3.57931 , 1.81331 , -2.23655 , 0.0258259 , 0.0249023 , 0.0253396
3.12e-05 , 114.111 , 0.038037 , 3e+21 , 3.57931 , 1.81331 , -2.23655 , 0.0258259 , 0.0249023 , 0.0253396
3.125e-05 , 114.111 , 0.038037 , 3e+21 , 3.57931 , 1.81331 , -2.23655 , 0.0258259 , 0.0249023 , 0.0253396
3.13e-05 , 114.111 , 0.038037 , 3e+21 , 3.57931 , 1.81331 , -2.23655 , 0.0258259 , 0.0249023 , 0.0253396
3.135e-05 , 114.111 , 0.038037 , 3e+21 , 3.57931 , 1.81331 , -2.23655 , 0.0258259 , 0.0249023 , 0.0253396
3.14e-05 , 114.111 , 0.038037 , 3e+21 , 3.57931 , 1.81331 , -2.23655 , 0.0258259 , 0.0249023 , 0.0253396
3.145e-05 , 114.111 , 0.038037 , 3e+21 , 3.57931 , 1.81331 , -2.23655 , 0.0258259 , 0.0249023 , 0.0253396
3.15e-05 , 114.111 , 0.038037 , 3e+21 , 3.57931 , 1.81331 , -2.23655 , 0.0258259 , 0.0249023 , 0.0253396
3.155e-05 , 114.111 , 0.038037 , 3e+21 , 3.57931 , 1.81331 , -2.23655 , 0.0258259 , 0.0249023 , 0.0253396
3.16e-05 , 114.111 , 0.038037 , 3e+21 , 3.57931 , 1.81331 , -2.23655 , 0.0258259 , 0.0249023 , 0.0253396
3.165e-05 , 114.111 , 0.038037 , 3e+21 , 3.57931 , 1.81331 , -2.23655 , 0.0258259 , 0.0249023 , 0.0253396
3.17e-05 , 114.111 , 0.038037 , 3e+21 , 3.57931 , 1.81331 , -2.23655 , 0.0258259 , 0.0249023 , 0.0253396
3.175e-05 , 114.111 , 0.038037 , 3e+21 , 3.57931 , 1.81331 , -2.23655 , 0.0258259 , 0.0249023 , 0.0253396
3.18e-05 , 114.111 , 0.038037 , 3e+21 , 3.57931 , 1.81331 , -2.23655 , 0.0258259 , 0.0249023 , 0.0253396
3.185e-05 , 114.111 , 0.038037 , 3e+21 , 3.57931 , 1.81331 , -2.23655 , 0.0258259 , 0.0249023 , 0.0253396
3.19e-05 , 114.111 , 0.038037 , 3e+21 , 3.57931 , 1.81331 , -2.23655 , 0.0258259 , 0.0249023 , 0.0253396
3.195e-05 , 114.111 , 0.038037 , 3e+21 , 3.57931 , 1.81331 , -2.23655 , 0.0258259 , 0.0249023 , 0.0253396
3.2e-05 , 114.111 , 0.038037 , 3e+21 , 3.57931 , 1.81331 , -2.23655 , 0.0258259 , 0.0249023 , 0.0253396
3.205e-05 , 114.111 , 0.038037 , 3e+21 , 3.57931 , 1.81331 , -2.23655 , 0.0258259 , 0.0249023 , 0.0253396
3.21e-05 , 114.111 , 0.038037 , 3e+21 , 3.57931 , 1.81331 , -2.23655 , 0.0258259 , 0.0249023 , 0.0253396
3.215e-05 , 114.111 , 0.038037 , 3e+21 , 3.57931 , 1.81331 , -2.23655 , 0.0258259 , 0.0249023 , 0.0253396
3.22e-05 , 114.111 , 0.038037 , 3e+21 , 3.57931 , 1.81331 , -2.23655 , 0.0258259 , 0.0249023 , 0.0253396
3.225e-05 , 114.111 , 0.038037 , 3e+21 , 3.57931 , 1.81331 , -2.23655 , 0.0258259 , 0.0249023 , 0.0253396
3.23e-05 , 114.111 , 0.038037 , 3e+21 , 3.57931 , 1.81331 , -2.23655 , 0.0258259 , 0.0249023 , 0.0253396
3.235e-05 , 114.111 , 0.038037 , 3e+21 , 3.57931 , 1.81331 , -2.23655 , 0.0258259 , 0.0249023 , 0.0253396
3.24e-05 , 114.111 , 0.038037 , 3e+21 , 3.57931 , 1.81331 , -2.23655 , 0.0258259 , 0.0249023 , 0.0253396
3.245e-05 , 114.111 , 0.038037 , 3e+21 , 3.57931 , 1.81331 , -2.23655 , 0.0258259 , 0.0249023 , 0.0253396
3.25e-05 , 114.111 , 0.038037 , 3e+21 , 3.57931 , 1.81331 , -2.23655 , 0.0258259 , 0.0249023 , 0.0253396
3.255e-05 , 114.111 , 0.038037 , 3e+21 , 3.57931 , 1.81331 , -2.23655 , 0.0258259 , 0.0249023 , 0.0253396
3.26e-05 , 114.111 , 0.038037 , 3e+21 , 3.57931 , 1.81331 , -2.23655 , 0.0258259 , 0.0249023 , 0.0253396
3.265e-05 , 114.111 , 0.038037 , 3e+21 , 3.57931 , 1.81331 , -2.23655 , 0.0258259 , 0.0249023 , 0.0253396
3.27e-05 , 114.111 , 0.038037 , 3e+21 , 3.57931 , 1.81331 , -2.23655 , 0.0258259 , 0.0249023 , 0.0253396
3.275e-05 , 114.111 , 0.038037 , 3e+21 , 3.57931 , 1.81331 , -2.23655 , 0.0258259 , 0.0249023 , 0.0253396
3.28e-05 , 114.111 , 0.038037 , 3e+21 , 3.57931 , 1.81331 , -2.23655 , 0.0258259 , 0.0249023 , 0.0253396
3.285e-05 , 114.111 , 0.038037 , 3e+21 , 3.57931 , 1.81331 , -2.23655 , 0.0258259 , 0.0249023 , 0.0253396
3.29e-05 , 114.111 , 0.038037 , 3e+21 , 3.57931 , 1.81331 , -2.23655 , 0.0258259 , 0.0249023 , 0.0253396
3.295e-05 , 114.111 , 0.038037 , 3e+21 , 3.57931 , 1.81331 , -2.23655 , 0.0258259 , 0.0249023 , 0.0253396
3.3e-05 , 114.111 , 0.038037 , 3e+21 , 3.57931 , 1.81331 , -2.23655 , 0.0258259 , 0.0249023 , 0.0253396
3.305e-05 , 114.111 , 0.038037 , 3e+21 , 3.57931 , 1.81331 , -2.23655 , 0.0258259 , 0.0249023 , 0.0253396
3.31e-05 , 114.111 , 0.038037 , 3e+21 , 3.57931 , 1.81331 , -2.23655 , 0.0258259 , 0.0249023 , 0.0253396
3.315e-05 , 114.111 , 0.038037 , 3e+21 , 3.57931 , 1.81331 , -2.23655 , 0.0258259 , 0.0249023 , 0.0253396
3.32e-05 , 114.111 , 0.038037 , 3e+21 , 3.57931 , 1.81331 , -2.23655 , 0.0258259 , 0.0249023 , 0.0253396
3.325e-05 , 114.111 , 0.038037 , 3e+21 , 3.57931 , 1.81331 , -2.23655 , 0.0258259 , 0.0249023 , 0.0253396
3.33e-05 , 114.111 , 0.038037 , 3e+21 , 3.57931 , 1.81331 , -2.23655 , 0.0258259 , 0.0249023 , 0.0253396
3.335e-05 , 114.111 , 0.038037 , 3e+21 , 3.57931 , 1.81331 , -2.23655 , 0.0258259 , 0.0249023 , 0.0253396
3.34e-05 , 114.111 , 0.038037 , 3e+21 , 3.57931 , 1.81331 , -2.23655 , 0.0258259 , 0.0249023 , 0.0253396
3.345e-05 , 114.111 , 0.038037 , 3e+21 , 3.57931 , 1.81331 , -2.23655 , 0.0258259 , 0.0249023 , 0.0253396
3.35e-05 , 114.111 , 0.038037 , 3e+21 , 3.57931 , 1.81331 , -2.23655 , 0.0258259 , 0.0249023 , 0.0253396
3.355e-05 , 114.111 , 0.038037 , 3e+21 , 3.57931 , 1.81331 , -2.23655 , 0.0258259 , 0.0249023 , 0.0253396
3.36e-05 , 114.111 , 0.038037 , 3e+21 , 3.57931 , 1.81331 , -2.23655 , 0.0258259 , 0.0249023 , 0.0253396
3.365e-05 , 114.111 , 0.038037 , 3e+21 , 3.57931 , 1.81331 , -2.23655 , 0.0258259 , 0.0249023 , 0.0253396
3.37e-05 , 114.111 , 0.038037 , 3e+21 , 3.57931 , 1.81331 , -2.23655 , 0.0258259 , 0.0249023 , 0.0253396
3.375e-05 , 114.111 , 0.038037 , 3e+21 , 3.57931 , 1.81331 , -2.23655 , 0.0258259 , 0.0249023 , 0.0253396
3.38e-05 , 114.111 , 0.038037 , 3e+21 , 3.57931 , 1.81331 , -2.23655 , 0.0258259 , 0.0249023 , 0.0253396
3.385e-05 , 114.111 , 0.038037 , 3e+21 , 3.57931 , 1.81331 , -2.23655 , 0.0258259 , 0.0249023 , 0.0253396
3.39e-05 , 114.111 , 0.038037 , 3e+21 , 3.57931 , 1.81331 , -2.23655 , 0.0258259 , 0.0249023 , 0.0253396
3.395e-05 , 114.111 , 0.038037 , 3e+21 , 3.57931 , 1.81331 , -2.23655 , 0.0258259 , 0.0249023 , 0.0253396
3.4e-05 , 114.111 , 0.038037 , 3e+21 , 3.57931 , 1.81331 , -2.23655 , 0.0258259 , 0.0249023 , 0.0253396
3.405e-05 , 114.111 , 0.038037 , 3e+21 , 3.57931 , 1.81331 , -2.23655 , 0.0258259 , 0.0249023 , 0.0253396
3.41e-05 , 114.111 , 0.038037 , 3e+21 , 3.57931 , 1.81331 , -2.23655 , 0.0258259 , 0.0249023 , 0.0253396
3.415e-05 , 114.111 , 0.038037 , 3e+21 , 3.57931 , 1.81331 , -2.23655 , 0.0258259 , 0.0249023 , 0.0253396
3.42e-05 , 114.111 , 0.038037 , 3e+21 , 3.57931 , 1.81331 , -2.23655 , 0.0258259 , 0.0249023 , 0.0253396
3.425e-05 , 114.111 , 0.038037 , 3e+21 , 3.57931 , 1.81331 , -2.23655 , 0.0258259 , 0.0249023 , 0.0253396
3.43e-05 , 114.111 , 0.038037 , 3e+21 , 3.57931 , 1.81331 , -2.23655 , 0.0258259 , 0.0249023 , 0.0253396
3.435e-05 , 114.111 , 0.038037 , 3e+21 , 3.57931 , 1.81331 , -2.23655 , 0.0258259 , 0.0249023 , 0.0253396
3.44e-05 , 114.111 , 0.038037 , 3e+21 , 3.57931 , 1.81331 , -2.23655 , 0.0258259 , 0.0249023 , 0.0253396
3.445e-05 , 114.111 , 0.038037 , 3e+21 , 3.57931 , 1.81331 , -2.23655 , 0.0258259 , 0.0249023 , 0.0253396
3.45e-05 , 114.111 , 0.038037 , 3e+21 , 3.57931 , 1.81331 , -2.23655 , 0.0258259 , 0.0249023 , 0.0253396
3.455e-05 , 114.111 , 0.038037 , 3e+21 , 3.57931 , 1.81331 , -2.23655 , 0.0258259 , 0.0249023 , 0.0253396
3.46e-05 , 114.111 , 0.038037 , 3e+21 , 3.57931 , 1.81331 , -2.23655 , 0.0258259 , 0.0249023 , 0.0253396
3.465e-05 , 114.111 , 0.038037 , 3e+21 , 3.57931 , 1.81331 , -2.23655 , 0.0258259 , 0.0249023 , 0.0253396
3.47e-05 , 114.111 , 0.038037 , 3e+21 , 3.57931 , 1.81331 , -2.23655 , 0.0258259 , 0.0249023 , 0.0253396
3.475e-05 , 114.111 , 0.038037 , 3e+21 , 3.57931 , 1.81331 , -2.23655 , 0.0258259 , 0.0249023 , 0.0253396
3.48e-05 , 114.111 , 0.038037 , 3e+21 , 3.57931 , 1.81331 , -2.23655 , 0.0258259 , 0.0249023 , 0.0253396
3.485e-05 , 114.111 , 0.038037 , 3e+21 , 3.57931 , 1.81331 , -2.23655 , 0.0258259 , 0.0249023 , 0.0253396
3.49e-05 , 114.111 , 0.038037 , 3e+21 , 3.57931 , 1.81331 , -2.23655 , 0.0258259 , 0.0249023 , 0.0253396
3.495e-05 , 114.111 , 0.038037 , 3e+21 , 3.57931 , 1.81331 , -2.23655 , 0.0258259 , 0.0249023 , 0.0253396
3.5e-05 , 114.111 , 0.038037 , 3e+21 , 3.57931 , 1.81331 , -2.23655 , 0.0258259 , 0.0249023 , 0.0253396
3.505e-05 , 114.111 , 0.038037 , 3e+21 , 3.57931 , 1.81331 , -2.23655 , 0.0258259 , 0.0249023 , 0.0253396
3.51e-05 , 114.111 , 0.038037 , 3e+21 , 3.57931 , 1.81331 , -2.23655 , 0.0258259 , 0.0249023 , 0.0253396
3.515e-05 , 114.111 , 0.038037 , 3e+21 , 3.57931 , 1.81331 , -2.23655 , 0.0258259 , 0.0249023 , 0.0253396
3.52e-05 , 114.111 , 0.038037 , 3e+21 , 3.57931 , 1.81331 , -2.23655 , 0.0258259 , 0.0249023 , 0.0253396
3.525e-05 , 114.111 , 0.038037 , 3e+21 , 3.57931 , 1.81331 , -2.23655 , 0.0258259 , 0.0249023 , 0.0253396
3.53e-05 , 114.111 , 0.038037 , 3e+21 , 3.57931 , 1.81331 , -2.23655 , 0.0258259 , 0.0249023 , 0.0253396
3.535e-05 , 114.111 , 0.038037 , 3e+21 , 3.57931 , 1.81331 , -2.23655 , 0.0258259 , 0.0249023 , 0.0253396
3.54e-05 , 114.111 , 0.038037 , 3e+21 , 3.57931 , 1.81331 , -2.23655 , 0.0258259 , 0.0249023 , 0.0253396
3.545e-05 , 114.111 , 0.038037 , 3e+21 , 3.57931 , 1.81331 , -2.23655 , 0.0258259 , 0.0249023 , 0.0253396
3.55e-05 , 114.111 , 0.038037 , 3e+21 , 3.57931 , 1.81331 , -2.23655 , 0.0258259 , 0.0249023 , 0.0253396
3.555e-05 , 114.111 , 0.038037 , 3e+21 , 3.57931 , 1.81331 , -2.23655 , 0.0258259 , 0.0249023 , 0.0253396
3.56e-05 , 114.111 , 0.038037 , 3e+21 , 3.57931 , 1.81331 , -2.23655 , 0.0258259 , 0.0249023 , 0.0253396
3.565e-05 , 114.111 , 0.038037 , 3e+21 , 3.57931 , 1.81331 , -2.23655 , 0.0258259 , 0.0249023 , 0.0253396
3.57e-05 , 114.111 , 0.038037 , 3e+21 , 3.57931 , 1.81331 , -2.23655 , 0.0258259 , 0.0249023 , 0.0253396
3.575e-05 , 114.111 , 0.038037 , 3e+21 , 3.57931 , 1.81331 , -2.23655 , 0.0258259 , 0.0249023 , 0.0253396
3.58e-05 , 114.111 , 0.038037 , 3e+21 , 3.57931 , 1.81331 , -2.23655 , 0.0258259 , 0.0249023 , 0.0253396
3.585e-05 , 114.111 , 0.038037 , 3e+21 , 3.57931 , 1.81331 , -2.23655 , 0.0258259 , 0.0249023 , 0.0253396
3.59e-05 , 114.111 , 0.038037 , 3e+21 , 3.57931 , 1.81331 , -2.23655 , 0.0258259 , 0.0249023 , 0.0253396
3.595e-05 , 114.111 , 0.038037 , 3e+21 , 3.57931 , 1.81331 , -2.23655 , 0.0258259 , 0.0249023 , 0.0253396
3.6e-05 , 114.111 , 0.038037 , 3e+21 , 3.57931 , 1.81331 , -2.23655 , 0.0258259 , 0.0249023 , 0.0253396
3.605e-05 , 114.111 , 0.038037 , 3e+21 , 3.57931 , 1.81331 , -2.23655 , 0.0258259 , 0.0249023 , 0.0253396
3.61e-05 , 114.111 , 0.038037 , 3e+21 , 3.57931 , 1.81331 , -2.23655 , 0.0258259 , 0.0249023 , 0.0253396
3.615e-05 , 114.111 , 0.038037 , 3e+21 , 3.57931 , 1.81331 , -2.23655 , 0.0258259 , 0.0249023 , 0.0253396
3.62e-05 , 114.111 , 0.038037 , 3e+21 , 3.57931 , 1.81331 , -2.23655 , 0.0258259 , 0.0249023 , 0.0253396
3.625e-05 , 114.111 , 0.038037 , 3e+21 , 3.57931 , 1.81331 , -2.23655 , 0.0258259 , 0.0249023 , 0.0253396
3.63e-05 , 114.111 , 0.038037 , 3e+21 , 3.57931 , 1.81331 , -2.23655 , 0.0258259 , 0.0249023 , 0.0253396
3.635e-05 , 114.111 , 0.038037 , 3e+21 , 3.57931 , 1.81331 , -2.23655 , 0.0258259 , 0.0249023 , 0.0253396
3.64e-05 , 114.111 , 0.038037 , 3e+21 , 3.57931 , 1.81331 , -2.23655 , 0.0258259 , 0.0249023 , 0.0253396
3.645e-05 , 114.111 , 0.038037 , 3e+21 , 3.57931 , 1.81331 , -2.23655 , 0.0258259 , 0.0249023 , 0.0253396
3.65e-05 , 114.111 , 0.038037 , 3e+21 , 3.57931 , 1.81331 , -2.23655 , 0.0258259 , 0.0249023 , 0.0253396
3.655e-05 , 114.111 , 0.038037 , 3e+21 , 3.57931 , 1.81331 , -2.23655 , 0.0258259 , 0.0249023 , 0.0253396
3.66e-05 , 114.111 , 0.038037 , 3e+21 , 3.57931 , 1.81331 , -2.23655 , 0.0258259 , 0.0249023 , 0.0253396
3.665e-05 , 114.111 , 0.038037 , 3e+21 , 3.57931 , 1.81331 , -2.23655 , 0.0258259 , 0.0249023 , 0.0253396
3.67e-05 , 114.111 , 0.038037 , 3e+21 , 3.57931 , 1.81331 , -2.23655 , 0.0258259 , 0.0249023 , 0.0253396
3.675e-05 , 114.111 , 0.038037 , 3e+21 , 3.57931 , 1.81331 , -2.23655 , 0.0258259 , 0.0249023 , 0.0253396
3.68e-05 , 114.111 , 0.038037 , 3e+21 , 3.57931 , 1.81331 , -2.23655 , 0.0258259 , 0.0249023 , 0.0253396
3.685e-05 , 114.111 , 0.038037 , 3e+21 , 3.57931 , 1.81331 , -2.23655 , 0.0258259 , 0.0249023 , 0.0253396
3.69e-05 , 114.111 , 0.038037 , 3e+21 , 3.57931 , 1.81331 , -2.23655 , 0.0258259 , 0.0249023 , 0.0253396
3.695e-05 , 114.111 , 0.038037 , 3e+21 , 3.57931 , 1.81331 , -2.23655 , 0.0258259 , 0.0249023 , 0.0253396
3.7e-05 , 114.111 , 0.038037 , 3e+21 , 3.57931 , 1.81331 , -2.23655 , 0.0258259 , 0.0249023 , 0.0253396
3.705e-05 , 114.111 , 0.038037 , 3e+21 , 3.57931 , 1.81331 , -2.23655 , 0.0258259 , 0.0249023 , 0.0253396
3.71e-05 , 114.111 , 0.038037 , 3e+21 , 3.57931 , 1.81331 , -2.23655 , 0.0258259 , 0.0249023 , 0.0253396
3.715e-05 , 114.111 , 0.038037 , 3e+21 , 3.57931 , 1.81331 , -2.23655 , 0.0258259 , 0.0249023 , 0.0253396
3.72e-05 , 114.111 , 0.038037 , 3e+21 , 3.57931 , 1.81331 , -2.23655 , 0.0258259 , 0.0249023 , 0.0253396
3.725e-05 , 114.111 , 0.038037 , 3e+21 , 3.57931 , 1.81331 , -2.23655 , 0.0258259 , 0.0249023 , 0.0253396
3.73e-05 , 114.111 , 0.038037 , 3e+21 , 3.57931 , 1.81331 , -2.23655 , 0.0258259 , 0.0249023 , 0.0253396
3.735e-05 , 114.111 , 0.038037 , 3e+21 , 3.57931 , 1.81331 , -2.23655 , 0.0258259 , 0.0249023 , 0.0253396
3.74e-05 , 114.111 , 0.038037 , 3e+21 , 3.57931 , 1.81331 , -2.23655 , 0.0258259 , 0.0249023 , 0.0253396
3.745e-05 , 114.111 , 0.038037 , 3e+21 , 3.57931 , 1.81331 , -2.23655 , 0.0258259 , 0.0249023 , 0.0253396
3.75e-05 , 114.111 , 0.038037 , 3e+21 , 3.57931 , 1.81331 , -2.23655 , 0.0258259 , 0.0249023 , 0.0253396
3.755e-05 , 114.111 , 0.038037 , 3e+21 , 3.57931 , 1.81331 , -2.23655 , 0.0258259 , 0.0249023 , 0.0253396
3.76e-05 , 114.111 , 0.038037 , 3e+21 , 3.57931 , 1.81331 , -2.23655 , 0.0258259 , 0.0249023 , 0.0253396
3.765e-05 , 114.111 , 0.038037 , 3e+21 , 3.57931 , 1.81331 , -2.23655 , 0.0258259 , 0.0249023 , 0.0253396
3.77e-05 , 114.111 , 0.038037 , 3e+21 , 3.57931 , 1.81331 , -2.23655 , 0.0258259 , 0.0249023 , 0.0253396
3.775e-05 , 114.111 , 0.038037 , 3e+21 , 3.57931 , 1.81331 , -2.23655 , 0.0258259 , 0.0249023 , 0.0253396
3.78e-05 , 114.111 , 0.038037 , 3e+21 , 3.57931 , 1.81331 , -2.23655 , 0.0258259 , 0.0249023 , 0.0253396
3.785e-05 , 114.111 , 0.038037 , 3e+21 , 3.57931 , 1.81331 , -2.23655 , 0.0258259 , 0.0249023 , 0.0253396
3.79e-05 , 114.111 , 0.038037 , 3e+21 , 3.57931 , 1.81331 , -2.23655 , 0.0258259 , 0.0249023 , 0.0253396
3.795e-05 , 114.111 , 0.038037 , 3e+21 , 3.57931 , 1.81331 , -2.23655 , 0.0258259 , 0.0249023 , 0.0253396
3.8e-05 , 114.111 , 0.038037 , 3e+21 , 3.57931 , 1.81331 , -2.23655 , 0.0258259 , 0.0249023 , 0.0253396
3.805e-05 , 114.111 , 0.038037 , 3e+21 , 3.57931 , 1.81331 , -2.23655 , 0.0258259 , 0.0249023 , 0.0253396
3.81e-05 , 114.111 , 0.038037 , 3e+21 , 3.57931 , 1.81331 , -2.23655 , 0.0258259 , 0.0249023 , 0.0253396
3.815e-05 , 114.111 , 0.038037 , 3e+21 , 3.57931 , 1.81331 , -2.23655 , 0.0258259 , 0.0249023 , 0.0253396
3.82e-05 , 114.111 , 0.038037 , 3e+21 , 3.57931 , 1.81331 , -2.23655 , 0.0258259 , 0.0249023 , 0.0253396
3.825e-05 , 114.111 , 0.038037 , 3e+21 , 3.57931 , 1.81331 , -2.23655 , 0.0258259 , 0.0249023 , 0.0253396
3.83e-05 , 114.111 , 0.038037 , 3e+21 , 3.57931 , 1.81331 , -2.23655 , 0.0258259 , 0.0249023 , 0.0253396
3.835e-05 , 114.111 , 0.038037 , 3e+21 , 3.57931 , 1.81331 , -2.23655 , 0.0258259 , 0.0249023 , 0.0253396
3.84e-05 , 114.111 , 0.038037 , 3e+21 , 3.57931 , 1.81331 , -2.23655 , 0.0258259 , 0.0249023 , 0.0253396
3.845e-05 , 114.111 , 0.038037 , 3e+21 , 3.57931 , 1.81331 , -2.23655 , 0.0258259 , 0.0249023 , 0.0253396
3.85e-05 , 114.111 , 0.038037 , 3e+21 , 3.57931 , 1.81331 , -2.23655 , 0.0258259 , 0.0249023 , 0.0253396
3.855e-05 , 114.111 , 0.038037 , 3e+21 , 3.57931 , 1.81331 , -2.23655 , 0.0258259 , 0.0249023 , 0.0253396
3.86e-05 , 114.111 , 0.038037 , 3e+21 , 3.57931 , 1.81331 , -2.23655 , 0.0258259 , 0.0249023 , 0.0253396
3.865e-05 , 114.111 , 0.038037 , 3e+21 , 3.57931 , 1.81331 , -2.23655 , 0.0258259 , 0.0249023 , 0.0253396
3.87e-05 , 114.111 , 0.038037 , 3e+21 , 3.57931 , 1.81331 , -2.23655 , 0.0258259 , 0.0249023 , 0.0253396
3.875e-05 , 114.111 , 0.038037 , 3e+21 , 3.57931 , 1.81331 , -2.23655 , 0.0258259 , 0.0249023 , 0.0253396
3.88e-05 , 114.111 , 0.038037 , 3e+21 , 3.57931 , 1.81331 , -2.23655 , 0.0258259 , 0.0249023 , 0.0253396
3.885e-05 , 114.111 , 0.038037 , 3e+21 , 3.57931 , 1.81331 , -2.23655 , 0.0258259 , 0.0249023 , 0.0253396
3.89e-05 , 114.111 , 0.038037 , 3e+21 , 3.57931 , 1.81331 , -2.23655 , 0.0258259 , 0.0249023 , 0.0253396
3.895e-05 , 114.111 , 0.038037 , 3e+21 , 3.57931 , 1.81331 , -2.23655 , 0.0258259 , 0.0249023 , 0.0253396
3.9e-05 , 114.111 , 0.038037 , 3e+21 , 3.57931 , 1.81331 , -2.23655 , 0.0258259 , 0.0249023 , 0.0253396
3.905e-05 , 114.111 , 0.038037 , 3e+21 , 3.57931 , 1.81331 , -2.23655 , 0.0258259 , 0.0249023 , 0.0253396
3.91e-05 , 114.111 , 0.038037 , 3e+21 , 3.57931 , 1.81331 , -2.23655 , 0.0258259 , 0.0249023 , 0.0253396
3.915e-05 , 114.111 , 0.038037 , 3e+21 , 3.57931 , 1.81331 , -2.23655 , 0.0258259 , 0.0249023 , 0.0253396
3.92e-05 , 114.111 , 0.038037 , 3e+21 , 3.57931 , 1.81331 , -2.23655 , 0.0258259 , 0.0249023 , 0.0253396
3.925e-05 , 114.111 , 0.038037 , 3e+21 , 3.57931 , 1.81331 , -2.23655 , 0.0258259 , 0.0249023 , 0.0253396
3.93e-05 , 114.111 , 0.038037 , 3e+21 , 3.57931 , 1.81331 , -2.23655 , 0.0258259 , 0.0249023 , 0.0253396
3.935e-05 , 114.111 , 0.038037 , 3e+21 , 3.57931 , 1.81331 , -2.23655 , 0.0258259 , 0.0249023 , 0.0253396
3.94e-05 , 114.111 , 0.038037 , 3e+21 , 3.57931 , 1.81331 , -2.23655 , 0.0258259 , 0.0249023 , 0.0253396
3.945e-05 , 114.111 , 0.038037 , 3e+21 , 3.57931 , 1.81331 , -2.23655 , 0.0258259 , 0.0249023 , 0.0253396
3.95e-05 , 114.111 , 0.038037 , 3e+21 , 3.57931 , 1.81331 , -2.23655 , 0.0258259 , 0.0249023 , 0.0253396
3.955e-05 , 114.111 , 0.038037 , 3e+21 , 3.57931 , 1.81331 , -2.23655 , 0.0258259 , 0.0249023 , 0.0253396
3.96e-05 , 114.111 , 0.038037 , 3e+21 , 3.57931 , 1.81331 , -2.23655 , 0.0258259 , 0.0249023 , 0.0253396
3.965e-05 , 114.111 , 0.038037 , 3e+21 , 3.57931 , 1.81331 , -2.23655 , 0.0258259 , 0.0249023 , 0.0253396
3.97e-05 , 114.111 , 0.038037 , 3e+21 , 3.57931 , 1.81331 , -2.23655 , 0.0258259 , 0.0249023 , 0.0253396
3.975e-05 , 114.111 , 0.038037 , 3e+21 , 3.57931 , 1.81331 , -2.23655 , 0.0258259 , 0.0249023 , 0.0253396
3.98e-05 , 114.111 , 0.038037 , 3e+21 , 3.57931 , 1.81331 , -2.23655 , 0.0258259 , 0.0249023 , 0.0253396
3.985e-05 , 114.111 , 0.038037 , 3e+21 , 3.57931 , 1.81331 , -2.23655 , 0.0258259 , 0.0249023 , 0.0253396
3.99e-05 , 114.111 , 0.038037 , 3e+21 , 3.57931 , 1.81331 , -2.23655 , 0.0258259 , 0.0249023 , 0.0253396
3.995e-05 , 114.111 , 0.038037 , 3e+21 , 3.57931 , 1.81331 , -2.23655 , 0.0258259 , 0.0249023 , 0.0253396
4e-05 , 114.111 , 0.038037 , 3e+21 , 3.57931 , 1.81331 , -2.23655 , 0.0258259 , 0.0249023 , 0.0253396
