0.0	0.0
11.828	0.0
11.8368	3.75237e-23
11.8504	1.01173e-22
11.864	1.4493e-22
11.8776	1.21516e-22
11.8912	1.12913e-22
11.9048	1.07088e-22
11.9184	1.03445e-22
11.932	1.01172e-22
11.9456	9.97673e-23
11.9592	9.84705e-23
11.9728	9.8025e-23
11.9865	9.79009e-23
12.0001	9.80293e-23
12.0137	9.83803e-23
12.0273	9.89195e-23
12.0409	9.96423e-23
12.0545	1.00517e-22
12.0681	1.01525e-22
12.0817	1.0267e-22
12.0953	1.02349e-22
12.1089	1.03577e-22
12.1225	1.04931e-22
12.1361	1.06395e-22
12.1497	1.07951e-22
12.1633	1.09635e-22
12.1769	1.1141e-22
12.1905	1.1329e-22
12.2041	1.15272e-22
12.2177	1.17361e-22
12.2314	1.19538e-22
12.245	1.21829e-22
12.2586	1.23892e-22
12.2722	1.26361e-22
12.2858	1.28921e-22
12.2994	1.31568e-22
12.313	1.34338e-22
12.3266	1.37175e-22
12.3402	1.40111e-22
12.3538	1.43161e-22
12.3674	1.46283e-22
12.381	1.49479e-22
12.3946	1.52791e-22
12.4082	1.56187e-22
12.4218	1.59634e-22
12.4354	1.63171e-22
12.449	1.67102e-22
12.4626	1.70825e-22
12.4763	1.74572e-22
12.4899	1.78406e-22
12.5035	1.82299e-22
12.5171	1.86255e-22
12.5307	1.90249e-22
12.5443	1.94277e-22
12.5579	1.98347e-22
12.5715	2.02477e-22
12.5851	2.0664e-22
12.5987	2.10825e-22
12.6123	2.15057e-22
12.6259	2.19286e-22
12.6395	2.23568e-22
12.6531	2.27867e-22
12.6667	2.32196e-22
12.6803	2.36545e-22
12.6939	2.40917e-22
12.7075	2.45308e-22
12.7211	2.49721e-22
12.7348	2.54142e-22
12.7484	2.58622e-22
12.762	2.63074e-22
12.7756	2.67534e-22
12.7892	2.72006e-22
12.8028	2.76482e-22
12.8164	2.8096e-22
12.83	2.85434e-22
12.8436	2.89897e-22
12.8572	2.94342e-22
12.8708	2.98766e-22
12.8844	3.03166e-22
12.898	3.07534e-22
12.9116	3.11862e-22
12.9252	3.16138e-22
12.9388	3.20351e-22
12.9524	3.2448e-22
12.966	3.28499e-22
12.9797	3.32407e-22
12.9933	3.36273e-22
13.0069	3.39752e-22
13.0205	3.43093e-22
13.0341	3.46637e-22
13.0477	3.49968e-22
13.0613	3.54889e-22
13.0749	3.83013e-22
13.0885	3.58212e-22
13.1021	3.45641e-22
13.1157	3.2152e-22
13.1293	3.26758e-22
13.1429	3.13894e-22
13.1565	3.00355e-22
13.1701	2.8612e-22
13.1837	2.71288e-22
13.1973	2.50767e-22
13.2109	3.5039e-22
13.2246	3.42811e-22
13.2382	3.33011e-22
13.2518	3.43721e-22
13.2654	3.54088e-22
13.279	3.60206e-22
13.2926	3.72203e-22
13.3062	3.86463e-22
13.3198	3.96304e-22
13.3334	4.04405e-22
13.347	4.09931e-22
13.3606	4.14048e-22
13.3742	4.17989e-22
13.3878	4.20507e-22
13.4014	4.13549e-22
13.415	4.1413e-22
13.4286	4.13269e-22
13.4422	4.14591e-22
13.4558	4.11841e-22
13.4695	4.08592e-22
13.4831	4.06896e-22
13.4967	4.05741e-22
13.5103	4.07737e-22
13.5239	4.10245e-22
13.5375	4.1308e-22
13.5511	4.15935e-22
13.5647	4.23925e-22
13.5783	4.24051e-22
13.5919	4.04533e-22
13.6055	3.9484e-22
13.6191	3.93248e-22
13.6327	3.94499e-22
13.6463	4.04453e-22
13.6599	4.07047e-22
13.6735	4.09624e-22
13.6871	4.1202e-22
13.7007	4.14194e-22
13.7144	4.16084e-22
13.728	4.17823e-22
13.7416	4.19121e-22
13.7552	4.2013e-22
13.7688	4.20782e-22
13.7824	4.18699e-22
13.796	4.21585e-22
13.8096	4.21946e-22
13.8232	4.21992e-22
13.8368	4.22178e-22
13.8504	4.22636e-22
13.864	4.22913e-22
13.8776	4.22963e-22
13.8912	4.23987e-22
13.9048	4.20275e-22
13.9184	4.24517e-22
13.932	4.24672e-22
13.9456	4.24217e-22
13.9593	4.22876e-22
13.9729	4.22999e-22
13.9865	4.3276e-22
14.0001	4.36962e-22
14.0137	4.05834e-22
14.0273	4.32353e-22
14.0409	4.34193e-22
14.0545	4.35795e-22
14.0681	4.38538e-22
14.0817	4.43167e-22
14.0953	4.4834e-22
14.1089	4.53279e-22
14.1225	4.53293e-22
14.1361	4.53648e-22
14.1497	4.53636e-22
14.1633	4.39078e-22
14.1769	4.47003e-22
14.1905	4.39492e-22
14.2041	4.55169e-22
14.2178	4.65236e-22
14.2314	4.73174e-22
14.245	4.7717e-22
14.2586	4.76497e-22
14.2722	4.65846e-22
14.2858	4.51011e-22
14.2994	4.73284e-22
14.313	4.69232e-22
14.3266	4.94974e-22
14.3402	4.81874e-22
14.3538	4.98918e-22
14.3674	5.08482e-22
14.381	5.10654e-22
14.3946	5.1341e-22
14.4082	5.14692e-22
14.4218	5.1334e-22
14.4354	5.14174e-22
14.449	5.17919e-22
14.4627	5.20905e-22
14.4763	5.24856e-22
14.4899	5.26742e-22
14.5035	5.30951e-22
14.5171	5.35873e-22
14.5307	5.39894e-22
14.5443	5.44574e-22
14.5579	5.51136e-22
14.5715	5.50442e-22
14.5851	5.57572e-22
14.5987	5.58558e-22
14.6123	5.62233e-22
14.6259	5.63217e-22
14.6395	5.67675e-22
14.6531	5.69182e-22
14.6667	5.7356e-22
14.6803	5.76661e-22
14.6939	5.83346e-22
14.7076	5.90127e-22
14.7212	5.96873e-22
14.7348	6.0288e-22
14.7484	6.07429e-22
14.762	6.07056e-22
14.7756	6.12606e-22
14.7892	6.1219e-22
14.8028	6.15487e-22
14.8164	6.16549e-22
14.83	6.19624e-22
14.8436	6.2325e-22
14.8572	6.26956e-22
14.8708	6.30754e-22
14.8844	6.31003e-22
14.898	6.33482e-22
14.9116	6.31125e-22
14.9252	6.34226e-22
14.9388	6.36845e-22
14.9661	6.37705e-22
14.9797	6.41012e-22
14.9933	6.36402e-22
15.0069	6.47758e-22
15.0205	6.51579e-22
15.0341	6.51582e-22
15.0477	6.57355e-22
15.0613	6.67772e-22
15.0749	6.69848e-22
15.0885	6.69448e-22
15.1021	6.73152e-22
15.1157	6.70155e-22
15.1293	6.7185e-22
15.1429	6.75051e-22
15.1565	6.76935e-22
15.1837	6.77426e-22
15.1974	6.88518e-22
15.211	6.64465e-22
15.2246	6.73853e-22
15.2382	6.87307e-22
15.2518	6.91996e-22
15.2654	6.94555e-22
15.279	7.00629e-22
15.2926	7.01735e-22
15.3062	7.00327e-22
15.3198	7.01241e-22
15.3334	6.96784e-22
15.347	6.97122e-22
15.3606	6.86326e-22
15.3742	6.94126e-22
15.3878	6.97446e-22
15.415	6.8173e-22
15.4286	6.84224e-22
15.4423	6.93324e-22
15.4559	7.00016e-22
15.4695	7.02269e-22
15.4831	7.09701e-22
15.4967	7.15023e-22
15.5103	7.13285e-22
15.5239	7.1555e-22
15.5375	7.14948e-22
15.5511	7.1997e-22
15.5647	7.42165e-22
15.5783	7.28615e-22
15.5919	7.32093e-22
15.6055	7.31498e-22
15.6191	7.40603e-22
15.6327	7.4596e-22
15.6463	7.45636e-22
15.6599	7.50916e-22
15.6735	7.54594e-22
15.6872	7.61912e-22
15.7008	7.655e-22
15.7144	7.68263e-22
15.728	7.76892e-22
15.7416	7.7112e-22
15.7552	7.73e-22
15.7688	7.76359e-22
15.7824	7.82845e-22
15.796	7.97376e-22
15.8096	7.84374e-22
15.8232	7.86822e-22
15.8368	7.84767e-22
16.0001	8.25842e-22
16.7501	8.45609e-22
17.2501	9.48989e-22
17.5001	9.56835e-22
18.0001	9.59904e-22
18.0501	9.59265e-22
18.1001	9.58646e-22
18.1501	9.72683e-22
18.2501	9.97474e-22
19.2501	1.00421e-21
20.0001	1.07237e-21
21.0001	1.06629e-21
22.0001	1.12804e-21
23.0001	1.16505e-21
24.0001	1.21227e-21
25.0001	1.25289e-21
30.0001	1.47193e-21
35.0002	1.71394e-21
40.0002	1.80994e-21
50.0002	1.97193e-21
60.0003	2.07279e-21
70.0003	2.12342e-21
80.0004	2.13143e-21
90.0004	2.11441e-21
100.0	2.08416e-21
125.001	1.97713e-21
150.001	1.85961e-21
175.001	1.75112e-21
200.001	1.65413e-21
225.001	1.56756e-21
250.001	1.48797e-21
275.001	1.41375e-21
300.001	1.34306e-21