0,0,0,0,0,0,0,0,0,0,0,0,0,0,0,0,0,0,0,0,0,0,0,0,0,0,0,0,0,0,0,0,0,0
100,18222,0,0,0,0,0,0,0,0,0,0,0,0,0,0,0,0,0,0,0,0,0,0,0,0,0,0,0,0,0,0,0,0
200,150748,0,0,0,0,0,0,0,0,0,0,0,0,0,0,0,0,0,0,0,0,0,0,0,0,0,0,0,0,0,0,0,0
300,348657,0,0,0,0,0,0,0,0,0,0,0,0,0,0,0,0,0,0,0,0,0,0,0,1,0,0,0,0,0,0,0,0
400,588156,0,0,0,0,0,0,0,0,0,0,0,0,1,0,0,0,0,0,0,1,0,0,1,7,4,6,0,0,0,0,0,0
500,862067,0,0,0,0,0,1,0,0,0,2,1,0,4,1,0,0,0,5,1,7,1,5,2,30,29,22,0,0,0,0,8,2
600,1167085,3,0,0,0,0,1,2,2,0,4,3,3,10,4,2,2,4,10,1,14,8,9,10,90,54,55,0,3,3,1,29,9
700,1494478,6,0,3,0,0,4,2,3,1,6,6,5,20,12,3,3,6,17,4,29,22,16,22,192,104,122,0,8,7,3,78,35
800,1837374,9,0,5,0,1,7,8,8,1,8,9,7,41,19,6,5,12,23,5,51,40,27,34,317,169,201,0,10,21,10,136,82
900,2192789,13,6,5,0,3,10,14,18,2,10,14,10,60,28,8,6,14,33,12,68,72,43,49,487,233,289,0,18,28,14,225,137
1000,2555965,20,8,10,0,5,12,22,21,5,18,17,15,77,34,10,7,17,47,17,89,101,61,65,640,334,370,0,23,41,19,315,210
1100,2926149,27,9,12,0,6,16,35,30,7,25,24,24,100,36,14,8,20,71,26,113,119,84,76,823,426,474,0,30,53,25,429,278
1200,3300711,36,13,17,0,8,20,43,36,7,28,29,32,119,49,18,11,24,92,37,129,138,107,86,1026,533,574,0,36,62,31,548,361
1300,3677957,42,13,18,0,11,25,50,43,9,31,33,39,150,60,22,16,29,112,45,158,164,124,101,1219,651,684,0,42,73,45,667,461
1400,4054588,50,15,24,0,14,30,58,50,13,34,38,46,177,72,28,22,36,130,52,191,192,138,118,1417,744,802,0,46,90,50,782,566
1500,4432969,55,17,31,0,15,34,65,56,17,38,43,52,197,85,31,27,38,155,61,212,211,152,141,1602,843,893,0,55,108,57,900,653
1600,4813685,63,22,34,0,16,38,72,64,19,44,45,57,221,95,36,29,44,165,70,235,249,173,156,1804,959,989,0,64,120,70,1031,757
1700,5195255,68,30,37,0,16,47,84,72,22,53,47,62,244,105,38,30,51,180,73,264,274,197,169,2027,1067,1111,0,79,131,77,1147,856
1800,5578181,81,34,38,0,16,52,93,77,25,56,54,72,275,114,41,34,57,201,79,290,305,219,182,2230,1157,1249,0,88,143,84,1267,954
1900,5960752,97,39,41,0,17,59,99,83,29,62,68,84,294,125,46,37,65,223,86,318,334,242,198,2437,1255,1369,0,92,155,90,1375,1044
2000,6342411,104,42,45,0,18,66,107,90,30,69,77,92,315,138,49,41,70,244,94,352,351,262,212,2662,1360,1476,0,99,165,98,1500,1138
2100,6725185,114,45,49,0,18,72,116,96,33,74,81,96,345,147,51,45,80,268,103,379,384,292,229,2869,1453,1584,0,115,177,104,1618,1233
2200,7106806,123,49,52,0,22,75,122,103,33,78,86,100,373,156,55,51,86,282,112,403,408,306,241,3081,1578,1713,0,133,196,107,1731,1332
2300,7488673,130,53,54,0,24,81,134,112,36,85,94,108,400,165,57,58,93,300,123,424,429,327,258,3302,1682,1814,0,141,213,116,1842,1408
2400,7869747,139,54,60,0,24,86,140,116,37,91,98,118,430,178,62,58,99,319,129,446,458,351,278,3505,1792,1912,0,154,231,121,1959,1487
2500,8250969,152,60,62,0,26,91,158,126,38,101,104,121,455,190,66,61,103,337,140,470,481,371,297,3716,1916,2032,0,162,246,132,2070,1584
2600,8632401,164,64,64,0,29,98,169,132,41,102,111,132,480,203,73,68,109,357,147,490,495,392,312,3937,2009,2147,0,171,264,141,2192,1683
2700,9013439,175,67,68,0,29,106,181,143,43,105,115,140,500,216,78,71,116,378,153,524,523,416,331,4127,2111,2270,0,187,275,153,2309,1780
2800,9391761,181,73,72,0,30,118,186,158,46,108,120,146,532,223,82,77,120,402,159,543,554,443,350,4357,2207,2395,0,197,292,162,2452,1868
2900,9771039,192,76,81,0,32,122,198,163,48,115,130,151,563,227,87,82,125,420,166,569,578,462,362,4571,2316,2496,0,210,302,168,2564,1958
3000,10151052,205,78,85,0,33,125,206,173,48,123,137,158,591,242,93,85,133,429,175,598,597,485,383,4765,2410,2613,0,219,315,178,2698,2042
3100,10532172,222,81,91,0,36,129,212,184,50,127,142,168,626,252,97,87,139,445,177,626,625,508,399,4971,2528,2700,0,229,330,189,2843,2138
3200,10912659,233,85,95,0,38,136,215,192,51,131,147,181,658,261,101,92,145,464,186,655,651,525,418,5194,2634,2802,0,244,342,197,2966,2237
3300,11295198,241,86,95,0,39,139,222,200,52,136,152,190,683,271,103,95,151,486,198,679,685,544,432,5391,2733,2907,0,256,350,204,3090,2331
3400,11678221,256,90,98,0,41,144,239,205,54,147,158,198,704,277,105,98,154,509,207,705,717,563,446,5589,2826,3021,0,270,361,215,3234,2426
3500,12061403,266,93,101,0,42,147,252,215,55,153,166,203,741,285,111,102,165,524,218,728,745,581,457,5794,2919,3126,0,277,375,221,3358,2530
3600,12444170,276,96,102,0,43,152,262,223,60,163,174,211,770,295,113,108,170,539,223,758,766,599,467,6007,3022,3239,0,288,381,229,3475,2640
3700,12827342,287,99,105,0,45,154,266,236,64,168,178,216,796,307,114,110,181,557,229,789,796,622,481,6241,3129,3354,0,293,395,236,3621,2735
3800,13210169,296,108,111,0,45,158,279,245,65,176,185,224,828,316,117,115,186,571,233,811,821,642,492,6450,3224,3450,0,303,403,247,3761,2821
3900,13593965,308,111,116,0,45,164,285,257,69,180,190,231,848,326,123,117,193,588,239,833,847,657,508,6648,3314,3557,0,307,417,260,3892,2929
4000,13977163,317,114,119,0,49,169,297,266,71,185,197,235,876,343,126,121,196,607,246,861,874,678,516,6866,3416,3674,0,314,429,272,4011,3017
4100,14360085,327,115,121,0,49,172,307,271,75,189,206,244,895,354,130,126,199,625,250,887,917,706,527,7084,3532,3784,0,323,442,279,4133,3100
4200,14742711,331,121,124,0,51,176,314,282,78,191,211,253,920,378,134,130,210,644,255,916,947,726,547,7274,3649,3901,0,334,458,283,4256,3192
4300,15124347,337,128,129,0,51,182,326,290,79,196,224,260,944,392,140,132,215,659,257,940,971,744,569,7484,3763,4013,0,347,476,294,4380,3285
4400,15504077,349,131,130,0,54,188,339,302,81,200,231,264,964,400,142,136,219,683,263,971,1003,761,583,7700,3881,4115,0,351,493,299,4512,3421
4500,15884675,360,133,133,0,55,196,348,307,86,203,237,270,999,409,146,142,228,702,272,997,1030,774,597,7917,3981,4220,0,363,503,307,4637,3512
4600,16265827,368,142,136,0,56,199,356,319,86,208,241,279,1028,422,148,147,233,721,282,1033,1057,793,601,8150,4085,4331,0,373,513,310,4759,3602
4700,16647113,376,149,142,0,58,204,362,327,87,218,245,286,1054,436,151,155,240,737,292,1064,1084,812,621,8347,4199,4433,0,382,526,322,4890,3700
4800,17028334,390,159,144,0,59,210,375,334,90,226,250,290,1082,447,153,158,246,759,298,1096,1110,829,645,8554,4298,4536,0,396,545,329,5016,3808
4900,17410221,404,162,148,0,60,214,385,346,92,231,254,296,1100,462,157,161,252,785,304,1124,1137,845,660,8749,4411,4639,0,414,569,342,5138,3906
5000,17793724,414,167,150,0,61,220,403,359,93,237,255,310,1125,471,160,165,263,811,315,1149,1170,863,676,8971,4527,4759,0,433,584,348,5276,4004
5100,18176571,421,171,155,0,64,224,416,368,96,246,257,317,1160,482,165,173,268,826,324,1170,1208,890,695,9177,4637,4874,0,451,598,355,5397,4084
5200,18560674,437,172,159,0,64,229,421,376,97,251,263,327,1187,497,172,179,276,839,330,1194,1239,909,710,9382,4741,4966,0,454,613,364,5529,4177
5300,18943816,453,175,165,0,66,240,434,386,99,257,269,333,1208,502,178,185,283,858,341,1214,1271,931,727,9587,4842,5077,0,466,625,371,5663,4263
5400,19327591,461,178,168,0,67,245,436,403,102,263,273,338,1248,515,180,194,292,882,350,1248,1303,953,742,9819,4953,5197,0,475,639,379,5815,4363
5500,19709563,474,184,175,0,67,249,441,417,103,270,279,351,1271,526,181,199,296,899,360,1274,1332,972,752,10040,5058,5292,0,486,652,390,5935,4466
5600,20091888,484,187,177,0,69,251,449,430,103,274,281,353,1297,537,185,202,302,915,368,1295,1359,997,767,10274,5171,5407,0,499,665,398,6073,4561
5700,20473709,492,196,183,0,72,252,451,441,103,276,285,355,1330,551,189,206,308,938,375,1322,1378,1013,785,10493,5282,5521,0,510,680,412,6190,4646
5800,20855588,501,198,188,0,73,259,462,450,104,285,291,363,1360,558,192,212,311,961,383,1343,1400,1029,800,10738,5396,5627,0,527,697,424,6321,4748
5900,21235629,511,201,194,0,75,262,468,455,108,289,296,368,1396,570,196,215,311,978,389,1376,1425,1047,816,10936,5512,5741,0,539,708,435,6453,4835
6000,21617335,526,203,197,0,76,266,476,463,112,295,299,372,1419,583,199,220,320,1001,397,1403,1454,1064,831,11157,5624,5847,0,548,718,444,6564,4916
6100,22000149,537,209,200,0,76,268,487,472,115,302,305,383,1441,593,203,230,325,1024,406,1426,1482,1086,843,11352,5719,5953,0,554,740,452,6698,5007
6200,22383415,547,211,203,0,76,274,496,479,117,306,308,395,1473,607,207,235,329,1037,416,1447,1503,1103,863,11579,5816,6077,0,561,753,460,6825,5115
6300,22766624,560,214,206,0,78,277,507,492,120,311,315,403,1494,626,209,243,336,1056,418,1477,1528,1130,881,11800,5913,6192,0,577,772,471,6955,5203
6400,23149468,567,216,211,0,80,284,515,509,123,312,318,412,1519,635,216,246,345,1074,424,1506,1555,1150,896,12005,6019,6286,0,588,784,476,7094,5315
6500,23532809,583,222,211,0,82,287,525,522,124,317,326,415,1538,644,219,251,350,1090,433,1530,1587,1174,906,12211,6110,6391,0,605,799,483,7221,5410
6600,23916942,592,226,215,0,83,293,536,530,126,325,332,418,1563,658,224,257,361,1114,439,1564,1622,1195,916,12446,6222,6511,0,618,816,488,7350,5494
6700,24299749,596,229,215,0,84,299,543,539,129,330,338,426,1588,675,228,259,367,1125,444,1600,1648,1216,930,12660,6322,6611,0,631,827,497,7482,5588
6800,24683773,613,237,217,0,85,308,556,545,131,335,344,432,1612,693,231,261,371,1144,455,1629,1669,1234,940,12857,6423,6716,0,640,841,505,7608,5670
6900,25068804,627,240,222,0,85,312,563,554,131,338,351,438,1635,706,233,263,378,1162,459,1659,1702,1251,956,13084,6522,6818,0,645,853,516,7741,5777
7000,25453478,637,245,222,0,86,319,569,565,133,344,359,447,1664,724,237,271,388,1180,466,1691,1732,1266,967,13299,6639,6914,0,658,873,523,7860,5867
7100,25836973,651,249,226,0,89,325,582,569,133,350,366,457,1695,740,240,274,394,1196,471,1722,1769,1291,980,13515,6749,7008,0,671,883,532,8004,5954
7200,26220177,663,254,227,0,90,327,592,582,133,354,372,461,1720,748,244,280,404,1211,476,1752,1803,1310,999,13720,6852,7120,0,682,901,540,8149,6074
7300,26603124,671,258,232,0,93,332,601,592,134,358,375,462,1753,761,249,288,411,1224,486,1780,1822,1328,1011,13913,6958,7236,0,694,914,550,8283,6170
7400,26987118,680,263,234,0,93,334,605,601,136,360,382,470,1789,769,255,296,418,1244,495,1800,1854,1349,1032,14132,7061,7342,0,703,929,559,8413,6283
7500,27370710,685,267,235,0,93,337,614,613,137,363,389,474,1814,782,260,299,427,1262,501,1830,1876,1362,1048,14346,7155,7475,0,717,941,562,8537,6372
7600,27752636,695,270,240,0,93,343,628,620,140,366,394,483,1837,796,268,305,435,1277,513,1856,1904,1381,1069,14564,7275,7586,0,729,958,569,8660,6467
7700,28133034,704,274,242,0,94,346,637,630,141,369,398,492,1859,813,271,308,435,1287,523,1875,1922,1403,1080,14790,7397,7693,0,740,971,576,8803,6575
7800,28515253,707,276,248,0,97,349,647,637,144,371,406,494,1891,820,273,318,439,1301,535,1901,1955,1421,1107,14986,7494,7789,0,757,979,584,8919,6663
7900,28898465,716,278,250,0,98,351,655,642,146,375,412,501,1917,836,275,323,445,1315,543,1931,1973,1440,1124,15185,7604,7892,0,762,988,598,9063,6763
8000,29281354,726,278,252,0,100,357,668,651,151,380,418,512,1943,850,280,327,455,1331,547,1960,2005,1459,1139,15397,7716,8003,0,774,1000,605,9201,6861
8100,29663360,733,279,258,0,101,364,679,662,153,380,425,520,1968,861,284,332,464,1344,554,1989,2038,1473,1154,15574,7813,8133,0,789,1013,611,9336,6966
8200,30045922,746,283,258,0,102,372,685,667,157,384,433,528,2007,872,288,337,467,1363,560,2018,2061,1490,1168,15779,7922,8228,0,791,1025,620,9459,7055
8300,30428486,756,286,260,0,104,383,692,676,159,386,438,531,2037,880,291,344,475,1384,572,2043,2083,1511,1188,16016,8024,8355,0,797,1039,630,9583,7141
8400,30810253,765,289,261,0,107,389,701,685,162,394,441,537,2062,897,294,351,476,1404,579,2076,2112,1529,1209,16218,8127,8468,0,809,1052,642,9708,7235
8500,31192941,774,293,263,0,107,395,712,693,162,398,451,547,2098,911,297,356,479,1422,590,2104,2138,1543,1225,16446,8228,8583,0,820,1064,655,9808,7341
8600,31575709,784,298,264,0,108,401,721,705,163,403,457,557,2124,922,299,359,485,1438,596,2124,2171,1562,1241,16645,8360,8690,0,831,1073,664,9938,7433
8700,31957758,795,299,266,0,109,405,732,716,165,414,461,562,2152,928,302,362,494,1461,603,2158,2207,1584,1256,16862,8460,8798,0,843,1082,673,10054,7517
8800,32342367,810,303,270,0,109,413,740,726,165,423,466,568,2175,936,304,366,504,1485,609,2185,2235,1599,1269,17066,8550,8907,0,855,1096,684,10190,7587
8900,32726017,821,308,275,0,110,419,746,737,168,428,472,577,2196,947,306,371,514,1512,615,2214,2271,1624,1283,17305,8653,9018,0,862,1111,693,10306,7693
9000,33108099,831,309,281,0,113,420,756,752,170,431,478,585,2230,959,315,372,523,1535,623,2239,2292,1635,1306,17489,8760,9117,0,873,1124,696,10429,7807
9100,33490757,842,314,284,0,113,426,768,763,171,435,482,592,2263,978,322,379,527,1548,630,2265,2317,1659,1334,17699,8863,9211,0,884,1134,705,10527,7907
9200,33873837,857,319,285,0,114,431,777,770,173,441,490,601,2288,989,325,381,528,1565,643,2293,2349,1676,1347,17916,8977,9316,0,896,1145,714,10648,8019
9300,34256562,863,321,285,0,115,432,790,779,175,443,495,605,2314,1001,328,387,535,1581,654,2325,2385,1701,1362,18153,9092,9415,0,902,1158,720,10789,8113
9400,34638669,878,328,288,0,116,439,800,786,176,450,498,615,2340,1017,332,390,541,1606,662,2351,2410,1716,1378,18387,9197,9525,0,909,1169,730,10916,8216
9500,35021412,887,331,291,0,116,444,814,794,178,454,501,622,2367,1027,339,393,544,1623,669,2373,2450,1734,1389,18574,9297,9635,0,917,1183,737,11035,8304
9600,35405768,903,334,297,0,117,451,820,806,178,459,509,639,2396,1040,342,397,551,1644,675,2388,2469,1755,1410,18765,9400,9761,0,930,1201,748,11146,8403
9700,35789512,909,338,297,0,118,457,829,818,182,461,516,648,2424,1054,345,401,558,1656,678,2412,2495,1774,1431,18956,9502,9868,0,943,1215,757,11282,8494
9800,36172732,923,343,298,0,119,463,839,833,184,470,520,654,2452,1063,349,404,560,1672,688,2440,2524,1800,1451,19161,9611,9975,0,960,1236,761,11399,8599
9900,36556662,937,344,298,0,121,464,849,845,185,473,527,659,2473,1072,352,407,567,1695,693,2465,2550,1822,1468,19373,9726,10093,0,972,1246,770,11535,8695
10000,36940407,950,348,302,0,122,471,864,851,189,480,534,663,2504,1083,355,416,573,1712,696,2489,2585,1845,1491,19592,9827,10214,0,979,1267,777,11645,8791
10100,37322696,959,351,302,0,124,473,875,862,191,481,540,665,2540,1096,362,421,582,1736,701,2519,2615,1863,1504,19821,9945,10313,0,987,1280,782,11756,8902
10200,37703994,964,352,304,0,126,477,882,872,193,484,547,673,2572,1107,369,425,584,1757,709,2546,2643,1882,1521,20010,10054,10421,0,996,1294,796,11887,9006
10300,38084191,976,358,304,0,127,483,888,881,194,487,550,680,2605,1118,373,434,593,1773,721,2574,2672,1902,1538,20211,10155,10502,0,1007,1304,802,12020,9107
10400,38464574,987,362,305,0,127,491,904,887,196,494,554,686,2634,1129,378,437,600,1785,729,2600,2694,1919,1558,20414,10263,10607,0,1016,1319,809,12138,9213
10500,38846198,998,368,306,0,130,499,910,896,197,500,562,694,2659,1141,380,444,604,1803,738,2624,2721,1936,1568,20595,10363,10703,0,1026,1334,817,12265,9296
10600,39227678,1011,374,311,0,131,507,918,901,197,503,570,707,2693,1147,385,452,609,1820,746,2646,2745,1955,1583,20819,10471,10814,0,1036,1353,825,12398,9389
10700,39607870,1026,381,312,0,131,510,926,914,199,505,579,716,2720,1158,388,461,617,1844,758,2671,2770,1975,1598,21029,10584,10919,0,1047,1367,836,12528,9490
10800,39987810,1035,385,316,0,132,517,935,918,203,511,585,722,2750,1172,392,468,623,1860,763,2693,2801,1994,1611,21241,10690,11025,0,1058,1377,840,12653,9586
10900,40367935,1048,392,319,0,133,525,941,928,203,516,596,732,2777,1188,401,475,626,1881,774,2714,2825,2013,1621,21415,10804,11135,0,1073,1387,847,12769,9705
11000,40748778,1059,397,319,0,134,529,952,942,203,521,601,741,2794,1208,405,487,631,1897,778,2729,2852,2023,1635,21614,10914,11243,0,1087,1407,854,12881,9810
11100,41131558,1073,399,321,0,136,537,958,945,203,530,614,745,2825,1222,407,493,638,1918,781,2762,2876,2037,1652,21839,11013,11357,0,1100,1422,863,13004,9914
11200,41514670,1082,402,324,0,136,544,964,954,207,537,622,753,2850,1230,411,496,642,1935,784,2794,2901,2069,1663,22052,11108,11476,0,1113,1441,870,13135,10001
11300,41897476,1090,403,325,0,141,549,968,968,210,543,626,757,2871,1241,417,498,654,1958,791,2821,2927,2094,1679,22279,11203,11601,0,1123,1452,878,13248,10101
11400,42280612,1104,408,330,0,143,555,979,981,212,550,630,767,2898,1251,421,505,665,1981,799,2840,2952,2107,1695,22502,11321,11717,0,1132,1466,889,13371,10205
11500,42663161,1115,413,333,0,144,561,986,993,215,553,636,778,2922,1264,425,512,672,1999,806,2877,2979,2128,1705,22730,11440,11818,0,1135,1478,899,13500,10286
11600,43045687,1119,414,339,0,145,567,996,999,220,554,640,781,2958,1273,431,516,682,2014,816,2897,3003,2149,1726,22950,11560,11925,0,1145,1496,910,13636,10384
11700,43427501,1125,417,342,0,146,570,1005,1007,224,559,650,784,2988,1286,434,521,691,2029,822,2917,3032,2167,1742,23148,11652,12028,0,1159,1509,918,13778,10486
11800,43809029,1128,424,348,0,146,574,1011,1021,225,560,655,792,3019,1293,438,525,698,2045,828,2942,3054,2192,1758,23358,11751,12138,0,1171,1524,925,13900,10590
11900,44189578,1132,427,349,0,147,582,1016,1027,227,564,660,804,3050,1304,439,528,708,2065,838,2971,3071,2212,1773,23584,11848,12241,0,1181,1532,935,14046,10674
12000,44570065,1144,432,353,0,148,588,1023,1034,227,566,667,809,3076,1311,441,535,715,2079,845,2999,3090,2229,1788,23775,11948,12352,0,1191,1549,941,14170,10782
12100,44951191,1151,433,360,0,150,594,1024,1041,229,569,674,818,3104,1328,444,541,718,2094,855,3037,3105,2245,1806,23976,12055,12447,0,1201,1567,950,14293,10883
12200,45333709,1154,438,367,0,151,600,1038,1052,230,577,685,823,3128,1343,445,546,731,2111,864,3066,3128,2269,1823,24184,12167,12535,0,1212,1579,958,14409,10980
12300,45716306,1166,443,370,0,151,604,1048,1064,230,583,694,834,3148,1353,447,551,740,2123,875,3092,3158,2296,1833,24393,12263,12647,0,1216,1596,966,14551,11081
12400,46098823,1175,450,375,0,154,609,1058,1075,235,585,699,839,3186,1368,451,556,746,2138,881,3127,3187,2310,1851,24612,12369,12754,0,1228,1606,970,14687,11176
12500,46480251,1180,456,380,0,157,613,1064,1087,235,595,705,847,3218,1386,455,561,751,2154,893,3154,3217,2328,1868,24817,12468,12882,0,1240,1615,982,14817,11276
12600,46861158,1193,463,381,0,160,619,1071,1104,236,596,710,849,3249,1396,458,566,756,2175,905,3179,3243,2348,1880,25012,12566,12988,0,1256,1628,992,14955,11366
12700,47242939,1201,469,384,0,163,623,1079,1114,240,600,714,854,3271,1405,466,570,763,2194,908,3204,3265,2369,1900,25201,12673,13098,0,1261,1650,1004,15092,11470
12800,47624657,1217,473,388,0,166,629,1094,1126,243,605,722,859,3303,1415,470,577,769,2209,917,3232,3293,2391,1923,25425,12777,13206,0,1276,1660,1013,15222,11574
12900,48004993,1223,476,392,0,166,639,1102,1137,243,615,731,865,3338,1428,473,579,776,2221,920,3266,3320,2406,1946,25654,12871,13318,0,1281,1666,1027,15352,11662
13000,48386789,1226,478,394,0,166,642,1115,1142,244,618,737,873,3354,1437,475,584,783,2231,925,3301,3357,2426,1962,25880,12979,13415,0,1288,1677,1037,15471,11758
13100,48770290,1238,482,398,0,167,648,1126,1155,245,621,743,885,3386,1447,481,590,786,2246,940,3326,3379,2446,1976,26069,13076,13530,0,1298,1690,1040,15599,11856
13200,49154800,1248,488,404,0,167,653,1137,1170,247,623,748,891,3413,1462,488,595,797,2262,947,3357,3402,2470,1991,26273,13193,13654,0,1311,1708,1052,15732,11954
13300,49537072,1254,491,407,0,171,657,1144,1179,250,626,756,898,3454,1473,492,600,802,2273,957,3387,3428,2489,2008,26518,13318,13758,0,1320,1714,1060,15880,12049
13400,49918974,1270,496,410,0,171,662,1159,1189,250,630,761,906,3482,1480,497,603,806,2292,966,3417,3460,2501,2021,26731,13430,13881,0,1332,1732,1071,16000,12163
13500,50300241,1279,503,412,0,172,666,1168,1200,253,630,766,914,3512,1491,498,609,816,2317,972,3442,3484,2525,2036,26940,13533,13986,0,1339,1748,1081,16128,12260
13600,50682391,1287,508,417,0,174,670,1180,1207,254,637,775,918,3543,1501,501,614,820,2333,977,3466,3509,2550,2053,27145,13641,14085,0,1345,1758,1087,16254,12344
13700,51065449,1295,513,419,0,176,676,1190,1215,257,639,777,931,3570,1519,508,621,826,2352,983,3497,3531,2579,2071,27335,13755,14211,0,1356,1769,1094,16376,12431
13800,51447131,1306,518,420,0,178,682,1197,1221,259,644,784,939,3593,1536,512,623,831,2373,989,3529,3565,2607,2084,27546,13853,14309,0,1365,1787,1108,16504,12545
13900,51827293,1311,522,425,0,180,687,1203,1229,261,650,789,949,3613,1545,515,628,840,2397,999,3561,3602,2626,2100,27743,13963,14406,0,1380,1807,1120,16636,12646
14000,52207934,1324,527,430,0,181,690,1213,1233,262,653,805,952,3638,1557,521,629,846,2423,1006,3593,3622,2648,2113,27970,14066,14516,0,1397,1824,1124,16751,12737
14100,52587387,1335,533,434,0,184,697,1220,1238,265,660,808,955,3671,1566,524,633,853,2443,1009,3626,3650,2670,2127,28171,14162,14628,0,1403,1848,1129,16884,12847
14200,52968485,1343,534,440,0,186,701,1228,1249,268,665,815,960,3689,1577,527,640,860,2456,1017,3645,3675,2690,2139,28372,14239,14731,0,1416,1858,1140,17027,12936
14300,53351454,1354,536,442,0,186,703,1242,1254,271,672,822,967,3718,1585,530,645,866,2468,1027,3669,3704,2712,2152,28599,14348,14845,0,1421,1880,1151,17149,13024
14400,53733433,1366,540,446,0,187,712,1248,1261,272,674,828,971,3743,1592,536,646,871,2488,1033,3695,3735,2729,2164,28797,14454,14973,0,1432,1892,1159,17264,13121
14500,54117149,1382,544,449,0,190,720,1254,1266,273,677,833,979,3774,1601,538,650,877,2500,1039,3728,3766,2750,2179,29011,14556,15072,0,1438,1909,1165,17403,13209
14600,54499389,1396,544,450,0,191,727,1270,1280,274,680,837,989,3804,1613,542,654,881,2519,1050,3759,3790,2763,2192,29219,14670,15188,0,1448,1921,1172,17546,13300
14700,54879640,1407,550,453,0,193,731,1279,1290,279,686,842,996,3836,1623,548,660,885,2541,1057,3793,3817,2782,2215,29424,14772,15302,0,1459,1939,1179,17676,13387
14800,55257917,1420,552,456,0,195,737,1284,1300,281,689,846,1005,3864,1630,555,667,889,2565,1067,3817,3840,2798,2232,29632,14875,15423,0,1467,1956,1184,17809,13468
14900,55636411,1427,555,460,0,195,742,1295,1303,283,697,851,1012,3888,1637,562,671,893,2575,1077,3850,3863,2814,2244,29872,14965,15534,0,1474,1973,1190,17931,13563
15000,56015966,1433,559,463,0,196,746,1306,1315,283,704,854,1019,3922,1646,566,677,900,2593,1086,3884,3893,2830,2260,30072,15066,15656,0,1481,1991,1200,18063,13660
15100,56395360,1444,565,468,0,197,750,1313,1325,285,712,862,1028,3946,1653,568,683,905,2610,1092,3909,3918,2850,2274,30285,15166,15762,0,1489,2014,1204,18192,13743
15200,56776302,1453,569,468,0,198,757,1330,1334,288,720,864,1037,3969,1666,573,687,913,2628,1098,3928,3944,2868,2285,30508,15266,15870,0,1506,2024,1214,18315,13845
15300,57156764,1461,572,472,0,199,763,1339,1340,290,727,872,1043,4000,1679,576,692,919,2647,1101,3950,3962,2887,2301,30721,15360,15973,0,1518,2037,1223,18449,13942
15400,57537681,1475,578,474,0,201,770,1352,1353,293,733,878,1047,4036,1686,583,698,925,2664,1110,3972,3988,2920,2316,30948,15461,16081,0,1533,2046,1229,18569,14025
15500,57918977,1491,581,477,0,202,776,1360,1362,296,739,884,1054,4059,1697,588,703,932,2683,1119,4007,4019,2939,2328,31170,15579,16190,0,1539,2059,1234,18715,14106
15600,58301547,1504,582,480,0,203,782,1373,1373,297,744,889,1063,4086,1707,591,711,934,2704,1127,4037,4050,2966,2351,31371,15707,16302,0,1546,2071,1241,18847,14200
15700,58683627,1516,588,484,0,204,788,1384,1387,297,752,895,1068,4120,1719,594,716,938,2731,1137,4064,4075,2986,2371,31551,15812,16429,0,1552,2080,1247,18977,14300
15800,59065868,1525,590,488,0,205,797,1390,1395,298,759,905,1079,4148,1726,598,722,948,2749,1149,4095,4104,3003,2386,31746,15917,16534,0,1567,2097,1257,19114,14393
15900,59449576,1536,593,492,0,207,800,1400,1403,304,764,919,1081,4184,1737,600,725,950,2770,1157,4120,4126,3023,2403,31965,16028,16631,0,1579,2113,1263,19236,14486
16000,59831986,1552,596,495,0,212,808,1410,1413,305,772,924,1086,4211,1750,605,726,952,2786,1164,4147,4155,3039,2416,32179,16127,16740,0,1594,2124,1272,19363,14595
16100,60214608,1562,596,498,0,212,818,1416,1422,308,780,927,1094,4235,1756,608,733,959,2810,1179,4177,4175,3060,2427,32378,16237,16871,0,1598,2139,1277,19485,14694
16200,60596575,1575,598,500,0,212,821,1427,1431,309,786,932,1102,4260,1772,611,739,964,2830,1182,4202,4204,3075,2447,32597,16355,16997,0,1609,2153,1285,19610,14775
16300,60980725,1586,598,506,0,213,825,1439,1441,310,792,940,1108,4294,1783,613,742,972,2848,1189,4241,4232,3095,2460,32787,16447,17117,0,1618,2165,1293,19742,14878
16400,61363265,1599,600,510,0,215,830,1442,1450,311,796,946,1114,4327,1791,617,753,978,2867,1196,4274,4258,3122,2471,33013,16579,17208,0,1625,2175,1303,19866,14979
16500,61748001,1608,602,512,0,216,833,1457,1455,312,800,953,1123,4361,1799,620,759,985,2883,1200,4301,4284,3151,2485,33200,16696,17311,0,1633,2188,1313,20015,15071
16600,62132976,1616,606,514,0,219,841,1465,1463,316,804,958,1129,4379,1810,624,765,990,2909,1209,4333,4316,3174,2498,33394,16801,17427,0,1641,2196,1327,20131,15178
16700,62518853,1625,610,517,0,224,849,1480,1473,317,808,962,1140,4408,1819,628,770,995,2924,1217,4361,4345,3191,2510,33606,16905,17529,0,1655,2210,1333,20266,15266
16800,62903440,1631,613,520,0,224,852,1488,1482,318,810,970,1145,4429,1830,635,777,1004,2946,1225,4386,4368,3210,2523,33816,17014,17653,0,1665,2228,1343,20385,15372
16900,63288001,1649,617,524,0,229,856,1494,1489,318,817,975,1154,4459,1838,641,784,1010,2966,1231,4413,4392,3235,2537,34053,17115,17756,0,1679,2244,1353,20523,15460
17000,63670822,1663,620,526,0,231,862,1504,1498,319,820,982,1158,4482,1847,645,791,1017,2990,1246,4435,4419,3250,2550,34287,17221,17878,0,1688,2253,1363,20645,15570
17100,64054626,1671,628,527,0,231,867,1515,1515,320,824,989,1165,4503,1860,646,794,1026,3003,1253,4458,4445,3272,2566,34508,17322,17969,0,1697,2262,1366,20798,15690
17200,64436735,1690,630,530,0,232,874,1529,1520,322,831,996,1174,4529,1872,647,800,1038,3013,1257,4485,4475,3294,2587,34732,17445,18092,0,1706,2274,1373,20916,15795
17300,64820783,1696,634,534,0,232,883,1540,1527,324,835,999,1181,4562,1885,650,802,1043,3027,1271,4517,4502,3308,2605,34951,17539,18204,0,1715,2293,1382,21044,15899
17400,65204180,1700,637,536,0,233,892,1552,1538,329,839,1002,1185,4591,1900,653,809,1049,3049,1277,4534,4525,3325,2618,35177,17643,18322,0,1719,2309,1387,21175,16009
17500,65587970,1712,642,539,0,234,899,1561,1550,330,841,1008,1193,4622,1907,655,814,1061,3071,1284,4552,4559,3342,2632,35390,17741,18422,0,1725,2324,1398,21295,16103
17600,65972747,1725,647,542,0,235,903,1569,1564,331,849,1015,1197,4646,1918,662,816,1072,3092,1297,4578,4582,3370,2649,35605,17851,18538,0,1739,2340,1405,21408,16194
17700,66357620,1734,652,545,0,235,905,1586,1572,331,854,1022,1200,4681,1926,666,822,1078,3108,1303,4593,4612,3390,2670,35832,17962,18641,0,1749,2360,1417,21535,16283
17800,66743045,1751,657,548,0,236,907,1597,1585,331,857,1029,1203,4713,1934,673,831,1083,3129,1310,4622,4632,3412,2694,36037,18071,18755,0,1761,2370,1423,21642,16379
17900,67126964,1764,660,552,0,237,914,1609,1592,333,866,1038,1213,4737,1944,677,834,1088,3142,1318,4654,4657,3431,2707,36243,18180,18862,0,1775,2392,1432,21778,16481
18000,67511928,1782,668,554,0,238,922,1615,1602,336,870,1043,1217,4758,1950,682,839,1091,3169,1329,4683,4678,3453,2725,36468,18294,18982,0,1785,2404,1442,21908,16584
18100,67895825,1795,673,560,0,239,928,1623,1607,339,873,1051,1224,4779,1959,686,845,1097,3183,1334,4703,4701,3475,2739,36664,18411,19095,0,1795,2418,1452,22042,16682
18200,68277669,1807,677,562,0,241,933,1631,1615,341,876,1059,1231,4807,1965,690,848,1101,3203,1341,4734,4721,3497,2751,36873,18518,19225,0,1807,2432,1459,22165,16792
18300,68660905,1816,678,567,0,241,940,1639,1625,343,880,1065,1242,4840,1980,690,856,1105,3223,1349,4755,4745,3517,2760,37070,18612,19321,0,1818,2451,1464,22297,16891
18400,69043952,1824,681,572,0,242,946,1651,1641,345,884,1084,1249,4861,1995,692,864,1114,3237,1359,4778,4768,3537,2777,37273,18730,19433,0,1827,2467,1471,22419,16990
18500,69427624,1834,683,574,0,243,949,1659,1648,346,888,1093,1260,4892,2011,694,869,1122,3259,1374,4809,4792,3558,2797,37460,18830,19552,0,1839,2476,1484,22546,17099
18600,69810606,1843,687,581,0,245,953,1671,1648,348,893,1103,1266,4918,2022,698,875,1128,3268,1382,4824,4817,3578,2812,37684,18945,19672,0,1850,2487,1491,22663,17211
18700,70192323,1857,691,587,0,248,962,1685,1654,352,898,1109,1276,4953,2036,700,881,1130,3283,1389,4854,4839,3593,2831,37900,19076,19765,0,1859,2502,1497,22800,17308
18800,70572389,1874,694,591,0,249,970,1692,1663,354,902,1115,1281,4990,2048,703,884,1141,3297,1395,4886,4865,3613,2846,38127,19179,19870,0,1873,2516,1509,22936,17408
18900,70952350,1888,701,591,0,250,978,1707,1672,356,909,1126,1288,5013,2056,705,884,1149,3313,1403,4911,4897,3633,2862,38352,19280,19998,0,1881,2530,1518,23054,17503
19000,71331909,1898,702,596,0,250,981,1717,1680,358,917,1132,1292,5043,2071,709,887,1160,3334,1408,4941,4924,3652,2875,38562,19380,20106,0,1893,2544,1526,23169,17598
19100,71711334,1911,707,598,0,251,991,1722,1693,360,921,1137,1299,5072,2084,715,891,1165,3345,1415,4967,4950,3668,2891,38790,19483,20207,0,1904,2558,1536,23302,17684
19200,72092802,1923,713,601,0,252,997,1729,1700,362,930,1143,1310,5098,2096,721,896,1168,3361,1426,4999,4985,3688,2914,38999,19594,20316,0,1915,2570,1542,23426,17777
19300,72474002,1933,717,604,0,253,1005,1735,1709,364,935,1149,1317,5121,2113,722,899,1173,3376,1435,5023,5017,3716,2932,39207,19682,20421,0,1921,2581,1545,23577,17859
19400,72856533,1940,720,608,0,254,1007,1745,1717,364,939,1151,1321,5147,2122,729,903,1175,3391,1444,5044,5039,3730,2944,39412,19799,20523,0,1935,2601,1554,23681,17960
19500,73238659,1947,727,612,0,254,1014,1755,1720,365,943,1155,1329,5175,2130,733,909,1183,3410,1452,5069,5063,3747,2966,39631,19887,20637,0,1945,2629,1561,23822,18053
19600,73618788,1957,734,618,0,257,1017,1765,1726,368,947,1159,1340,5206,2145,735,917,1186,3433,1458,5090,5090,3771,2987,39858,19980,20732,0,1953,2644,1570,23941,18158
19700,74000062,1969,737,622,0,258,1020,1775,1735,370,951,1164,1349,5229,2157,743,921,1192,3450,1465,5113,5119,3795,3004,40076,20094,20844,0,1964,2656,1574,24043,18246
19800,74381301,1986,740,629,0,258,1028,1783,1749,375,954,1173,1357,5262,2167,745,931,1198,3463,1473,5136,5154,3823,3019,40313,20207,20965,0,1972,2669,1582,24169,18339
19900,74763628,1991,745,633,0,258,1035,1793,1758,379,959,1176,1361,5281,2181,746,932,1205,3475,1480,5155,5190,3838,3041,40517,20305,21066,0,1981,2688,1593,24299,18446
20000,75144437,2003,751,637,0,260,1041,1803,1766,382,966,1181,1369,5298,2191,750,933,1214,3496,1484,5182,5211,3854,3055,40742,20401,21171,0,1997,2701,1606,24407,18550
20100,75526244,2014,755,641,0,261,1049,1808,1778,385,969,1189,1382,5332,2203,753,940,1221,3517,1492,5218,5247,3872,3072,40945,20500,21269,0,2004,2716,1612,24535,18640
20200,75906547,2022,758,642,0,263,1051,1816,1786,387,972,1196,1387,5355,2209,759,947,1231,3536,1500,5246,5274,3897,3081,41179,20613,21388,0,2014,2728,1622,24659,18737
20300,76286669,2033,760,647,0,264,1060,1828,1799,387,978,1199,1397,5389,2221,765,954,1236,3553,1506,5270,5297,3909,3097,41387,20708,21508,0,2022,2739,1634,24785,18844
20400,76668877,2046,761,653,0,266,1063,1840,1807,387,981,1203,1405,5411,2237,771,954,1242,3566,1510,5296,5323,3931,3114,41577,20817,21607,0,2034,2752,1647,24912,18937
20500,77049579,2052,761,660,0,268,1068,1850,1816,391,988,1209,1416,5445,2245,775,956,1251,3582,1513,5326,5355,3954,3132,41787,20924,21720,0,2041,2765,1653,25060,19028
20600,77432283,2057,764,663,0,268,1068,1855,1826,393,996,1217,1419,5467,2255,777,959,1256,3600,1519,5356,5390,3981,3143,41983,21024,21843,0,2047,2780,1665,25176,19109
20700,77815734,2066,767,663,0,270,1074,1866,1836,395,999,1224,1428,5505,2270,782,964,1268,3613,1529,5383,5417,4005,3157,42168,21139,21956,0,2056,2784,1670,25310,19213
20800,78198810,2074,771,666,0,271,1082,1877,1843,395,1001,1227,1440,5529,2278,787,967,1271,3637,1537,5409,5448,4026,3175,42372,21239,22062,0,2065,2797,1674,25441,19309
20900,78582542,2084,775,669,0,271,1085,1891,1854,397,1004,1233,1448,5556,2296,793,972,1284,3650,1544,5431,5473,4040,3186,42584,21344,22175,0,2079,2820,1686,25593,19403
21000,78965151,2095,781,669,0,274,1088,1900,1872,400,1009,1237,1453,5586,2306,794,975,1294,3670,1552,5457,5501,4066,3197,42771,21456,22291,0,2084,2833,1700,25732,19504
21100,79347940,2102,783,675,0,276,1095,1910,1885,400,1012,1243,1462,5607,2316,794,979,1299,3688,1560,5482,5525,4096,3211,42977,21565,22387,0,2098,2846,1706,25863,19614
21200,79728937,2121,784,676,0,277,1100,1921,1895,402,1015,1245,1473,5635,2327,795,982,1307,3701,1568,5517,5556,4107,3227,43197,21673,22492,0,2106,2863,1711,25990,19703
21300,80109872,2133,787,684,0,279,1106,1930,1902,404,1020,1248,1478,5669,2340,800,985,1312,3715,1579,5552,5579,4121,3237,43404,21764,22597,0,2115,2886,1716,26128,19808
21400,80491606,2146,792,687,0,281,1114,1940,1913,404,1024,1252,1485,5689,2353,806,992,1319,3729,1590,5576,5601,4149,3255,43604,21860,22711,0,2134,2903,1729,26263,19900
21500,80873306,2157,798,691,0,283,1118,1956,1921,405,1028,1256,1496,5723,2366,810,997,1322,3745,1597,5602,5637,4167,3269,43800,21967,22823,0,2139,2920,1734,26397,19987
21600,81255498,2169,802,693,0,284,1125,1971,1934,407,1028,1261,1501,5753,2375,814,1004,1328,3762,1604,5628,5662,4194,3285,44007,22051,22943,0,2144,2934,1739,26524,20079
21700,81638153,2179,807,699,0,286,1131,1983,1943,408,1033,1262,1508,5772,2386,820,1009,1335,3782,1615,5646,5686,4213,3301,44252,22159,23052,0,2155,2947,1748,26656,20168
21800,82020183,2183,808,702,0,287,1138,1995,1952,413,1037,1268,1510,5807,2400,824,1012,1342,3803,1620,5673,5703,4233,3312,44449,22258,23175,0,2169,2962,1760,26771,20272
21900,82402154,2192,814,708,0,288,1143,2005,1962,416,1045,1279,1519,5839,2417,826,1017,1345,3822,1624,5700,5726,4251,3328,44644,22359,23276,0,2178,2981,1767,26897,20366
22000,82782496,2202,817,708,0,288,1148,2014,1970,417,1052,1286,1526,5864,2429,829,1021,1349,3836,1632,5733,5753,4280,3342,44850,22453,23380,0,2188,2989,1775,27034,20458
22100,83164444,2215,822,711,0,289,1154,2024,1976,419,1060,1291,1537,5884,2435,833,1024,1358,3845,1640,5752,5777,4307,3358,45046,22559,23486,0,2196,2998,1781,27166,20556
22200,83547850,2227,824,720,0,290,1161,2032,1986,420,1062,1300,1556,5916,2442,837,1029,1359,3863,1648,5776,5804,4324,3381,45270,22649,23594,0,2206,3016,1789,27298,20658
22300,83928664,2242,828,721,0,291,1168,2044,1997,423,1070,1304,1560,5947,2450,842,1034,1362,3883,1658,5811,5830,4337,3392,45481,22764,23698,0,2214,3035,1795,27427,20754
22400,84310897,2256,829,725,0,292,1175,2053,2009,424,1077,1310,1567,5981,2458,843,1036,1366,3903,1666,5842,5859,4363,3411,45669,22851,23798,0,2223,3052,1805,27547,20858
22500,84691805,2265,829,728,0,293,1183,2060,2016,425,1080,1320,1578,6009,2464,846,1042,1377,3925,1675,5866,5890,4382,3420,45859,22944,23905,0,2238,3071,1812,27678,20959
22600,85073604,2274,834,735,0,296,1192,2072,2025,428,1087,1327,1588,6031,2475,851,1050,1382,3945,1686,5894,5911,4409,3444,46056,23035,24018,0,2249,3088,1821,27814,21065
22700,85457463,2290,838,739,0,298,1195,2088,2032,429,1096,1331,1595,6056,2484,854,1052,1390,3966,1695,5919,5936,4424,3462,46256,23147,24102,0,2258,3108,1832,27924,21150
22800,85841354,2301,843,740,0,300,1203,2098,2040,431,1099,1337,1598,6086,2490,862,1052,1396,3982,1701,5952,5957,4448,3476,46458,23249,24197,0,2271,3119,1838,28056,21235
22900,86224635,2307,845,746,0,300,1213,2108,2053,432,1105,1340,1608,6112,2496,863,1063,1403,4002,1704,5982,5986,4470,3492,46685,23352,24303,0,2284,3133,1848,28194,21340
23000,86608219,2319,846,750,0,300,1221,2119,2063,432,1110,1347,1613,6143,2503,868,1071,1408,4016,1714,6011,6013,4484,3510,46913,23449,24397,0,2289,3151,1853,28316,21420
23100,86993229,2332,849,752,0,300,1226,2128,2071,435,1115,1355,1623,6164,2511,873,1075,1417,4046,1721,6034,6037,4504,3533,47141,23552,24522,0,2299,3168,1856,28449,21518
23200,87377797,2342,850,755,0,302,1230,2139,2085,437,1122,1360,1634,6197,2520,876,1076,1425,4069,1725,6057,6054,4525,3541,47335,23661,24637,0,2310,3187,1866,28582,21615
23300,87761693,2354,853,757,0,305,1232,2152,2089,438,1134,1366,1638,6236,2536,879,1081,1428,4090,1729,6082,6071,4539,3560,47558,23778,24741,0,2317,3204,1875,28706,21715
23400,88145819,2365,855,760,0,306,1239,2159,2098,440,1140,1369,1645,6274,2553,886,1087,1434,4108,1732,6105,6101,4559,3576,47787,23882,24854,0,2325,3221,1881,28834,21825
23500,88528950,2373,862,766,0,308,1241,2174,2106,444,1141,1371,1652,6302,2572,887,1097,1439,4132,1742,6130,6128,4575,3596,47990,23984,24977,0,2334,3232,1898,28946,21918
23600,88911970,2385,865,768,0,308,1242,2190,2114,444,1146,1376,1663,6337,2584,892,1102,1442,4152,1749,6162,6150,4593,3611,48199,24074,25090,0,2344,3246,1904,29071,22006
23700,89294575,2397,868,770,0,309,1244,2197,2123,446,1150,1382,1671,6355,2594,894,1104,1450,4179,1756,6191,6171,4611,3618,48410,24191,25208,0,2351,3262,1914,29219,22109
23800,89676073,2402,875,776,0,309,1248,2205,2136,447,1158,1386,1679,6380,2607,900,1108,1454,4201,1762,6215,6202,4629,3635,48634,24314,25305,0,2362,3274,1927,29362,22224
23900,90057752,2415,885,777,0,309,1256,2210,2143,449,1161,1393,1689,6406,2619,905,1112,1459,4222,1767,6239,6226,4654,3648,48854,24415,25414,0,2368,3295,1939,29491,22320
24000,90439758,2422,887,783,0,311,1258,2215,2156,451,1167,1398,1693,6431,2633,908,1121,1466,4240,1778,6273,6257,4671,3663,49045,24512,25518,0,2376,3309,1944,29631,22406
24100,90824217,2435,891,788,0,313,1265,2223,2164,453,1176,1404,1697,6458,2642,911,1125,1472,4262,1791,6302,6289,4688,3676,49244,24616,25617,0,2386,3320,1951,29765,22489
24200,91207268,2447,892,791,0,313,1279,2232,2173,456,1182,1409,1707,6478,2654,914,1131,1477,4281,1801,6333,6320,4711,3692,49462,24718,25721,0,2392,3338,1958,29895,22578
24300,91590136,2456,894,796,0,315,1284,2247,2187,458,1184,1414,1717,6502,2670,916,1136,1485,4295,1810,6352,6352,4733,3716,49671,24834,25840,0,2403,3354,1967,30040,22675
24400,91971662,2470,897,799,0,316,1289,2257,2196,459,1188,1419,1721,6535,2681,920,1141,1492,4313,1819,6373,6379,4754,3736,49869,24933,25961,0,2409,3364,1978,30158,22773
24500,92354717,2479,901,802,0,316,1295,2267,2207,464,1196,1425,1728,6559,2693,927,1146,1500,4330,1827,6394,6405,4765,3750,50070,25057,26073,0,2416,3381,1991,30277,22865
24600,92737117,2490,906,804,0,319,1301,2275,2217,465,1204,1428,1736,6596,2706,931,1151,1505,4353,1834,6419,6424,4783,3767,50311,25163,26174,0,2432,3394,1998,30423,22958
24700,93117911,2502,908,810,0,320,1307,2281,2229,468,1207,1436,1744,6624,2713,936,1158,1516,4369,1839,6447,6450,4807,3775,50499,25279,26282,0,2443,3407,2009,30540,23064
24800,93500648,2505,911,810,0,323,1312,2287,2239,470,1211,1442,1751,6656,2723,941,1166,1519,4385,1847,6478,6469,4828,3795,50713,25376,26388,0,2446,3417,2020,30663,23164
24900,93884762,2519,913,814,0,324,1317,2303,2247,472,1214,1448,1761,6686,2741,941,1172,1524,4401,1851,6504,6502,4842,3815,50917,25483,26488,0,2455,3434,2029,30779,23253
25000,94267458,2530,917,816,0,326,1318,2310,2251,475,1217,1452,1769,6710,2754,947,1174,1531,4421,1856,6530,6528,4860,3834,51128,25603,26607,0,2463,3443,2037,30913,23339
25100,94652115,2542,919,821,0,328,1327,2315,2258,477,1225,1456,1775,6729,2768,950,1181,1540,4452,1864,6558,6553,4879,3845,51327,25703,26711,0,2479,3462,2044,31020,23434
25200,95037016,2555,920,828,0,328,1332,2321,2270,478,1229,1459,1781,6753,2780,955,1187,1544,4476,1872,6586,6586,4888,3861,51507,25808,26800,0,2486,3476,2055,31133,23530
25300,95423335,2565,928,829,0,329,1339,2336,2282,479,1232,1463,1792,6776,2792,959,1189,1551,4489,1886,6624,6618,4908,3869,51717,25921,26912,0,2497,3494,2061,31264,23610
25400,95808066,2585,930,833,0,329,1340,2346,2287,480,1237,1467,1797,6812,2805,962,1192,1556,4507,1889,6651,6648,4926,3883,51943,26051,27033,0,2507,3504,2073,31395,23714
25500,96190233,2598,934,835,0,331,1342,2357,2297,481,1243,1474,1804,6837,2821,967,1198,1568,4524,1898,6674,6675,4945,3906,52164,26154,27157,0,2513,3514,2079,31541,23819
25600,96572800,2607,937,838,0,331,1353,2368,2314,484,1247,1476,1807,6874,2832,971,1208,1574,4540,1905,6701,6700,4964,3917,52395,26257,27264,0,2526,3532,2093,31672,23908
25700,96955169,2616,941,842,0,331,1357,2377,2323,485,1250,1483,1814,6900,2849,974,1213,1582,4560,1910,6732,6731,4987,3936,52621,26367,27367,0,2542,3548,2101,31789,24002
25800,97336335,2628,945,845,0,334,1364,2385,2333,485,1256,1487,1819,6927,2857,977,1215,1586,4573,1920,6760,6761,5005,3946,52829,26470,27477,0,2549,3569,2109,31919,24114
25900,97717530,2640,948,848,0,335,1368,2397,2338,488,1261,1496,1826,6952,2866,980,1222,1594,4591,1928,6792,6784,5041,3957,53037,26581,27586,0,2563,3583,2117,32041,24205
26000,98098865,2649,951,850,0,337,1373,2409,2346,492,1265,1500,1835,6978,2872,983,1224,1603,4611,1936,6815,6817,5052,3973,53237,26682,27696,0,2570,3598,2125,32169,24309
26100,98481368,2655,955,851,0,340,1377,2418,2354,494,1270,1504,1841,7010,2885,986,1228,1606,4623,1944,6836,6838,5067,3990,53467,26802,27808,0,2578,3614,2129,32300,24407
26200,98863992,2665,960,855,0,340,1379,2430,2366,494,1274,1511,1848,7024,2901,993,1233,1611,4644,1950,6864,6867,5086,4010,53688,26900,27902,0,2592,3629,2141,32426,24519
26300,99246955,2676,965,862,0,342,1386,2435,2376,497,1277,1516,1858,7054,2911,998,1236,1613,4660,1954,6890,6896,5101,4020,53892,26990,28004,0,2600,3643,2149,32558,24602
26400,99631330,2690,970,865,0,342,1396,2443,2379,501,1281,1522,1861,7087,2927,1001,1240,1622,4677,1960,6912,6931,5123,4032,54120,27090,28118,0,2609,3659,2155,32672,24688
26500,100014727,2700,976,875,0,344,1398,2450,2391,504,1289,1527,1866,7134,2945,1007,1245,1630,4696,1970,6936,6954,5139,4048,54319,27188,28223,0,2617,3673,2171,32780,24792
26600,100398182,2708,979,876,0,344,1405,2459,2401,510,1293,1532,1880,7165,2956,1012,1249,1634,4710,1976,6961,6987,5156,4070,54524,27305,28329,0,2622,3689,2184,32914,24883
26700,100781035,2720,982,878,0,346,1413,2467,2409,510,1298,1539,1891,7193,2963,1014,1249,1639,4726,1981,6986,7019,5179,4096,54745,27408,28434,0,2633,3698,2199,33035,24967
26800,101165954,2731,988,883,0,350,1420,2479,2417,511,1308,1546,1902,7217,2968,1020,1252,1646,4738,1987,7018,7052,5200,4114,54943,27491,28537,0,2646,3712,2206,33157,25069
26900,101549708,2742,994,884,0,353,1426,2482,2428,512,1315,1553,1909,7242,2978,1023,1260,1651,4754,1993,7055,7074,5220,4122,55179,27601,28650,0,2663,3719,2212,33295,25162
27000,101933462,2755,995,890,0,353,1432,2491,2441,516,1322,1555,1915,7279,2990,1027,1266,1659,4768,2000,7088,7102,5237,4136,55402,27702,28759,0,2677,3728,2224,33406,25266
27100,102317036,2766,998,894,0,354,1442,2500,2449,516,1328,1561,1923,7303,3000,1031,1277,1664,4779,2007,7108,7129,5249,4149,55628,27797,28848,0,2689,3743,2232,33552,25347
27200,102701594,2782,1005,896,0,356,1445,2506,2456,521,1336,1570,1931,7334,3011,1034,1285,1671,4791,2014,7148,7153,5266,4163,55866,27891,28970,0,2702,3757,2247,33673,25452
27300,103084396,2796,1012,898,0,357,1451,2515,2463,524,1342,1575,1935,7368,3021,1041,1288,1677,4811,2021,7189,7178,5283,4176,56058,28012,29080,0,2712,3770,2262,33809,25557
27400,103465959,2801,1014,900,0,357,1456,2524,2469,525,1344,1583,1940,7393,3030,1044,1292,1684,4833,2030,7226,7205,5301,4200,56270,28110,29199,0,2724,3782,2273,33949,25640
27500,103849617,2812,1020,906,0,358,1460,2532,2485,528,1349,1589,1952,7417,3047,1046,1296,1694,4851,2036,7258,7220,5312,4219,56473,28227,29297,0,2733,3799,2285,34092,25736
27600,104232440,2824,1025,908,0,360,1466,2540,2494,529,1358,1591,1961,7435,3056,1049,1299,1702,4867,2044,7282,7247,5340,4242,56676,28342,29402,0,2742,3817,2298,34226,25855
27700,104615852,2831,1030,913,0,360,1469,2545,2504,532,1362,1593,1964,7470,3063,1052,1306,1711,4890,2054,7304,7276,5356,4260,56925,28439,29500,0,2756,3828,2306,34355,25948
27800,104998024,2837,1035,915,0,361,1471,2556,2512,534,1365,1597,1977,7498,3075,1053,1313,1719,4906,2063,7330,7306,5376,4280,57157,28530,29598,0,2764,3843,2314,34485,26055
27900,105380400,2844,1038,921,0,363,1477,2565,2521,536,1372,1601,1990,7523,3084,1054,1314,1728,4921,2076,7356,7329,5392,4300,57354,28640,29713,0,2775,3854,2320,34594,26139
28000,105762571,2852,1042,925,0,363,1480,2576,2527,538,1373,1603,2000,7551,3090,1057,1318,1738,4936,2084,7379,7360,5413,4317,57558,28746,29831,0,2788,3872,2333,34722,26231
28100,106145063,2868,1045,932,0,364,1485,2588,2539,539,1383,1614,2009,7575,3101,1057,1323,1742,4950,2093,7409,7386,5430,4337,57770,28837,29936,0,2799,3886,2346,34854,26324
28200,106526073,2880,1046,933,0,367,1491,2600,2558,539,1387,1617,2017,7602,3117,1062,1326,1748,4971,2103,7440,7417,5449,4359,57993,28938,30044,0,2805,3899,2358,34969,26416
28300,106905583,2889,1053,935,0,368,1495,2610,2568,541,1393,1621,2027,7619,3131,1067,1334,1751,4981,2109,7463,7443,5470,4380,58212,29051,30144,0,2814,3909,2364,35092,26511
28400,107285798,2901,1055,937,0,368,1503,2616,2574,545,1400,1628,2036,7647,3152,1070,1342,1761,4996,2112,7492,7465,5499,4391,58423,29162,30252,0,2826,3921,2367,35224,26614
28500,107664615,2908,1060,941,0,368,1506,2626,2581,546,1404,1634,2042,7677,3157,1073,1350,1767,5017,2119,7522,7484,5524,4407,58627,29251,30356,0,2842,3934,2374,35346,26727
28600,108045805,2919,1063,941,0,370,1510,2634,2591,547,1406,1642,2050,7701,3167,1078,1354,1774,5035,2124,7543,7514,5540,4427,58828,29354,30465,0,2858,3946,2383,35452,26837
28700,108427488,2934,1069,945,0,371,1517,2644,2602,548,1415,1645,2059,7731,3178,1083,1360,1777,5053,2130,7572,7547,5561,4450,59043,29446,30574,0,2870,3968,2389,35570,26912
28800,108809223,2951,1071,947,0,373,1520,2654,2609,550,1421,1649,2067,7762,3188,1088,1364,1790,5074,2138,7596,7576,5584,4466,59257,29540,30669,0,2879,3982,2405,35700,26998
28900,109189452,2960,1073,949,0,375,1527,2663,2619,554,1424,1654,2080,7788,3198,1091,1367,1795,5090,2146,7631,7608,5609,4486,59479,29638,30761,0,2887,3993,2414,35821,27085
29000,109570667,2969,1081,955,0,375,1532,2668,2627,556,1427,1660,2082,7812,3212,1095,1372,1799,5107,2152,7663,7645,5627,4493,59677,29730,30863,0,2901,4009,2422,35934,27184
29100,109954120,2979,1083,956,0,377,1539,2677,2637,559,1430,1668,2090,7843,3223,1099,1378,1804,5126,2157,7693,7669,5646,4510,59906,29849,30965,0,2913,4027,2427,36069,27272
29200,110334831,2992,1088,959,0,380,1546,2685,2646,559,1430,1673,2100,7867,3235,1101,1384,1809,5137,2165,7716,7694,5666,4531,60125,29951,31082,0,2926,4038,2440,36208,27354
29300,110717770,3011,1091,963,0,381,1548,2696,2654,562,1443,1677,2105,7886,3250,1104,1390,1817,5156,2174,7738,7727,5677,4542,60310,30056,31184,0,2937,4049,2448,36335,27446
29400,111102230,3014,1098,963,0,381,1555,2703,2658,563,1445,1680,2110,7922,3261,1109,1392,1821,5177,2184,7765,7764,5697,4561,60518,30164,31309,0,2949,4063,2457,36461,27543
29500,111485310,3023,1101,965,0,382,1563,2712,2669,564,1450,1687,2116,7946,3270,1110,1397,1822,5197,2189,7794,7787,5719,4572,60731,30256,31412,0,2963,4077,2469,36594,27635
29600,111869415,3031,1106,972,0,384,1567,2721,2676,566,1451,1693,2120,7973,3284,1113,1405,1828,5216,2192,7818,7812,5740,4585,60934,30367,31513,0,2973,4092,2480,36726,27745
29700,112252907,3039,1112,976,0,385,1572,2731,2683,569,1452,1696,2126,8014,3293,1119,1407,1834,5231,2201,7845,7847,5762,4602,61141,30467,31630,0,2975,4104,2488,36864,27869
29800,112636777,3053,1118,979,0,388,1583,2736,2689,569,1454,1698,2135,8041,3306,1122,1411,1843,5244,2210,7869,7867,5783,4625,61372,30570,31735,0,2983,4118,2497,36979,27951
29900,113020992,3059,1123,981,0,388,1591,2746,2692,572,1465,1701,2140,8066,3316,1126,1415,1850,5261,2218,7897,7890,5798,4638,61568,30682,31850,0,2997,4127,2510,37108,28054
30000,113405265,3071,1124,986,0,389,1599,2755,2696,574,1467,1709,2145,8098,3329,1128,1423,1853,5283,2225,7931,7924,5822,4653,61772,30788,31939,0,3006,4137,2515,37237,28163
