t , Ki , Mi , Ni , Vxi , Vyi , Vzi , Txi , Tyi , Tzi
0 , 116.915 , 0.0389717 , 3e+21 , 1.63271 , -2.78819 , -6.59378 , 0.0259841 , 0.025867 , 0.0260766
1.97474e-08 , 116.915 , 0.0389717 , 3e+21 , 1.63271 , -2.78819 , -6.59378 , 0.0259841 , 0.025867 , 0.0260766
3.94949e-08 , 116.915 , 0.0389717 , 3e+21 , 1.63271 , -2.78819 , -6.59378 , 0.0259841 , 0.025867 , 0.0260766
5.92423e-08 , 116.915 , 0.0389717 , 3e+21 , 1.63271 , -2.78819 , -6.59378 , 0.0259841 , 0.025867 , 0.0260766
7.89897e-08 , 116.915 , 0.0389717 , 3e+21 , 1.63271 , -2.78819 , -6.59378 , 0.0259841 , 0.025867 , 0.0260766
9.87371e-08 , 116.915 , 0.0389717 , 3e+21 , 1.63271 , -2.78819 , -6.59378 , 0.0259841 , 0.025867 , 0.0260766
1.18485e-07 , 116.915 , 0.0389717 , 3e+21 , 1.63271 , -2.78819 , -6.59378 , 0.0259841 , 0.025867 , 0.0260766
1.38232e-07 , 116.915 , 0.0389717 , 3e+21 , 1.63271 , -2.78819 , -6.59378 , 0.0259841 , 0.025867 , 0.0260766
1.57979e-07 , 116.915 , 0.0389717 , 3e+21 , 1.63271 , -2.78819 , -6.59378 , 0.0259841 , 0.025867 , 0.0260766
1.77727e-07 , 116.915 , 0.0389717 , 3e+21 , 1.63271 , -2.78819 , -6.59378 , 0.0259841 , 0.025867 , 0.0260766
1.97474e-07 , 116.915 , 0.0389717 , 3e+21 , 1.63271 , -2.78819 , -6.59378 , 0.0259841 , 0.025867 , 0.0260766
2.17222e-07 , 116.915 , 0.0389717 , 3e+21 , 1.63271 , -2.78819 , -6.59378 , 0.0259841 , 0.025867 , 0.0260766
2.36969e-07 , 116.915 , 0.0389717 , 3e+21 , 1.63271 , -2.78819 , -6.59378 , 0.0259841 , 0.025867 , 0.0260766
2.56717e-07 , 116.915 , 0.0389717 , 3e+21 , 1.63271 , -2.78819 , -6.59378 , 0.0259841 , 0.025867 , 0.0260766
2.76464e-07 , 116.915 , 0.0389717 , 3e+21 , 1.63271 , -2.78819 , -6.59378 , 0.0259841 , 0.025867 , 0.0260766
2.96211e-07 , 116.915 , 0.0389717 , 3e+21 , 1.63271 , -2.78819 , -6.59378 , 0.0259841 , 0.025867 , 0.0260766
3.15959e-07 , 116.915 , 0.0389717 , 3e+21 , 1.63271 , -2.78819 , -6.59378 , 0.0259841 , 0.025867 , 0.0260766
3.35706e-07 , 116.915 , 0.0389717 , 3e+21 , 1.63271 , -2.78819 , -6.59378 , 0.0259841 , 0.025867 , 0.0260766
3.55454e-07 , 116.915 , 0.0389717 , 3e+21 , 1.63271 , -2.78819 , -6.59378 , 0.0259841 , 0.025867 , 0.0260766
3.75201e-07 , 116.915 , 0.0389717 , 3e+21 , 1.63271 , -2.78819 , -6.59378 , 0.0259841 , 0.025867 , 0.0260766
3.94949e-07 , 116.915 , 0.0389717 , 3e+21 , 1.63271 , -2.78819 , -6.59378 , 0.0259841 , 0.025867 , 0.0260766
4.14696e-07 , 116.915 , 0.0389717 , 3e+21 , 1.63271 , -2.78819 , -6.59378 , 0.0259841 , 0.025867 , 0.0260766
4.34443e-07 , 116.915 , 0.0389717 , 3e+21 , 1.63271 , -2.78819 , -6.59378 , 0.0259841 , 0.025867 , 0.0260766
4.54191e-07 , 116.915 , 0.0389717 , 3e+21 , 1.63271 , -2.78819 , -6.59378 , 0.0259841 , 0.025867 , 0.0260766
4.73938e-07 , 116.915 , 0.0389717 , 3e+21 , 1.63271 , -2.78819 , -6.59378 , 0.0259841 , 0.025867 , 0.0260766
4.93686e-07 , 116.915 , 0.0389717 , 3e+21 , 1.63271 , -2.78819 , -6.59378 , 0.0259841 , 0.025867 , 0.0260766
5.13433e-07 , 116.915 , 0.0389717 , 3e+21 , 1.63271 , -2.78819 , -6.59378 , 0.0259841 , 0.025867 , 0.0260766
5.33181e-07 , 116.915 , 0.0389717 , 3e+21 , 1.63271 , -2.78819 , -6.59378 , 0.0259841 , 0.025867 , 0.0260766
5.52928e-07 , 116.915 , 0.0389717 , 3e+21 , 1.63271 , -2.78819 , -6.59378 , 0.0259841 , 0.025867 , 0.0260766
5.72675e-07 , 116.915 , 0.0389717 , 3e+21 , 1.63271 , -2.78819 , -6.59378 , 0.0259841 , 0.025867 , 0.0260766
5.92423e-07 , 116.915 , 0.0389717 , 3e+21 , 1.63271 , -2.78819 , -6.59378 , 0.0259841 , 0.025867 , 0.0260766
6.1217e-07 , 116.915 , 0.0389717 , 3e+21 , 1.63271 , -2.78819 , -6.59378 , 0.0259841 , 0.025867 , 0.0260766
6.31918e-07 , 116.915 , 0.0389717 , 3e+21 , 1.63271 , -2.78819 , -6.59378 , 0.0259841 , 0.025867 , 0.0260766
6.51665e-07 , 116.915 , 0.0389717 , 3e+21 , 1.63271 , -2.78819 , -6.59378 , 0.0259841 , 0.025867 , 0.0260766
6.71413e-07 , 116.915 , 0.0389717 , 3e+21 , 1.63271 , -2.78819 , -6.59378 , 0.0259841 , 0.025867 , 0.0260766
6.9116e-07 , 116.915 , 0.0389717 , 3e+21 , 1.63271 , -2.78819 , -6.59378 , 0.0259841 , 0.025867 , 0.0260766
7.10907e-07 , 116.915 , 0.0389717 , 3e+21 , 1.63271 , -2.78819 , -6.59378 , 0.0259841 , 0.025867 , 0.0260766
7.30655e-07 , 116.915 , 0.0389717 , 3e+21 , 1.63271 , -2.78819 , -6.59378 , 0.0259841 , 0.025867 , 0.0260766
7.50402e-07 , 116.915 , 0.0389717 , 3e+21 , 1.63271 , -2.78819 , -6.59378 , 0.0259841 , 0.025867 , 0.0260766
7.7015e-07 , 116.915 , 0.0389717 , 3e+21 , 1.63271 , -2.78819 , -6.59378 , 0.0259841 , 0.025867 , 0.0260766
7.89897e-07 , 116.915 , 0.0389717 , 3e+21 , 1.63271 , -2.78819 , -6.59378 , 0.0259841 , 0.025867 , 0.0260766
8.09645e-07 , 116.915 , 0.0389717 , 3e+21 , 1.63271 , -2.78819 , -6.59378 , 0.0259841 , 0.025867 , 0.0260766
8.29392e-07 , 116.915 , 0.0389717 , 3e+21 , 1.63271 , -2.78819 , -6.59378 , 0.0259841 , 0.025867 , 0.0260766
8.49139e-07 , 116.915 , 0.0389717 , 3e+21 , 1.63271 , -2.78819 , -6.59378 , 0.0259841 , 0.025867 , 0.0260766
8.68887e-07 , 116.915 , 0.0389717 , 3e+21 , 1.63271 , -2.78819 , -6.59378 , 0.0259841 , 0.025867 , 0.0260766
8.88634e-07 , 116.915 , 0.0389717 , 3e+21 , 1.63271 , -2.78819 , -6.59378 , 0.0259841 , 0.025867 , 0.0260766
9.08382e-07 , 116.915 , 0.0389717 , 3e+21 , 1.63271 , -2.78819 , -6.59378 , 0.0259841 , 0.025867 , 0.0260766
9.28129e-07 , 116.915 , 0.0389717 , 3e+21 , 1.63271 , -2.78819 , -6.59378 , 0.0259841 , 0.025867 , 0.0260766
9.47877e-07 , 116.915 , 0.0389717 , 3e+21 , 1.63271 , -2.78819 , -6.59378 , 0.0259841 , 0.025867 , 0.0260766
9.67624e-07 , 116.915 , 0.0389717 , 3e+21 , 1.63271 , -2.78819 , -6.59378 , 0.0259841 , 0.025867 , 0.0260766
9.87371e-07 , 116.915 , 0.0389717 , 3e+21 , 1.63271 , -2.78819 , -6.59378 , 0.0259841 , 0.025867 , 0.0260766
1.00712e-06 , 116.915 , 0.0389717 , 3e+21 , 1.63271 , -2.78819 , -6.59378 , 0.0259841 , 0.025867 , 0.0260766
1.02687e-06 , 116.915 , 0.0389717 , 3e+21 , 1.63271 , -2.78819 , -6.59378 , 0.0259841 , 0.025867 , 0.0260766
1.04661e-06 , 116.915 , 0.0389717 , 3e+21 , 1.63271 , -2.78819 , -6.59378 , 0.0259841 , 0.025867 , 0.0260766
1.06636e-06 , 116.915 , 0.0389717 , 3e+21 , 1.63271 , -2.78819 , -6.59378 , 0.0259841 , 0.025867 , 0.0260766
1.08611e-06 , 116.915 , 0.0389717 , 3e+21 , 1.63271 , -2.78819 , -6.59378 , 0.0259841 , 0.025867 , 0.0260766
1.10586e-06 , 116.915 , 0.0389717 , 3e+21 , 1.63271 , -2.78819 , -6.59378 , 0.0259841 , 0.025867 , 0.0260766
1.1256e-06 , 116.915 , 0.0389717 , 3e+21 , 1.63271 , -2.78819 , -6.59378 , 0.0259841 , 0.025867 , 0.0260766
1.14535e-06 , 116.915 , 0.0389717 , 3e+21 , 1.63271 , -2.78819 , -6.59378 , 0.0259841 , 0.025867 , 0.0260766
1.1651e-06 , 116.915 , 0.0389717 , 3e+21 , 1.63271 , -2.78819 , -6.59378 , 0.0259841 , 0.025867 , 0.0260766
1.18485e-06 , 116.915 , 0.0389717 , 3e+21 , 1.63271 , -2.78819 , -6.59378 , 0.0259841 , 0.025867 , 0.0260766
1.20459e-06 , 116.915 , 0.0389717 , 3e+21 , 1.63271 , -2.78819 , -6.59378 , 0.0259841 , 0.025867 , 0.0260766
1.22434e-06 , 116.915 , 0.0389717 , 3e+21 , 1.63271 , -2.78819 , -6.59378 , 0.0259841 , 0.025867 , 0.0260766
1.24409e-06 , 116.915 , 0.0389717 , 3e+21 , 1.63271 , -2.78819 , -6.59378 , 0.0259841 , 0.025867 , 0.0260766
1.26384e-06 , 116.915 , 0.0389717 , 3e+21 , 1.63271 , -2.78819 , -6.59378 , 0.0259841 , 0.025867 , 0.0260766
1.28358e-06 , 116.915 , 0.0389717 , 3e+21 , 1.63271 , -2.78819 , -6.59378 , 0.0259841 , 0.025867 , 0.0260766
1.30333e-06 , 116.915 , 0.0389717 , 3e+21 , 1.63271 , -2.78819 , -6.59378 , 0.0259841 , 0.025867 , 0.0260766
1.32308e-06 , 116.915 , 0.0389717 , 3e+21 , 1.63271 , -2.78819 , -6.59378 , 0.0259841 , 0.025867 , 0.0260766
1.34283e-06 , 116.915 , 0.0389717 , 3e+21 , 1.63271 , -2.78819 , -6.59378 , 0.0259841 , 0.025867 , 0.0260766
1.36257e-06 , 116.915 , 0.0389717 , 3e+21 , 1.63271 , -2.78819 , -6.59378 , 0.0259841 , 0.025867 , 0.0260766
1.38232e-06 , 116.915 , 0.0389717 , 3e+21 , 1.63271 , -2.78819 , -6.59378 , 0.0259841 , 0.025867 , 0.0260766
1.40207e-06 , 116.915 , 0.0389717 , 3e+21 , 1.63271 , -2.78819 , -6.59378 , 0.0259841 , 0.025867 , 0.0260766
1.42181e-06 , 116.915 , 0.0389717 , 3e+21 , 1.63271 , -2.78819 , -6.59378 , 0.0259841 , 0.025867 , 0.0260766
1.44156e-06 , 116.915 , 0.0389717 , 3e+21 , 1.63271 , -2.78819 , -6.59378 , 0.0259841 , 0.025867 , 0.0260766
1.46131e-06 , 116.915 , 0.0389717 , 3e+21 , 1.63271 , -2.78819 , -6.59378 , 0.0259841 , 0.025867 , 0.0260766
1.48106e-06 , 116.915 , 0.0389717 , 3e+21 , 1.63271 , -2.78819 , -6.59378 , 0.0259841 , 0.025867 , 0.0260766
1.5008e-06 , 116.915 , 0.0389717 , 3e+21 , 1.63271 , -2.78819 , -6.59378 , 0.0259841 , 0.025867 , 0.0260766
1.52055e-06 , 116.915 , 0.0389717 , 3e+21 , 1.63271 , -2.78819 , -6.59378 , 0.0259841 , 0.025867 , 0.0260766
1.5403e-06 , 116.915 , 0.0389717 , 3e+21 , 1.63271 , -2.78819 , -6.59378 , 0.0259841 , 0.025867 , 0.0260766
1.56005e-06 , 116.915 , 0.0389717 , 3e+21 , 1.63271 , -2.78819 , -6.59378 , 0.0259841 , 0.025867 , 0.0260766
1.57979e-06 , 116.915 , 0.0389717 , 3e+21 , 1.63271 , -2.78819 , -6.59378 , 0.0259841 , 0.025867 , 0.0260766
1.59954e-06 , 116.915 , 0.0389717 , 3e+21 , 1.63271 , -2.78819 , -6.59378 , 0.0259841 , 0.025867 , 0.0260766
1.61929e-06 , 116.915 , 0.0389717 , 3e+21 , 1.63271 , -2.78819 , -6.59378 , 0.0259841 , 0.025867 , 0.0260766
1.63904e-06 , 116.915 , 0.0389717 , 3e+21 , 1.63271 , -2.78819 , -6.59378 , 0.0259841 , 0.025867 , 0.0260766
1.65878e-06 , 116.915 , 0.0389717 , 3e+21 , 1.63271 , -2.78819 , -6.59378 , 0.0259841 , 0.025867 , 0.0260766
1.67853e-06 , 116.915 , 0.0389717 , 3e+21 , 1.63271 , -2.78819 , -6.59378 , 0.0259841 , 0.025867 , 0.0260766
1.69828e-06 , 116.915 , 0.0389717 , 3e+21 , 1.63271 , -2.78819 , -6.59378 , 0.0259841 , 0.025867 , 0.0260766
1.71803e-06 , 116.915 , 0.0389717 , 3e+21 , 1.63271 , -2.78819 , -6.59378 , 0.0259841 , 0.025867 , 0.0260766
1.73777e-06 , 116.915 , 0.0389717 , 3e+21 , 1.63271 , -2.78819 , -6.59378 , 0.0259841 , 0.025867 , 0.0260766
1.75752e-06 , 116.915 , 0.0389717 , 3e+21 , 1.63271 , -2.78819 , -6.59378 , 0.0259841 , 0.025867 , 0.0260766
1.77727e-06 , 116.915 , 0.0389717 , 3e+21 , 1.63271 , -2.78819 , -6.59378 , 0.0259841 , 0.025867 , 0.0260766
1.79702e-06 , 116.915 , 0.0389717 , 3e+21 , 1.63271 , -2.78819 , -6.59378 , 0.0259841 , 0.025867 , 0.0260766
1.81676e-06 , 116.915 , 0.0389717 , 3e+21 , 1.63271 , -2.78819 , -6.59378 , 0.0259841 , 0.025867 , 0.0260766
1.83651e-06 , 116.915 , 0.0389717 , 3e+21 , 1.63271 , -2.78819 , -6.59378 , 0.0259841 , 0.025867 , 0.0260766
1.85626e-06 , 116.915 , 0.0389717 , 3e+21 , 1.63271 , -2.78819 , -6.59378 , 0.0259841 , 0.025867 , 0.0260766
1.87601e-06 , 116.915 , 0.0389717 , 3e+21 , 1.63271 , -2.78819 , -6.59378 , 0.0259841 , 0.025867 , 0.0260766
1.89575e-06 , 116.915 , 0.0389717 , 3e+21 , 1.63271 , -2.78819 , -6.59378 , 0.0259841 , 0.025867 , 0.0260766
1.9155e-06 , 116.915 , 0.0389717 , 3e+21 , 1.63271 , -2.78819 , -6.59378 , 0.0259841 , 0.025867 , 0.0260766
1.93525e-06 , 116.915 , 0.0389717 , 3e+21 , 1.63271 , -2.78819 , -6.59378 , 0.0259841 , 0.025867 , 0.0260766
1.955e-06 , 116.915 , 0.0389717 , 3e+21 , 1.63271 , -2.78819 , -6.59378 , 0.0259841 , 0.025867 , 0.0260766
1.97474e-06 , 116.915 , 0.0389717 , 3e+21 , 1.63271 , -2.78819 , -6.59378 , 0.0259841 , 0.025867 , 0.0260766
1.99449e-06 , 116.915 , 0.0389717 , 3e+21 , 1.63271 , -2.78819 , -6.59378 , 0.0259841 , 0.025867 , 0.0260766
2.01424e-06 , 116.915 , 0.0389717 , 3e+21 , 1.63271 , -2.78819 , -6.59378 , 0.0259841 , 0.025867 , 0.0260766
2.03399e-06 , 116.915 , 0.0389717 , 3e+21 , 1.63271 , -2.78819 , -6.59378 , 0.0259841 , 0.025867 , 0.0260766
2.05373e-06 , 116.915 , 0.0389717 , 3e+21 , 1.63271 , -2.78819 , -6.59378 , 0.0259841 , 0.025867 , 0.0260766
2.07348e-06 , 116.915 , 0.0389717 , 3e+21 , 1.63271 , -2.78819 , -6.59378 , 0.0259841 , 0.025867 , 0.0260766
2.09323e-06 , 116.915 , 0.0389717 , 3e+21 , 1.63271 , -2.78819 , -6.59378 , 0.0259841 , 0.025867 , 0.0260766
2.11297e-06 , 116.915 , 0.0389717 , 3e+21 , 1.63271 , -2.78819 , -6.59378 , 0.0259841 , 0.025867 , 0.0260766
2.13272e-06 , 116.915 , 0.0389717 , 3e+21 , 1.63271 , -2.78819 , -6.59378 , 0.0259841 , 0.025867 , 0.0260766
2.15247e-06 , 116.915 , 0.0389717 , 3e+21 , 1.63271 , -2.78819 , -6.59378 , 0.0259841 , 0.025867 , 0.0260766
2.17222e-06 , 116.915 , 0.0389717 , 3e+21 , 1.63271 , -2.78819 , -6.59378 , 0.0259841 , 0.025867 , 0.0260766
2.19196e-06 , 116.915 , 0.0389717 , 3e+21 , 1.63271 , -2.78819 , -6.59378 , 0.0259841 , 0.025867 , 0.0260766
2.21171e-06 , 116.915 , 0.0389717 , 3e+21 , 1.63271 , -2.78819 , -6.59378 , 0.0259841 , 0.025867 , 0.0260766
2.23146e-06 , 116.915 , 0.0389717 , 3e+21 , 1.63271 , -2.78819 , -6.59378 , 0.0259841 , 0.025867 , 0.0260766
2.25121e-06 , 116.915 , 0.0389717 , 3e+21 , 1.63271 , -2.78819 , -6.59378 , 0.0259841 , 0.025867 , 0.0260766
2.27095e-06 , 116.915 , 0.0389717 , 3e+21 , 1.63271 , -2.78819 , -6.59378 , 0.0259841 , 0.025867 , 0.0260766
2.2907e-06 , 116.915 , 0.0389717 , 3e+21 , 1.63271 , -2.78819 , -6.59378 , 0.0259841 , 0.025867 , 0.0260766
2.31045e-06 , 116.915 , 0.0389717 , 3e+21 , 1.63271 , -2.78819 , -6.59378 , 0.0259841 , 0.025867 , 0.0260766
2.3302e-06 , 116.915 , 0.0389717 , 3e+21 , 1.63271 , -2.78819 , -6.59378 , 0.0259841 , 0.025867 , 0.0260766
2.34994e-06 , 116.915 , 0.0389717 , 3e+21 , 1.63271 , -2.78819 , -6.59378 , 0.0259841 , 0.025867 , 0.0260766
2.36969e-06 , 116.915 , 0.0389717 , 3e+21 , 1.63271 , -2.78819 , -6.59378 , 0.0259841 , 0.025867 , 0.0260766
2.38944e-06 , 116.915 , 0.0389717 , 3e+21 , 1.63271 , -2.78819 , -6.59378 , 0.0259841 , 0.025867 , 0.0260766
2.40919e-06 , 116.915 , 0.0389717 , 3e+21 , 1.63271 , -2.78819 , -6.59378 , 0.0259841 , 0.025867 , 0.0260766
2.42893e-06 , 116.915 , 0.0389717 , 3e+21 , 1.63271 , -2.78819 , -6.59378 , 0.0259841 , 0.025867 , 0.0260766
2.44868e-06 , 116.915 , 0.0389717 , 3e+21 , 1.63271 , -2.78819 , -6.59378 , 0.0259841 , 0.025867 , 0.0260766
2.46843e-06 , 116.915 , 0.0389717 , 3e+21 , 1.63271 , -2.78819 , -6.59378 , 0.0259841 , 0.025867 , 0.0260766
2.48818e-06 , 116.915 , 0.0389717 , 3e+21 , 1.63271 , -2.78819 , -6.59378 , 0.0259841 , 0.025867 , 0.0260766
2.50792e-06 , 116.915 , 0.0389717 , 3e+21 , 1.63271 , -2.78819 , -6.59378 , 0.0259841 , 0.025867 , 0.0260766
2.52767e-06 , 116.915 , 0.0389717 , 3e+21 , 1.63271 , -2.78819 , -6.59378 , 0.0259841 , 0.025867 , 0.0260766
2.54742e-06 , 116.915 , 0.0389717 , 3e+21 , 1.63271 , -2.78819 , -6.59378 , 0.0259841 , 0.025867 , 0.0260766
2.56717e-06 , 116.915 , 0.0389717 , 3e+21 , 1.63271 , -2.78819 , -6.59378 , 0.0259841 , 0.025867 , 0.0260766
2.58691e-06 , 116.915 , 0.0389717 , 3e+21 , 1.63271 , -2.78819 , -6.59378 , 0.0259841 , 0.025867 , 0.0260766
2.60666e-06 , 116.915 , 0.0389717 , 3e+21 , 1.63271 , -2.78819 , -6.59378 , 0.0259841 , 0.025867 , 0.0260766
2.62641e-06 , 116.915 , 0.0389717 , 3e+21 , 1.63271 , -2.78819 , -6.59378 , 0.0259841 , 0.025867 , 0.0260766
2.64616e-06 , 116.915 , 0.0389717 , 3e+21 , 1.63271 , -2.78819 , -6.59378 , 0.0259841 , 0.025867 , 0.0260766
2.6659e-06 , 116.915 , 0.0389717 , 3e+21 , 1.63271 , -2.78819 , -6.59378 , 0.0259841 , 0.025867 , 0.0260766
2.68565e-06 , 116.915 , 0.0389717 , 3e+21 , 1.63271 , -2.78819 , -6.59378 , 0.0259841 , 0.025867 , 0.0260766
2.7054e-06 , 116.915 , 0.0389717 , 3e+21 , 1.63271 , -2.78819 , -6.59378 , 0.0259841 , 0.025867 , 0.0260766
2.72515e-06 , 116.915 , 0.0389717 , 3e+21 , 1.63271 , -2.78819 , -6.59378 , 0.0259841 , 0.025867 , 0.0260766
2.74489e-06 , 116.915 , 0.0389717 , 3e+21 , 1.63271 , -2.78819 , -6.59378 , 0.0259841 , 0.025867 , 0.0260766
2.76464e-06 , 116.915 , 0.0389717 , 3e+21 , 1.63271 , -2.78819 , -6.59378 , 0.0259841 , 0.025867 , 0.0260766
2.78439e-06 , 116.915 , 0.0389717 , 3e+21 , 1.63271 , -2.78819 , -6.59378 , 0.0259841 , 0.025867 , 0.0260766
2.80413e-06 , 116.915 , 0.0389717 , 3e+21 , 1.63271 , -2.78819 , -6.59378 , 0.0259841 , 0.025867 , 0.0260766
2.82388e-06 , 116.915 , 0.0389717 , 3e+21 , 1.63271 , -2.78819 , -6.59378 , 0.0259841 , 0.025867 , 0.0260766
2.84363e-06 , 116.915 , 0.0389717 , 3e+21 , 1.63271 , -2.78819 , -6.59378 , 0.0259841 , 0.025867 , 0.0260766
2.86338e-06 , 116.915 , 0.0389717 , 3e+21 , 1.63271 , -2.78819 , -6.59378 , 0.0259841 , 0.025867 , 0.0260766
2.88312e-06 , 116.915 , 0.0389717 , 3e+21 , 1.63271 , -2.78819 , -6.59378 , 0.0259841 , 0.025867 , 0.0260766
2.90287e-06 , 116.915 , 0.0389717 , 3e+21 , 1.63271 , -2.78819 , -6.59378 , 0.0259841 , 0.025867 , 0.0260766
2.92262e-06 , 116.915 , 0.0389717 , 3e+21 , 1.63271 , -2.78819 , -6.59378 , 0.0259841 , 0.025867 , 0.0260766
2.94237e-06 , 116.915 , 0.0389717 , 3e+21 , 1.63271 , -2.78819 , -6.59378 , 0.0259841 , 0.025867 , 0.0260766
2.96211e-06 , 116.915 , 0.0389717 , 3e+21 , 1.63271 , -2.78819 , -6.59378 , 0.0259841 , 0.025867 , 0.0260766
2.98186e-06 , 116.915 , 0.0389717 , 3e+21 , 1.63271 , -2.78819 , -6.59378 , 0.0259841 , 0.025867 , 0.0260766
3.00161e-06 , 116.915 , 0.0389717 , 3e+21 , 1.63271 , -2.78819 , -6.59378 , 0.0259841 , 0.025867 , 0.0260766
3.02136e-06 , 116.915 , 0.0389717 , 3e+21 , 1.63271 , -2.78819 , -6.59378 , 0.0259841 , 0.025867 , 0.0260766
3.0411e-06 , 116.915 , 0.0389717 , 3e+21 , 1.63271 , -2.78819 , -6.59378 , 0.0259841 , 0.025867 , 0.0260766
3.06085e-06 , 116.915 , 0.0389717 , 3e+21 , 1.63271 , -2.78819 , -6.59378 , 0.0259841 , 0.025867 , 0.0260766
3.0806e-06 , 116.915 , 0.0389717 , 3e+21 , 1.63271 , -2.78819 , -6.59378 , 0.0259841 , 0.025867 , 0.0260766
3.10035e-06 , 116.915 , 0.0389717 , 3e+21 , 1.63271 , -2.78819 , -6.59378 , 0.0259841 , 0.025867 , 0.0260766
3.12009e-06 , 116.915 , 0.0389717 , 3e+21 , 1.63271 , -2.78819 , -6.59378 , 0.0259841 , 0.025867 , 0.0260766
3.13984e-06 , 116.915 , 0.0389717 , 3e+21 , 1.63271 , -2.78819 , -6.59378 , 0.0259841 , 0.025867 , 0.0260766
3.15959e-06 , 116.915 , 0.0389717 , 3e+21 , 1.63271 , -2.78819 , -6.59378 , 0.0259841 , 0.025867 , 0.0260766
3.17934e-06 , 116.915 , 0.0389717 , 3e+21 , 1.63271 , -2.78819 , -6.59378 , 0.0259841 , 0.025867 , 0.0260766
3.19908e-06 , 116.915 , 0.0389717 , 3e+21 , 1.63271 , -2.78819 , -6.59378 , 0.0259841 , 0.025867 , 0.0260766
3.21883e-06 , 116.915 , 0.0389717 , 3e+21 , 1.63271 , -2.78819 , -6.59378 , 0.0259841 , 0.025867 , 0.0260766
3.23858e-06 , 116.915 , 0.0389717 , 3e+21 , 1.63271 , -2.78819 , -6.59378 , 0.0259841 , 0.025867 , 0.0260766
3.25833e-06 , 116.915 , 0.0389717 , 3e+21 , 1.63271 , -2.78819 , -6.59378 , 0.0259841 , 0.025867 , 0.0260766
3.27807e-06 , 116.915 , 0.0389717 , 3e+21 , 1.63271 , -2.78819 , -6.59378 , 0.0259841 , 0.025867 , 0.0260766
3.29782e-06 , 116.915 , 0.0389717 , 3e+21 , 1.63271 , -2.78819 , -6.59378 , 0.0259841 , 0.025867 , 0.0260766
3.31757e-06 , 116.915 , 0.0389717 , 3e+21 , 1.63271 , -2.78819 , -6.59378 , 0.0259841 , 0.025867 , 0.0260766
3.33732e-06 , 116.915 , 0.0389717 , 3e+21 , 1.63271 , -2.78819 , -6.59378 , 0.0259841 , 0.025867 , 0.0260766
3.35706e-06 , 116.915 , 0.0389717 , 3e+21 , 1.63271 , -2.78819 , -6.59378 , 0.0259841 , 0.025867 , 0.0260766
3.37681e-06 , 116.915 , 0.0389717 , 3e+21 , 1.63271 , -2.78819 , -6.59378 , 0.0259841 , 0.025867 , 0.0260766
3.39656e-06 , 116.915 , 0.0389717 , 3e+21 , 1.63271 , -2.78819 , -6.59378 , 0.0259841 , 0.025867 , 0.0260766
3.41631e-06 , 116.915 , 0.0389717 , 3e+21 , 1.63271 , -2.78819 , -6.59378 , 0.0259841 , 0.025867 , 0.0260766
3.43605e-06 , 116.915 , 0.0389717 , 3e+21 , 1.63271 , -2.78819 , -6.59378 , 0.0259841 , 0.025867 , 0.0260766
3.4558e-06 , 116.915 , 0.0389717 , 3e+21 , 1.63271 , -2.78819 , -6.59378 , 0.0259841 , 0.025867 , 0.0260766
3.47555e-06 , 116.915 , 0.0389717 , 3e+21 , 1.63271 , -2.78819 , -6.59378 , 0.0259841 , 0.025867 , 0.0260766
3.49529e-06 , 116.915 , 0.0389717 , 3e+21 , 1.63271 , -2.78819 , -6.59378 , 0.0259841 , 0.025867 , 0.0260766
3.51504e-06 , 116.915 , 0.0389717 , 3e+21 , 1.63271 , -2.78819 , -6.59378 , 0.0259841 , 0.025867 , 0.0260766
3.53479e-06 , 116.915 , 0.0389717 , 3e+21 , 1.63271 , -2.78819 , -6.59378 , 0.0259841 , 0.025867 , 0.0260766
3.55454e-06 , 116.915 , 0.0389717 , 3e+21 , 1.63271 , -2.78819 , -6.59378 , 0.0259841 , 0.025867 , 0.0260766
3.57428e-06 , 116.915 , 0.0389717 , 3e+21 , 1.63271 , -2.78819 , -6.59378 , 0.0259841 , 0.025867 , 0.0260766
3.59403e-06 , 116.915 , 0.0389717 , 3e+21 , 1.63271 , -2.78819 , -6.59378 , 0.0259841 , 0.025867 , 0.0260766
3.61378e-06 , 116.915 , 0.0389717 , 3e+21 , 1.63271 , -2.78819 , -6.59378 , 0.0259841 , 0.025867 , 0.0260766
3.63353e-06 , 116.915 , 0.0389717 , 3e+21 , 1.63271 , -2.78819 , -6.59378 , 0.0259841 , 0.025867 , 0.0260766
3.65327e-06 , 116.915 , 0.0389717 , 3e+21 , 1.63271 , -2.78819 , -6.59378 , 0.0259841 , 0.025867 , 0.0260766
3.67302e-06 , 116.915 , 0.0389717 , 3e+21 , 1.63271 , -2.78819 , -6.59378 , 0.0259841 , 0.025867 , 0.0260766
3.69277e-06 , 116.915 , 0.0389717 , 3e+21 , 1.63271 , -2.78819 , -6.59378 , 0.0259841 , 0.025867 , 0.0260766
3.71252e-06 , 116.915 , 0.0389717 , 3e+21 , 1.63271 , -2.78819 , -6.59378 , 0.0259841 , 0.025867 , 0.0260766
3.73226e-06 , 116.915 , 0.0389717 , 3e+21 , 1.63271 , -2.78819 , -6.59378 , 0.0259841 , 0.025867 , 0.0260766
3.75201e-06 , 116.915 , 0.0389717 , 3e+21 , 1.63271 , -2.78819 , -6.59378 , 0.0259841 , 0.025867 , 0.0260766
3.77176e-06 , 116.915 , 0.0389717 , 3e+21 , 1.63271 , -2.78819 , -6.59378 , 0.0259841 , 0.025867 , 0.0260766
3.79151e-06 , 116.915 , 0.0389717 , 3e+21 , 1.63271 , -2.78819 , -6.59378 , 0.0259841 , 0.025867 , 0.0260766
3.81125e-06 , 116.915 , 0.0389717 , 3e+21 , 1.63271 , -2.78819 , -6.59378 , 0.0259841 , 0.025867 , 0.0260766
3.831e-06 , 116.915 , 0.0389717 , 3e+21 , 1.63271 , -2.78819 , -6.59378 , 0.0259841 , 0.025867 , 0.0260766
3.85075e-06 , 116.915 , 0.0389717 , 3e+21 , 1.63271 , -2.78819 , -6.59378 , 0.0259841 , 0.025867 , 0.0260766
3.8705e-06 , 116.915 , 0.0389717 , 3e+21 , 1.63271 , -2.78819 , -6.59378 , 0.0259841 , 0.025867 , 0.0260766
3.89024e-06 , 116.915 , 0.0389717 , 3e+21 , 1.63271 , -2.78819 , -6.59378 , 0.0259841 , 0.025867 , 0.0260766
3.90999e-06 , 116.915 , 0.0389717 , 3e+21 , 1.63271 , -2.78819 , -6.59378 , 0.0259841 , 0.025867 , 0.0260766
3.92974e-06 , 116.915 , 0.0389717 , 3e+21 , 1.63271 , -2.78819 , -6.59378 , 0.0259841 , 0.025867 , 0.0260766
3.94949e-06 , 116.915 , 0.0389717 , 3e+21 , 1.63271 , -2.78819 , -6.59378 , 0.0259841 , 0.025867 , 0.0260766
3.96923e-06 , 116.915 , 0.0389717 , 3e+21 , 1.63271 , -2.78819 , -6.59378 , 0.0259841 , 0.025867 , 0.0260766
3.98898e-06 , 116.915 , 0.0389717 , 3e+21 , 1.63271 , -2.78819 , -6.59378 , 0.0259841 , 0.025867 , 0.0260766
4.00873e-06 , 116.915 , 0.0389717 , 3e+21 , 1.63271 , -2.78819 , -6.59378 , 0.0259841 , 0.025867 , 0.0260766
4.02848e-06 , 116.915 , 0.0389717 , 3e+21 , 1.63271 , -2.78819 , -6.59378 , 0.0259841 , 0.025867 , 0.0260766
4.04822e-06 , 116.915 , 0.0389717 , 3e+21 , 1.63271 , -2.78819 , -6.59378 , 0.0259841 , 0.025867 , 0.0260766
4.06797e-06 , 116.915 , 0.0389717 , 3e+21 , 1.63271 , -2.78819 , -6.59378 , 0.0259841 , 0.025867 , 0.0260766
4.08772e-06 , 116.915 , 0.0389717 , 3e+21 , 1.63271 , -2.78819 , -6.59378 , 0.0259841 , 0.025867 , 0.0260766
4.10747e-06 , 116.915 , 0.0389717 , 3e+21 , 1.63271 , -2.78819 , -6.59378 , 0.0259841 , 0.025867 , 0.0260766
4.12721e-06 , 116.915 , 0.0389717 , 3e+21 , 1.63271 , -2.78819 , -6.59378 , 0.0259841 , 0.025867 , 0.0260766
4.14696e-06 , 116.915 , 0.0389717 , 3e+21 , 1.63271 , -2.78819 , -6.59378 , 0.0259841 , 0.025867 , 0.0260766
4.16671e-06 , 116.915 , 0.0389717 , 3e+21 , 1.63271 , -2.78819 , -6.59378 , 0.0259841 , 0.025867 , 0.0260766
4.18645e-06 , 116.915 , 0.0389717 , 3e+21 , 1.63271 , -2.78819 , -6.59378 , 0.0259841 , 0.025867 , 0.0260766
4.2062e-06 , 116.915 , 0.0389717 , 3e+21 , 1.63271 , -2.78819 , -6.59378 , 0.0259841 , 0.025867 , 0.0260766
4.22595e-06 , 116.915 , 0.0389717 , 3e+21 , 1.63271 , -2.78819 , -6.59378 , 0.0259841 , 0.025867 , 0.0260766
4.2457e-06 , 116.915 , 0.0389717 , 3e+21 , 1.63271 , -2.78819 , -6.59378 , 0.0259841 , 0.025867 , 0.0260766
4.26544e-06 , 116.915 , 0.0389717 , 3e+21 , 1.63271 , -2.78819 , -6.59378 , 0.0259841 , 0.025867 , 0.0260766
4.28519e-06 , 116.915 , 0.0389717 , 3e+21 , 1.63271 , -2.78819 , -6.59378 , 0.0259841 , 0.025867 , 0.0260766
4.30494e-06 , 116.915 , 0.0389717 , 3e+21 , 1.63271 , -2.78819 , -6.59378 , 0.0259841 , 0.025867 , 0.0260766
4.32469e-06 , 116.915 , 0.0389717 , 3e+21 , 1.63271 , -2.78819 , -6.59378 , 0.0259841 , 0.025867 , 0.0260766
4.34443e-06 , 116.915 , 0.0389717 , 3e+21 , 1.63271 , -2.78819 , -6.59378 , 0.0259841 , 0.025867 , 0.0260766
4.36418e-06 , 116.915 , 0.0389717 , 3e+21 , 1.63271 , -2.78819 , -6.59378 , 0.0259841 , 0.025867 , 0.0260766
4.38393e-06 , 116.915 , 0.0389717 , 3e+21 , 1.63271 , -2.78819 , -6.59378 , 0.0259841 , 0.025867 , 0.0260766
4.40368e-06 , 116.915 , 0.0389717 , 3e+21 , 1.63271 , -2.78819 , -6.59378 , 0.0259841 , 0.025867 , 0.0260766
4.42342e-06 , 116.915 , 0.0389717 , 3e+21 , 1.63271 , -2.78819 , -6.59378 , 0.0259841 , 0.025867 , 0.0260766
4.44317e-06 , 116.915 , 0.0389717 , 3e+21 , 1.63271 , -2.78819 , -6.59378 , 0.0259841 , 0.025867 , 0.0260766
4.46292e-06 , 116.915 , 0.0389717 , 3e+21 , 1.63271 , -2.78819 , -6.59378 , 0.0259841 , 0.025867 , 0.0260766
4.48267e-06 , 116.915 , 0.0389717 , 3e+21 , 1.63271 , -2.78819 , -6.59378 , 0.0259841 , 0.025867 , 0.0260766
4.50241e-06 , 116.915 , 0.0389717 , 3e+21 , 1.63271 , -2.78819 , -6.59378 , 0.0259841 , 0.025867 , 0.0260766
4.52216e-06 , 116.915 , 0.0389717 , 3e+21 , 1.63271 , -2.78819 , -6.59378 , 0.0259841 , 0.025867 , 0.0260766
4.54191e-06 , 116.915 , 0.0389717 , 3e+21 , 1.63271 , -2.78819 , -6.59378 , 0.0259841 , 0.025867 , 0.0260766
4.56166e-06 , 116.915 , 0.0389717 , 3e+21 , 1.63271 , -2.78819 , -6.59378 , 0.0259841 , 0.025867 , 0.0260766
4.5814e-06 , 116.915 , 0.0389717 , 3e+21 , 1.63271 , -2.78819 , -6.59378 , 0.0259841 , 0.025867 , 0.0260766
4.60115e-06 , 116.915 , 0.0389717 , 3e+21 , 1.63271 , -2.78819 , -6.59378 , 0.0259841 , 0.025867 , 0.0260766
4.6209e-06 , 116.915 , 0.0389717 , 3e+21 , 1.63271 , -2.78819 , -6.59378 , 0.0259841 , 0.025867 , 0.0260766
4.64065e-06 , 116.915 , 0.0389717 , 3e+21 , 1.63271 , -2.78819 , -6.59378 , 0.0259841 , 0.025867 , 0.0260766
4.66039e-06 , 116.915 , 0.0389717 , 3e+21 , 1.63271 , -2.78819 , -6.59378 , 0.0259841 , 0.025867 , 0.0260766
4.68014e-06 , 116.915 , 0.0389717 , 3e+21 , 1.63271 , -2.78819 , -6.59378 , 0.0259841 , 0.025867 , 0.0260766
4.69989e-06 , 116.915 , 0.0389717 , 3e+21 , 1.63271 , -2.78819 , -6.59378 , 0.0259841 , 0.025867 , 0.0260766
4.71964e-06 , 116.915 , 0.0389717 , 3e+21 , 1.63271 , -2.78819 , -6.59378 , 0.0259841 , 0.025867 , 0.0260766
4.73938e-06 , 116.915 , 0.0389717 , 3e+21 , 1.63271 , -2.78819 , -6.59378 , 0.0259841 , 0.025867 , 0.0260766
4.75913e-06 , 116.915 , 0.0389717 , 3e+21 , 1.63271 , -2.78819 , -6.59378 , 0.0259841 , 0.025867 , 0.0260766
4.77888e-06 , 116.915 , 0.0389717 , 3e+21 , 1.63271 , -2.78819 , -6.59378 , 0.0259841 , 0.025867 , 0.0260766
4.79863e-06 , 116.915 , 0.0389717 , 3e+21 , 1.63271 , -2.78819 , -6.59378 , 0.0259841 , 0.025867 , 0.0260766
4.81837e-06 , 116.915 , 0.0389717 , 3e+21 , 1.63271 , -2.78819 , -6.59378 , 0.0259841 , 0.025867 , 0.0260766
4.83812e-06 , 116.915 , 0.0389717 , 3e+21 , 1.63271 , -2.78819 , -6.59378 , 0.0259841 , 0.025867 , 0.0260766
4.85787e-06 , 116.915 , 0.0389717 , 3e+21 , 1.63271 , -2.78819 , -6.59378 , 0.0259841 , 0.025867 , 0.0260766
4.87761e-06 , 116.915 , 0.0389717 , 3e+21 , 1.63271 , -2.78819 , -6.59378 , 0.0259841 , 0.025867 , 0.0260766
4.89736e-06 , 116.915 , 0.0389717 , 3e+21 , 1.63271 , -2.78819 , -6.59378 , 0.0259841 , 0.025867 , 0.0260766
4.91711e-06 , 116.915 , 0.0389717 , 3e+21 , 1.63271 , -2.78819 , -6.59378 , 0.0259841 , 0.025867 , 0.0260766
4.93686e-06 , 116.915 , 0.0389717 , 3e+21 , 1.63271 , -2.78819 , -6.59378 , 0.0259841 , 0.025867 , 0.0260766
4.9566e-06 , 116.915 , 0.0389717 , 3e+21 , 1.63271 , -2.78819 , -6.59378 , 0.0259841 , 0.025867 , 0.0260766
4.97635e-06 , 116.915 , 0.0389717 , 3e+21 , 1.63271 , -2.78819 , -6.59378 , 0.0259841 , 0.025867 , 0.0260766
4.9961e-06 , 116.915 , 0.0389717 , 3e+21 , 1.63271 , -2.78819 , -6.59378 , 0.0259841 , 0.025867 , 0.0260766
5.01585e-06 , 116.915 , 0.0389717 , 3e+21 , 1.63271 , -2.78819 , -6.59378 , 0.0259841 , 0.025867 , 0.0260766
5.03559e-06 , 116.915 , 0.0389717 , 3e+21 , 1.63271 , -2.78819 , -6.59378 , 0.0259841 , 0.025867 , 0.0260766
5.05534e-06 , 116.915 , 0.0389717 , 3e+21 , 1.63271 , -2.78819 , -6.59378 , 0.0259841 , 0.025867 , 0.0260766
5.07509e-06 , 116.915 , 0.0389717 , 3e+21 , 1.63271 , -2.78819 , -6.59378 , 0.0259841 , 0.025867 , 0.0260766
5.09484e-06 , 116.915 , 0.0389717 , 3e+21 , 1.63271 , -2.78819 , -6.59378 , 0.0259841 , 0.025867 , 0.0260766
5.11458e-06 , 116.915 , 0.0389717 , 3e+21 , 1.63271 , -2.78819 , -6.59378 , 0.0259841 , 0.025867 , 0.0260766
5.13433e-06 , 116.915 , 0.0389717 , 3e+21 , 1.63271 , -2.78819 , -6.59378 , 0.0259841 , 0.025867 , 0.0260766
5.15408e-06 , 116.915 , 0.0389717 , 3e+21 , 1.63271 , -2.78819 , -6.59378 , 0.0259841 , 0.025867 , 0.0260766
5.17383e-06 , 116.915 , 0.0389717 , 3e+21 , 1.63271 , -2.78819 , -6.59378 , 0.0259841 , 0.025867 , 0.0260766
5.19357e-06 , 116.915 , 0.0389717 , 3e+21 , 1.63271 , -2.78819 , -6.59378 , 0.0259841 , 0.025867 , 0.0260766
5.21332e-06 , 116.915 , 0.0389717 , 3e+21 , 1.63271 , -2.78819 , -6.59378 , 0.0259841 , 0.025867 , 0.0260766
5.23307e-06 , 116.915 , 0.0389717 , 3e+21 , 1.63271 , -2.78819 , -6.59378 , 0.0259841 , 0.025867 , 0.0260766
5.25282e-06 , 116.915 , 0.0389717 , 3e+21 , 1.63271 , -2.78819 , -6.59378 , 0.0259841 , 0.025867 , 0.0260766
5.27256e-06 , 116.915 , 0.0389717 , 3e+21 , 1.63271 , -2.78819 , -6.59378 , 0.0259841 , 0.025867 , 0.0260766
5.29231e-06 , 116.915 , 0.0389717 , 3e+21 , 1.63271 , -2.78819 , -6.59378 , 0.0259841 , 0.025867 , 0.0260766
5.31206e-06 , 116.915 , 0.0389717 , 3e+21 , 1.63271 , -2.78819 , -6.59378 , 0.0259841 , 0.025867 , 0.0260766
5.33181e-06 , 116.915 , 0.0389717 , 3e+21 , 1.63271 , -2.78819 , -6.59378 , 0.0259841 , 0.025867 , 0.0260766
5.35155e-06 , 116.915 , 0.0389717 , 3e+21 , 1.63271 , -2.78819 , -6.59378 , 0.0259841 , 0.025867 , 0.0260766
5.3713e-06 , 116.915 , 0.0389717 , 3e+21 , 1.63271 , -2.78819 , -6.59378 , 0.0259841 , 0.025867 , 0.0260766
5.39105e-06 , 116.915 , 0.0389717 , 3e+21 , 1.63271 , -2.78819 , -6.59378 , 0.0259841 , 0.025867 , 0.0260766
5.4108e-06 , 116.915 , 0.0389717 , 3e+21 , 1.63271 , -2.78819 , -6.59378 , 0.0259841 , 0.025867 , 0.0260766
5.43054e-06 , 116.915 , 0.0389717 , 3e+21 , 1.63271 , -2.78819 , -6.59378 , 0.0259841 , 0.025867 , 0.0260766
5.45029e-06 , 116.915 , 0.0389717 , 3e+21 , 1.63271 , -2.78819 , -6.59378 , 0.0259841 , 0.025867 , 0.0260766
5.47004e-06 , 116.915 , 0.0389717 , 3e+21 , 1.63271 , -2.78819 , -6.59378 , 0.0259841 , 0.025867 , 0.0260766
5.48978e-06 , 116.915 , 0.0389717 , 3e+21 , 1.63271 , -2.78819 , -6.59378 , 0.0259841 , 0.025867 , 0.0260766
5.50953e-06 , 116.915 , 0.0389717 , 3e+21 , 1.63271 , -2.78819 , -6.59378 , 0.0259841 , 0.025867 , 0.0260766
5.52928e-06 , 116.915 , 0.0389717 , 3e+21 , 1.63271 , -2.78819 , -6.59378 , 0.0259841 , 0.025867 , 0.0260766
5.54903e-06 , 116.915 , 0.0389717 , 3e+21 , 1.63271 , -2.78819 , -6.59378 , 0.0259841 , 0.025867 , 0.0260766
5.56877e-06 , 116.915 , 0.0389717 , 3e+21 , 1.63271 , -2.78819 , -6.59378 , 0.0259841 , 0.025867 , 0.0260766
5.58852e-06 , 116.915 , 0.0389717 , 3e+21 , 1.63271 , -2.78819 , -6.59378 , 0.0259841 , 0.025867 , 0.0260766
5.60827e-06 , 116.915 , 0.0389717 , 3e+21 , 1.63271 , -2.78819 , -6.59378 , 0.0259841 , 0.025867 , 0.0260766
5.62802e-06 , 116.915 , 0.0389717 , 3e+21 , 1.63271 , -2.78819 , -6.59378 , 0.0259841 , 0.025867 , 0.0260766
5.64776e-06 , 116.915 , 0.0389717 , 3e+21 , 1.63271 , -2.78819 , -6.59378 , 0.0259841 , 0.025867 , 0.0260766
5.66751e-06 , 116.915 , 0.0389717 , 3e+21 , 1.63271 , -2.78819 , -6.59378 , 0.0259841 , 0.025867 , 0.0260766
5.68726e-06 , 116.915 , 0.0389717 , 3e+21 , 1.63271 , -2.78819 , -6.59378 , 0.0259841 , 0.025867 , 0.0260766
5.70701e-06 , 116.915 , 0.0389717 , 3e+21 , 1.63271 , -2.78819 , -6.59378 , 0.0259841 , 0.025867 , 0.0260766
5.72675e-06 , 116.915 , 0.0389717 , 3e+21 , 1.63271 , -2.78819 , -6.59378 , 0.0259841 , 0.025867 , 0.0260766
5.7465e-06 , 116.915 , 0.0389717 , 3e+21 , 1.63271 , -2.78819 , -6.59378 , 0.0259841 , 0.025867 , 0.0260766
5.76625e-06 , 116.915 , 0.0389717 , 3e+21 , 1.63271 , -2.78819 , -6.59378 , 0.0259841 , 0.025867 , 0.0260766
5.786e-06 , 116.915 , 0.0389717 , 3e+21 , 1.63271 , -2.78819 , -6.59378 , 0.0259841 , 0.025867 , 0.0260766
5.80574e-06 , 116.915 , 0.0389717 , 3e+21 , 1.63271 , -2.78819 , -6.59378 , 0.0259841 , 0.025867 , 0.0260766
5.82549e-06 , 116.915 , 0.0389717 , 3e+21 , 1.63271 , -2.78819 , -6.59378 , 0.0259841 , 0.025867 , 0.0260766
5.84524e-06 , 116.915 , 0.0389717 , 3e+21 , 1.63271 , -2.78819 , -6.59378 , 0.0259841 , 0.025867 , 0.0260766
5.86499e-06 , 116.915 , 0.0389717 , 3e+21 , 1.63271 , -2.78819 , -6.59378 , 0.0259841 , 0.025867 , 0.0260766
5.88473e-06 , 116.915 , 0.0389717 , 3e+21 , 1.63271 , -2.78819 , -6.59378 , 0.0259841 , 0.025867 , 0.0260766
5.90448e-06 , 116.915 , 0.0389717 , 3e+21 , 1.63271 , -2.78819 , -6.59378 , 0.0259841 , 0.025867 , 0.0260766
5.92423e-06 , 116.915 , 0.0389717 , 3e+21 , 1.63271 , -2.78819 , -6.59378 , 0.0259841 , 0.025867 , 0.0260766
