t , Ki , Mi , Ni , Vxi , Vyi , Vzi , Txi , Tyi , Tzi
0 , 118.572 , 0.039524 , 3e+21 , 5.30159 , -2.5587 , 0.335 , 0.0265536 , 0.0268309 , 0.0256534
5e-05 , 118.572 , 0.039524 , 3e+21 , 5.30159 , -2.5587 , 0.335 , 0.0265536 , 0.0268309 , 0.0256534
0.0001 , 118.572 , 0.039524 , 3e+21 , 5.30159 , -2.5587 , 0.335 , 0.0265536 , 0.0268309 , 0.0256534
0.00015 , 118.572 , 0.039524 , 3e+21 , 5.30159 , -2.5587 , 0.335 , 0.0265536 , 0.0268309 , 0.0256534
0.0002 , 118.572 , 0.039524 , 3e+21 , 5.30159 , -2.5587 , 0.335 , 0.0265536 , 0.0268309 , 0.0256534
0.00025 , 118.572 , 0.039524 , 3e+21 , 5.30159 , -2.5587 , 0.335 , 0.0265536 , 0.0268309 , 0.0256534
0.0003 , 118.572 , 0.039524 , 3e+21 , 5.30159 , -2.5587 , 0.335 , 0.0265536 , 0.0268309 , 0.0256534
0.00035 , 118.572 , 0.039524 , 3e+21 , 5.30159 , -2.5587 , 0.335 , 0.0265536 , 0.0268309 , 0.0256534
0.0004 , 118.572 , 0.039524 , 3e+21 , 5.30159 , -2.5587 , 0.335 , 0.0265536 , 0.0268309 , 0.0256534
0.00045 , 118.572 , 0.039524 , 3e+21 , 5.30159 , -2.5587 , 0.335 , 0.0265536 , 0.0268309 , 0.0256534
0.0005 , 118.572 , 0.039524 , 3e+21 , 5.30159 , -2.5587 , 0.335 , 0.0265536 , 0.0268309 , 0.0256534
0.00055 , 118.572 , 0.039524 , 3e+21 , 5.30159 , -2.5587 , 0.335 , 0.0265536 , 0.0268309 , 0.0256534
0.0006 , 118.572 , 0.039524 , 3e+21 , 5.30159 , -2.5587 , 0.335 , 0.0265536 , 0.0268309 , 0.0256534
0.00065 , 118.572 , 0.039524 , 3e+21 , 5.30159 , -2.5587 , 0.335 , 0.0265536 , 0.0268309 , 0.0256534
0.0007 , 118.572 , 0.039524 , 3e+21 , 5.30159 , -2.5587 , 0.335 , 0.0265536 , 0.0268309 , 0.0256534
0.00075 , 118.572 , 0.039524 , 3e+21 , 5.30159 , -2.5587 , 0.335 , 0.0265536 , 0.0268309 , 0.0256534
0.0008 , 118.572 , 0.039524 , 3e+21 , 5.30159 , -2.5587 , 0.335 , 0.0265536 , 0.0268309 , 0.0256534
0.00085 , 118.572 , 0.039524 , 3e+21 , 5.30159 , -2.5587 , 0.335 , 0.0265536 , 0.0268309 , 0.0256534
0.0009 , 118.572 , 0.039524 , 3e+21 , 5.30159 , -2.5587 , 0.335 , 0.0265536 , 0.0268309 , 0.0256534
0.00095 , 118.572 , 0.039524 , 3e+21 , 5.30159 , -2.5587 , 0.335 , 0.0265536 , 0.0268309 , 0.0256534
0.001 , 118.572 , 0.039524 , 3e+21 , 5.30159 , -2.5587 , 0.335 , 0.0265536 , 0.0268309 , 0.0256534
0.00105 , 118.572 , 0.039524 , 3e+21 , 5.30159 , -2.5587 , 0.335 , 0.0265536 , 0.0268309 , 0.0256534
0.0011 , 118.572 , 0.039524 , 3e+21 , 5.30159 , -2.5587 , 0.335 , 0.0265536 , 0.0268309 , 0.0256534
0.00115 , 118.572 , 0.039524 , 3e+21 , 5.30159 , -2.5587 , 0.335 , 0.0265536 , 0.0268309 , 0.0256534
0.0012 , 118.572 , 0.039524 , 3e+21 , 5.30159 , -2.5587 , 0.335 , 0.0265536 , 0.0268309 , 0.0256534
0.00125 , 118.572 , 0.039524 , 3e+21 , 5.30159 , -2.5587 , 0.335 , 0.0265536 , 0.0268309 , 0.0256534
0.0013 , 118.572 , 0.039524 , 3e+21 , 5.30159 , -2.5587 , 0.335 , 0.0265536 , 0.0268309 , 0.0256534
0.00135 , 118.572 , 0.039524 , 3e+21 , 5.30159 , -2.5587 , 0.335 , 0.0265536 , 0.0268309 , 0.0256534
0.0014 , 118.572 , 0.039524 , 3e+21 , 5.30159 , -2.5587 , 0.335 , 0.0265536 , 0.0268309 , 0.0256534
0.00145 , 118.572 , 0.039524 , 3e+21 , 5.30159 , -2.5587 , 0.335 , 0.0265536 , 0.0268309 , 0.0256534
0.0015 , 118.572 , 0.039524 , 3e+21 , 5.30159 , -2.5587 , 0.335 , 0.0265536 , 0.0268309 , 0.0256534
0.00155 , 118.572 , 0.039524 , 3e+21 , 5.30159 , -2.5587 , 0.335 , 0.0265536 , 0.0268309 , 0.0256534
0.0016 , 118.572 , 0.039524 , 3e+21 , 5.30159 , -2.5587 , 0.335 , 0.0265536 , 0.0268309 , 0.0256534
0.00165 , 118.572 , 0.039524 , 3e+21 , 5.30159 , -2.5587 , 0.335 , 0.0265536 , 0.0268309 , 0.0256534
0.0017 , 118.572 , 0.039524 , 3e+21 , 5.30159 , -2.5587 , 0.335 , 0.0265536 , 0.0268309 , 0.0256534
0.00175 , 118.572 , 0.039524 , 3e+21 , 5.30159 , -2.5587 , 0.335 , 0.0265536 , 0.0268309 , 0.0256534
0.0018 , 118.572 , 0.039524 , 3e+21 , 5.30159 , -2.5587 , 0.335 , 0.0265536 , 0.0268309 , 0.0256534
0.00185 , 118.572 , 0.039524 , 3e+21 , 5.30159 , -2.5587 , 0.335 , 0.0265536 , 0.0268309 , 0.0256534
0.0019 , 118.572 , 0.039524 , 3e+21 , 5.30159 , -2.5587 , 0.335 , 0.0265536 , 0.0268309 , 0.0256534
0.00195 , 118.572 , 0.039524 , 3e+21 , 5.30159 , -2.5587 , 0.335 , 0.0265536 , 0.0268309 , 0.0256534
0.002 , 118.572 , 0.039524 , 3e+21 , 5.30159 , -2.5587 , 0.335 , 0.0265536 , 0.0268309 , 0.0256534
0.00205 , 118.572 , 0.039524 , 3e+21 , 5.30159 , -2.5587 , 0.335 , 0.0265536 , 0.0268309 , 0.0256534
0.0021 , 118.572 , 0.039524 , 3e+21 , 5.30159 , -2.5587 , 0.335 , 0.0265536 , 0.0268309 , 0.0256534
0.00215 , 118.572 , 0.039524 , 3e+21 , 5.30159 , -2.5587 , 0.335 , 0.0265536 , 0.0268309 , 0.0256534
0.0022 , 118.572 , 0.039524 , 3e+21 , 5.30159 , -2.5587 , 0.335 , 0.0265536 , 0.0268309 , 0.0256534
0.00225 , 118.572 , 0.039524 , 3e+21 , 5.30159 , -2.5587 , 0.335 , 0.0265536 , 0.0268309 , 0.0256534
0.0023 , 118.572 , 0.039524 , 3e+21 , 5.30159 , -2.5587 , 0.335 , 0.0265536 , 0.0268309 , 0.0256534
0.00235 , 118.572 , 0.039524 , 3e+21 , 5.30159 , -2.5587 , 0.335 , 0.0265536 , 0.0268309 , 0.0256534
0.0024 , 118.572 , 0.039524 , 3e+21 , 5.30159 , -2.5587 , 0.335 , 0.0265536 , 0.0268309 , 0.0256534
0.00245 , 118.572 , 0.039524 , 3e+21 , 5.30159 , -2.5587 , 0.335 , 0.0265536 , 0.0268309 , 0.0256534
0.0025 , 118.572 , 0.039524 , 3e+21 , 5.30159 , -2.5587 , 0.335 , 0.0265536 , 0.0268309 , 0.0256534
0.00255 , 118.572 , 0.039524 , 3e+21 , 5.30159 , -2.5587 , 0.335 , 0.0265536 , 0.0268309 , 0.0256534
0.0026 , 118.572 , 0.039524 , 3e+21 , 5.30159 , -2.5587 , 0.335 , 0.0265536 , 0.0268309 , 0.0256534
0.00265 , 118.572 , 0.039524 , 3e+21 , 5.30159 , -2.5587 , 0.335 , 0.0265536 , 0.0268309 , 0.0256534
0.0027 , 118.572 , 0.039524 , 3e+21 , 5.30159 , -2.5587 , 0.335 , 0.0265536 , 0.0268309 , 0.0256534
0.00275 , 118.572 , 0.039524 , 3e+21 , 5.30159 , -2.5587 , 0.335 , 0.0265536 , 0.0268309 , 0.0256534
0.0028 , 118.572 , 0.039524 , 3e+21 , 5.30159 , -2.5587 , 0.335 , 0.0265536 , 0.0268309 , 0.0256534
0.00285 , 118.572 , 0.039524 , 3e+21 , 5.30159 , -2.5587 , 0.335 , 0.0265536 , 0.0268309 , 0.0256534
0.0029 , 118.572 , 0.039524 , 3e+21 , 5.30159 , -2.5587 , 0.335 , 0.0265536 , 0.0268309 , 0.0256534
0.00295 , 118.572 , 0.039524 , 3e+21 , 5.30159 , -2.5587 , 0.335 , 0.0265536 , 0.0268309 , 0.0256534
0.003 , 118.572 , 0.039524 , 3e+21 , 5.30159 , -2.5587 , 0.335 , 0.0265536 , 0.0268309 , 0.0256534
0.00305 , 118.572 , 0.039524 , 3e+21 , 5.30159 , -2.5587 , 0.335 , 0.0265536 , 0.0268309 , 0.0256534
0.0031 , 118.572 , 0.039524 , 3e+21 , 5.30159 , -2.5587 , 0.335 , 0.0265536 , 0.0268309 , 0.0256534
0.00315 , 118.572 , 0.039524 , 3e+21 , 5.30159 , -2.5587 , 0.335 , 0.0265536 , 0.0268309 , 0.0256534
0.0032 , 118.572 , 0.039524 , 3e+21 , 5.30159 , -2.5587 , 0.335 , 0.0265536 , 0.0268309 , 0.0256534
0.00325 , 118.572 , 0.039524 , 3e+21 , 5.30159 , -2.5587 , 0.335 , 0.0265536 , 0.0268309 , 0.0256534
0.0033 , 118.572 , 0.039524 , 3e+21 , 5.30159 , -2.5587 , 0.335 , 0.0265536 , 0.0268309 , 0.0256534
0.00335 , 118.572 , 0.039524 , 3e+21 , 5.30159 , -2.5587 , 0.335 , 0.0265536 , 0.0268309 , 0.0256534
0.0034 , 118.572 , 0.039524 , 3e+21 , 5.30159 , -2.5587 , 0.335 , 0.0265536 , 0.0268309 , 0.0256534
0.00345 , 118.572 , 0.039524 , 3e+21 , 5.30159 , -2.5587 , 0.335 , 0.0265536 , 0.0268309 , 0.0256534
0.0035 , 118.572 , 0.039524 , 3e+21 , 5.30159 , -2.5587 , 0.335 , 0.0265536 , 0.0268309 , 0.0256534
0.00355 , 118.572 , 0.039524 , 3e+21 , 5.30159 , -2.5587 , 0.335 , 0.0265536 , 0.0268309 , 0.0256534
0.0036 , 118.572 , 0.039524 , 3e+21 , 5.30159 , -2.5587 , 0.335 , 0.0265536 , 0.0268309 , 0.0256534
0.00365 , 118.572 , 0.039524 , 3e+21 , 5.30159 , -2.5587 , 0.335 , 0.0265536 , 0.0268309 , 0.0256534
0.0037 , 118.572 , 0.039524 , 3e+21 , 5.30159 , -2.5587 , 0.335 , 0.0265536 , 0.0268309 , 0.0256534
0.00375 , 118.572 , 0.039524 , 3e+21 , 5.30159 , -2.5587 , 0.335 , 0.0265536 , 0.0268309 , 0.0256534
0.0038 , 118.572 , 0.039524 , 3e+21 , 5.30159 , -2.5587 , 0.335 , 0.0265536 , 0.0268309 , 0.0256534
0.00385 , 118.572 , 0.039524 , 3e+21 , 5.30159 , -2.5587 , 0.335 , 0.0265536 , 0.0268309 , 0.0256534
0.0039 , 118.572 , 0.039524 , 3e+21 , 5.30159 , -2.5587 , 0.335 , 0.0265536 , 0.0268309 , 0.0256534
0.00395 , 118.572 , 0.039524 , 3e+21 , 5.30159 , -2.5587 , 0.335 , 0.0265536 , 0.0268309 , 0.0256534
0.004 , 118.572 , 0.039524 , 3e+21 , 5.30159 , -2.5587 , 0.335 , 0.0265536 , 0.0268309 , 0.0256534
0.00405 , 118.572 , 0.039524 , 3e+21 , 5.30159 , -2.5587 , 0.335 , 0.0265536 , 0.0268309 , 0.0256534
0.0041 , 118.572 , 0.039524 , 3e+21 , 5.30159 , -2.5587 , 0.335 , 0.0265536 , 0.0268309 , 0.0256534
0.00415 , 118.572 , 0.039524 , 3e+21 , 5.30159 , -2.5587 , 0.335 , 0.0265536 , 0.0268309 , 0.0256534
0.0042 , 118.572 , 0.039524 , 3e+21 , 5.30159 , -2.5587 , 0.335 , 0.0265536 , 0.0268309 , 0.0256534
0.00425 , 118.572 , 0.039524 , 3e+21 , 5.30159 , -2.5587 , 0.335 , 0.0265536 , 0.0268309 , 0.0256534
0.0043 , 118.572 , 0.039524 , 3e+21 , 5.30159 , -2.5587 , 0.335 , 0.0265536 , 0.0268309 , 0.0256534
0.00435 , 118.572 , 0.039524 , 3e+21 , 5.30159 , -2.5587 , 0.335 , 0.0265536 , 0.0268309 , 0.0256534
0.0044 , 118.572 , 0.039524 , 3e+21 , 5.30159 , -2.5587 , 0.335 , 0.0265536 , 0.0268309 , 0.0256534
0.00445 , 118.572 , 0.039524 , 3e+21 , 5.30159 , -2.5587 , 0.335 , 0.0265536 , 0.0268309 , 0.0256534
0.0045 , 118.572 , 0.039524 , 3e+21 , 5.30159 , -2.5587 , 0.335 , 0.0265536 , 0.0268309 , 0.0256534
0.00455 , 118.572 , 0.039524 , 3e+21 , 5.30159 , -2.5587 , 0.335 , 0.0265536 , 0.0268309 , 0.0256534
0.0046 , 118.572 , 0.039524 , 3e+21 , 5.30159 , -2.5587 , 0.335 , 0.0265536 , 0.0268309 , 0.0256534
0.00465 , 118.572 , 0.039524 , 3e+21 , 5.30159 , -2.5587 , 0.335 , 0.0265536 , 0.0268309 , 0.0256534
0.0047 , 118.572 , 0.039524 , 3e+21 , 5.30159 , -2.5587 , 0.335 , 0.0265536 , 0.0268309 , 0.0256534
0.00475 , 118.572 , 0.039524 , 3e+21 , 5.30159 , -2.5587 , 0.335 , 0.0265536 , 0.0268309 , 0.0256534
0.0048 , 118.572 , 0.039524 , 3e+21 , 5.30159 , -2.5587 , 0.335 , 0.0265536 , 0.0268309 , 0.0256534
0.00485 , 118.572 , 0.039524 , 3e+21 , 5.30159 , -2.5587 , 0.335 , 0.0265536 , 0.0268309 , 0.0256534
0.0049 , 118.572 , 0.039524 , 3e+21 , 5.30159 , -2.5587 , 0.335 , 0.0265536 , 0.0268309 , 0.0256534
0.00495 , 118.572 , 0.039524 , 3e+21 , 5.30159 , -2.5587 , 0.335 , 0.0265536 , 0.0268309 , 0.0256534
0.005 , 118.572 , 0.039524 , 3e+21 , 5.30159 , -2.5587 , 0.335 , 0.0265536 , 0.0268309 , 0.0256534
0.00505 , 118.572 , 0.039524 , 3e+21 , 5.30159 , -2.5587 , 0.335 , 0.0265536 , 0.0268309 , 0.0256534
0.0051 , 118.572 , 0.039524 , 3e+21 , 5.30159 , -2.5587 , 0.335 , 0.0265536 , 0.0268309 , 0.0256534
0.00515 , 118.572 , 0.039524 , 3e+21 , 5.30159 , -2.5587 , 0.335 , 0.0265536 , 0.0268309 , 0.0256534
0.0052 , 118.572 , 0.039524 , 3e+21 , 5.30159 , -2.5587 , 0.335 , 0.0265536 , 0.0268309 , 0.0256534
0.00525 , 118.572 , 0.039524 , 3e+21 , 5.30159 , -2.5587 , 0.335 , 0.0265536 , 0.0268309 , 0.0256534
0.0053 , 118.572 , 0.039524 , 3e+21 , 5.30159 , -2.5587 , 0.335 , 0.0265536 , 0.0268309 , 0.0256534
0.00535 , 118.572 , 0.039524 , 3e+21 , 5.30159 , -2.5587 , 0.335 , 0.0265536 , 0.0268309 , 0.0256534
0.0054 , 118.572 , 0.039524 , 3e+21 , 5.30159 , -2.5587 , 0.335 , 0.0265536 , 0.0268309 , 0.0256534
0.00545 , 118.572 , 0.039524 , 3e+21 , 5.30159 , -2.5587 , 0.335 , 0.0265536 , 0.0268309 , 0.0256534
0.0055 , 118.572 , 0.039524 , 3e+21 , 5.30159 , -2.5587 , 0.335 , 0.0265536 , 0.0268309 , 0.0256534
0.00555 , 118.572 , 0.039524 , 3e+21 , 5.30159 , -2.5587 , 0.335 , 0.0265536 , 0.0268309 , 0.0256534
0.0056 , 118.572 , 0.039524 , 3e+21 , 5.30159 , -2.5587 , 0.335 , 0.0265536 , 0.0268309 , 0.0256534
0.00565 , 118.572 , 0.039524 , 3e+21 , 5.30159 , -2.5587 , 0.335 , 0.0265536 , 0.0268309 , 0.0256534
0.0057 , 118.572 , 0.039524 , 3e+21 , 5.30159 , -2.5587 , 0.335 , 0.0265536 , 0.0268309 , 0.0256534
0.00575 , 118.572 , 0.039524 , 3e+21 , 5.30159 , -2.5587 , 0.335 , 0.0265536 , 0.0268309 , 0.0256534
0.0058 , 118.572 , 0.039524 , 3e+21 , 5.30159 , -2.5587 , 0.335 , 0.0265536 , 0.0268309 , 0.0256534
0.00585 , 118.572 , 0.039524 , 3e+21 , 5.30159 , -2.5587 , 0.335 , 0.0265536 , 0.0268309 , 0.0256534
0.0059 , 118.572 , 0.039524 , 3e+21 , 5.30159 , -2.5587 , 0.335 , 0.0265536 , 0.0268309 , 0.0256534
0.00595 , 118.572 , 0.039524 , 3e+21 , 5.30159 , -2.5587 , 0.335 , 0.0265536 , 0.0268309 , 0.0256534
0.006 , 118.572 , 0.039524 , 3e+21 , 5.30159 , -2.5587 , 0.335 , 0.0265536 , 0.0268309 , 0.0256534
0.00605 , 118.572 , 0.039524 , 3e+21 , 5.30159 , -2.5587 , 0.335 , 0.0265536 , 0.0268309 , 0.0256534
0.0061 , 118.572 , 0.039524 , 3e+21 , 5.30159 , -2.5587 , 0.335 , 0.0265536 , 0.0268309 , 0.0256534
0.00615 , 118.572 , 0.039524 , 3e+21 , 5.30159 , -2.5587 , 0.335 , 0.0265536 , 0.0268309 , 0.0256534
0.0062 , 118.572 , 0.039524 , 3e+21 , 5.30159 , -2.5587 , 0.335 , 0.0265536 , 0.0268309 , 0.0256534
0.00625 , 118.572 , 0.039524 , 3e+21 , 5.30159 , -2.5587 , 0.335 , 0.0265536 , 0.0268309 , 0.0256534
0.0063 , 118.572 , 0.039524 , 3e+21 , 5.30159 , -2.5587 , 0.335 , 0.0265536 , 0.0268309 , 0.0256534
0.00635 , 118.572 , 0.039524 , 3e+21 , 5.30159 , -2.5587 , 0.335 , 0.0265536 , 0.0268309 , 0.0256534
0.0064 , 118.572 , 0.039524 , 3e+21 , 5.30159 , -2.5587 , 0.335 , 0.0265536 , 0.0268309 , 0.0256534
0.00645 , 118.572 , 0.039524 , 3e+21 , 5.30159 , -2.5587 , 0.335 , 0.0265536 , 0.0268309 , 0.0256534
0.0065 , 118.572 , 0.039524 , 3e+21 , 5.30159 , -2.5587 , 0.335 , 0.0265536 , 0.0268309 , 0.0256534
0.00655 , 118.572 , 0.039524 , 3e+21 , 5.30159 , -2.5587 , 0.335 , 0.0265536 , 0.0268309 , 0.0256534
0.0066 , 118.572 , 0.039524 , 3e+21 , 5.30159 , -2.5587 , 0.335 , 0.0265536 , 0.0268309 , 0.0256534
0.00665 , 118.572 , 0.039524 , 3e+21 , 5.30159 , -2.5587 , 0.335 , 0.0265536 , 0.0268309 , 0.0256534
0.0067 , 118.572 , 0.039524 , 3e+21 , 5.30159 , -2.5587 , 0.335 , 0.0265536 , 0.0268309 , 0.0256534
0.00675 , 118.572 , 0.039524 , 3e+21 , 5.30159 , -2.5587 , 0.335 , 0.0265536 , 0.0268309 , 0.0256534
0.0068 , 118.572 , 0.039524 , 3e+21 , 5.30159 , -2.5587 , 0.335 , 0.0265536 , 0.0268309 , 0.0256534
0.00685 , 118.572 , 0.039524 , 3e+21 , 5.30159 , -2.5587 , 0.335 , 0.0265536 , 0.0268309 , 0.0256534
0.0069 , 118.572 , 0.039524 , 3e+21 , 5.30159 , -2.5587 , 0.335 , 0.0265536 , 0.0268309 , 0.0256534
0.00695 , 118.572 , 0.039524 , 3e+21 , 5.30159 , -2.5587 , 0.335 , 0.0265536 , 0.0268309 , 0.0256534
0.007 , 118.572 , 0.039524 , 3e+21 , 5.30159 , -2.5587 , 0.335 , 0.0265536 , 0.0268309 , 0.0256534
0.00705 , 118.572 , 0.039524 , 3e+21 , 5.30159 , -2.5587 , 0.335 , 0.0265536 , 0.0268309 , 0.0256534
0.0071 , 118.572 , 0.039524 , 3e+21 , 5.30159 , -2.5587 , 0.335 , 0.0265536 , 0.0268309 , 0.0256534
0.00715 , 118.572 , 0.039524 , 3e+21 , 5.30159 , -2.5587 , 0.335 , 0.0265536 , 0.0268309 , 0.0256534
0.0072 , 118.572 , 0.039524 , 3e+21 , 5.30159 , -2.5587 , 0.335 , 0.0265536 , 0.0268309 , 0.0256534
0.00725 , 118.572 , 0.039524 , 3e+21 , 5.30159 , -2.5587 , 0.335 , 0.0265536 , 0.0268309 , 0.0256534
0.0073 , 118.572 , 0.039524 , 3e+21 , 5.30159 , -2.5587 , 0.335 , 0.0265536 , 0.0268309 , 0.0256534
0.00735 , 118.572 , 0.039524 , 3e+21 , 5.30159 , -2.5587 , 0.335 , 0.0265536 , 0.0268309 , 0.0256534
0.0074 , 118.572 , 0.039524 , 3e+21 , 5.30159 , -2.5587 , 0.335 , 0.0265536 , 0.0268309 , 0.0256534
0.00745 , 118.572 , 0.039524 , 3e+21 , 5.30159 , -2.5587 , 0.335 , 0.0265536 , 0.0268309 , 0.0256534
0.0075 , 118.572 , 0.039524 , 3e+21 , 5.30159 , -2.5587 , 0.335 , 0.0265536 , 0.0268309 , 0.0256534
0.00755 , 118.572 , 0.039524 , 3e+21 , 5.30159 , -2.5587 , 0.335 , 0.0265536 , 0.0268309 , 0.0256534
0.0076 , 118.572 , 0.039524 , 3e+21 , 5.30159 , -2.5587 , 0.335 , 0.0265536 , 0.0268309 , 0.0256534
0.00765 , 118.572 , 0.039524 , 3e+21 , 5.30159 , -2.5587 , 0.335 , 0.0265536 , 0.0268309 , 0.0256534
0.0077 , 118.572 , 0.039524 , 3e+21 , 5.30159 , -2.5587 , 0.335 , 0.0265536 , 0.0268309 , 0.0256534
0.00775 , 118.572 , 0.039524 , 3e+21 , 5.30159 , -2.5587 , 0.335 , 0.0265536 , 0.0268309 , 0.0256534
0.0078 , 118.572 , 0.039524 , 3e+21 , 5.30159 , -2.5587 , 0.335 , 0.0265536 , 0.0268309 , 0.0256534
0.00785 , 118.572 , 0.039524 , 3e+21 , 5.30159 , -2.5587 , 0.335 , 0.0265536 , 0.0268309 , 0.0256534
0.0079 , 118.572 , 0.039524 , 3e+21 , 5.30159 , -2.5587 , 0.335 , 0.0265536 , 0.0268309 , 0.0256534
0.00795 , 118.572 , 0.039524 , 3e+21 , 5.30159 , -2.5587 , 0.335 , 0.0265536 , 0.0268309 , 0.0256534
0.008 , 118.572 , 0.039524 , 3e+21 , 5.30159 , -2.5587 , 0.335 , 0.0265536 , 0.0268309 , 0.0256534
0.00805 , 118.572 , 0.039524 , 3e+21 , 5.30159 , -2.5587 , 0.335 , 0.0265536 , 0.0268309 , 0.0256534
0.0081 , 118.572 , 0.039524 , 3e+21 , 5.30159 , -2.5587 , 0.335 , 0.0265536 , 0.0268309 , 0.0256534
0.00815 , 118.572 , 0.039524 , 3e+21 , 5.30159 , -2.5587 , 0.335 , 0.0265536 , 0.0268309 , 0.0256534
0.0082 , 118.572 , 0.039524 , 3e+21 , 5.30159 , -2.5587 , 0.335 , 0.0265536 , 0.0268309 , 0.0256534
0.00825 , 118.572 , 0.039524 , 3e+21 , 5.30159 , -2.5587 , 0.335 , 0.0265536 , 0.0268309 , 0.0256534
0.0083 , 118.572 , 0.039524 , 3e+21 , 5.30159 , -2.5587 , 0.335 , 0.0265536 , 0.0268309 , 0.0256534
0.00835 , 118.572 , 0.039524 , 3e+21 , 5.30159 , -2.5587 , 0.335 , 0.0265536 , 0.0268309 , 0.0256534
0.0084 , 118.572 , 0.039524 , 3e+21 , 5.30159 , -2.5587 , 0.335 , 0.0265536 , 0.0268309 , 0.0256534
0.00845 , 118.572 , 0.039524 , 3e+21 , 5.30159 , -2.5587 , 0.335 , 0.0265536 , 0.0268309 , 0.0256534
0.0085 , 118.572 , 0.039524 , 3e+21 , 5.30159 , -2.5587 , 0.335 , 0.0265536 , 0.0268309 , 0.0256534
0.00855 , 118.572 , 0.039524 , 3e+21 , 5.30159 , -2.5587 , 0.335 , 0.0265536 , 0.0268309 , 0.0256534
0.0086 , 118.572 , 0.039524 , 3e+21 , 5.30159 , -2.5587 , 0.335 , 0.0265536 , 0.0268309 , 0.0256534
0.00865 , 118.572 , 0.039524 , 3e+21 , 5.30159 , -2.5587 , 0.335 , 0.0265536 , 0.0268309 , 0.0256534
0.0087 , 118.572 , 0.039524 , 3e+21 , 5.30159 , -2.5587 , 0.335 , 0.0265536 , 0.0268309 , 0.0256534
0.00875 , 118.572 , 0.039524 , 3e+21 , 5.30159 , -2.5587 , 0.335 , 0.0265536 , 0.0268309 , 0.0256534
0.0088 , 118.572 , 0.039524 , 3e+21 , 5.30159 , -2.5587 , 0.335 , 0.0265536 , 0.0268309 , 0.0256534
0.00885 , 118.572 , 0.039524 , 3e+21 , 5.30159 , -2.5587 , 0.335 , 0.0265536 , 0.0268309 , 0.0256534
0.0089 , 118.572 , 0.039524 , 3e+21 , 5.30159 , -2.5587 , 0.335 , 0.0265536 , 0.0268309 , 0.0256534
0.00895 , 118.572 , 0.039524 , 3e+21 , 5.30159 , -2.5587 , 0.335 , 0.0265536 , 0.0268309 , 0.0256534
0.009 , 118.572 , 0.039524 , 3e+21 , 5.30159 , -2.5587 , 0.335 , 0.0265536 , 0.0268309 , 0.0256534
0.00905 , 118.572 , 0.039524 , 3e+21 , 5.30159 , -2.5587 , 0.335 , 0.0265536 , 0.0268309 , 0.0256534
0.0091 , 118.572 , 0.039524 , 3e+21 , 5.30159 , -2.5587 , 0.335 , 0.0265536 , 0.0268309 , 0.0256534
0.00915 , 118.572 , 0.039524 , 3e+21 , 5.30159 , -2.5587 , 0.335 , 0.0265536 , 0.0268309 , 0.0256534
0.0092 , 118.572 , 0.039524 , 3e+21 , 5.30159 , -2.5587 , 0.335 , 0.0265536 , 0.0268309 , 0.0256534
0.00925 , 118.572 , 0.039524 , 3e+21 , 5.30159 , -2.5587 , 0.335 , 0.0265536 , 0.0268309 , 0.0256534
0.0093 , 118.572 , 0.039524 , 3e+21 , 5.30159 , -2.5587 , 0.335 , 0.0265536 , 0.0268309 , 0.0256534
0.00935 , 118.572 , 0.039524 , 3e+21 , 5.30159 , -2.5587 , 0.335 , 0.0265536 , 0.0268309 , 0.0256534
0.0094 , 118.572 , 0.039524 , 3e+21 , 5.30159 , -2.5587 , 0.335 , 0.0265536 , 0.0268309 , 0.0256534
0.00945 , 118.572 , 0.039524 , 3e+21 , 5.30159 , -2.5587 , 0.335 , 0.0265536 , 0.0268309 , 0.0256534
0.0095 , 118.572 , 0.039524 , 3e+21 , 5.30159 , -2.5587 , 0.335 , 0.0265536 , 0.0268309 , 0.0256534
0.00955 , 118.572 , 0.039524 , 3e+21 , 5.30159 , -2.5587 , 0.335 , 0.0265536 , 0.0268309 , 0.0256534
0.0096 , 118.572 , 0.039524 , 3e+21 , 5.30159 , -2.5587 , 0.335 , 0.0265536 , 0.0268309 , 0.0256534
0.00965 , 118.572 , 0.039524 , 3e+21 , 5.30159 , -2.5587 , 0.335 , 0.0265536 , 0.0268309 , 0.0256534
0.0097 , 118.572 , 0.039524 , 3e+21 , 5.30159 , -2.5587 , 0.335 , 0.0265536 , 0.0268309 , 0.0256534
0.00975 , 118.572 , 0.039524 , 3e+21 , 5.30159 , -2.5587 , 0.335 , 0.0265536 , 0.0268309 , 0.0256534
0.0098 , 118.572 , 0.039524 , 3e+21 , 5.30159 , -2.5587 , 0.335 , 0.0265536 , 0.0268309 , 0.0256534
0.00985 , 118.572 , 0.039524 , 3e+21 , 5.30159 , -2.5587 , 0.335 , 0.0265536 , 0.0268309 , 0.0256534
0.0099 , 118.572 , 0.039524 , 3e+21 , 5.30159 , -2.5587 , 0.335 , 0.0265536 , 0.0268309 , 0.0256534
0.00995 , 118.572 , 0.039524 , 3e+21 , 5.30159 , -2.5587 , 0.335 , 0.0265536 , 0.0268309 , 0.0256534
0.01 , 118.572 , 0.039524 , 3e+21 , 5.30159 , -2.5587 , 0.335 , 0.0265536 , 0.0268309 , 0.0256534
0.01005 , 118.572 , 0.039524 , 3e+21 , 5.30159 , -2.5587 , 0.335 , 0.0265536 , 0.0268309 , 0.0256534
0.0101 , 118.572 , 0.039524 , 3e+21 , 5.30159 , -2.5587 , 0.335 , 0.0265536 , 0.0268309 , 0.0256534
0.01015 , 118.572 , 0.039524 , 3e+21 , 5.30159 , -2.5587 , 0.335 , 0.0265536 , 0.0268309 , 0.0256534
0.0102 , 118.572 , 0.039524 , 3e+21 , 5.30159 , -2.5587 , 0.335 , 0.0265536 , 0.0268309 , 0.0256534
0.01025 , 118.572 , 0.039524 , 3e+21 , 5.30159 , -2.5587 , 0.335 , 0.0265536 , 0.0268309 , 0.0256534
0.0103 , 118.572 , 0.039524 , 3e+21 , 5.30159 , -2.5587 , 0.335 , 0.0265536 , 0.0268309 , 0.0256534
0.01035 , 118.572 , 0.039524 , 3e+21 , 5.30159 , -2.5587 , 0.335 , 0.0265536 , 0.0268309 , 0.0256534
0.0104 , 118.572 , 0.039524 , 3e+21 , 5.30159 , -2.5587 , 0.335 , 0.0265536 , 0.0268309 , 0.0256534
0.01045 , 118.572 , 0.039524 , 3e+21 , 5.30159 , -2.5587 , 0.335 , 0.0265536 , 0.0268309 , 0.0256534
0.0105 , 118.572 , 0.039524 , 3e+21 , 5.30159 , -2.5587 , 0.335 , 0.0265536 , 0.0268309 , 0.0256534
0.01055 , 118.572 , 0.039524 , 3e+21 , 5.30159 , -2.5587 , 0.335 , 0.0265536 , 0.0268309 , 0.0256534
0.0106 , 118.572 , 0.039524 , 3e+21 , 5.30159 , -2.5587 , 0.335 , 0.0265536 , 0.0268309 , 0.0256534
0.01065 , 118.572 , 0.039524 , 3e+21 , 5.30159 , -2.5587 , 0.335 , 0.0265536 , 0.0268309 , 0.0256534
0.0107 , 118.572 , 0.039524 , 3e+21 , 5.30159 , -2.5587 , 0.335 , 0.0265536 , 0.0268309 , 0.0256534
0.01075 , 118.572 , 0.039524 , 3e+21 , 5.30159 , -2.5587 , 0.335 , 0.0265536 , 0.0268309 , 0.0256534
0.0108 , 118.572 , 0.039524 , 3e+21 , 5.30159 , -2.5587 , 0.335 , 0.0265536 , 0.0268309 , 0.0256534
0.01085 , 118.572 , 0.039524 , 3e+21 , 5.30159 , -2.5587 , 0.335 , 0.0265536 , 0.0268309 , 0.0256534
0.0109 , 118.572 , 0.039524 , 3e+21 , 5.30159 , -2.5587 , 0.335 , 0.0265536 , 0.0268309 , 0.0256534
0.01095 , 118.572 , 0.039524 , 3e+21 , 5.30159 , -2.5587 , 0.335 , 0.0265536 , 0.0268309 , 0.0256534
0.011 , 118.572 , 0.039524 , 3e+21 , 5.30159 , -2.5587 , 0.335 , 0.0265536 , 0.0268309 , 0.0256534
0.01105 , 118.572 , 0.039524 , 3e+21 , 5.30159 , -2.5587 , 0.335 , 0.0265536 , 0.0268309 , 0.0256534
0.0111 , 118.572 , 0.039524 , 3e+21 , 5.30159 , -2.5587 , 0.335 , 0.0265536 , 0.0268309 , 0.0256534
0.01115 , 118.572 , 0.039524 , 3e+21 , 5.30159 , -2.5587 , 0.335 , 0.0265536 , 0.0268309 , 0.0256534
0.0112 , 118.572 , 0.039524 , 3e+21 , 5.30159 , -2.5587 , 0.335 , 0.0265536 , 0.0268309 , 0.0256534
0.01125 , 118.572 , 0.039524 , 3e+21 , 5.30159 , -2.5587 , 0.335 , 0.0265536 , 0.0268309 , 0.0256534
0.0113 , 118.572 , 0.039524 , 3e+21 , 5.30159 , -2.5587 , 0.335 , 0.0265536 , 0.0268309 , 0.0256534
0.01135 , 118.572 , 0.039524 , 3e+21 , 5.30159 , -2.5587 , 0.335 , 0.0265536 , 0.0268309 , 0.0256534
0.0114 , 118.572 , 0.039524 , 3e+21 , 5.30159 , -2.5587 , 0.335 , 0.0265536 , 0.0268309 , 0.0256534
0.01145 , 118.572 , 0.039524 , 3e+21 , 5.30159 , -2.5587 , 0.335 , 0.0265536 , 0.0268309 , 0.0256534
0.0115 , 118.572 , 0.039524 , 3e+21 , 5.30159 , -2.5587 , 0.335 , 0.0265536 , 0.0268309 , 0.0256534
0.01155 , 118.572 , 0.039524 , 3e+21 , 5.30159 , -2.5587 , 0.335 , 0.0265536 , 0.0268309 , 0.0256534
0.0116 , 118.572 , 0.039524 , 3e+21 , 5.30159 , -2.5587 , 0.335 , 0.0265536 , 0.0268309 , 0.0256534
0.01165 , 118.572 , 0.039524 , 3e+21 , 5.30159 , -2.5587 , 0.335 , 0.0265536 , 0.0268309 , 0.0256534
0.0117 , 118.572 , 0.039524 , 3e+21 , 5.30159 , -2.5587 , 0.335 , 0.0265536 , 0.0268309 , 0.0256534
0.01175 , 118.572 , 0.039524 , 3e+21 , 5.30159 , -2.5587 , 0.335 , 0.0265536 , 0.0268309 , 0.0256534
0.0118 , 118.572 , 0.039524 , 3e+21 , 5.30159 , -2.5587 , 0.335 , 0.0265536 , 0.0268309 , 0.0256534
0.01185 , 118.572 , 0.039524 , 3e+21 , 5.30159 , -2.5587 , 0.335 , 0.0265536 , 0.0268309 , 0.0256534
0.0119 , 118.572 , 0.039524 , 3e+21 , 5.30159 , -2.5587 , 0.335 , 0.0265536 , 0.0268309 , 0.0256534
0.01195 , 118.572 , 0.039524 , 3e+21 , 5.30159 , -2.5587 , 0.335 , 0.0265536 , 0.0268309 , 0.0256534
0.012 , 118.572 , 0.039524 , 3e+21 , 5.30159 , -2.5587 , 0.335 , 0.0265536 , 0.0268309 , 0.0256534
0.01205 , 118.572 , 0.039524 , 3e+21 , 5.30159 , -2.5587 , 0.335 , 0.0265536 , 0.0268309 , 0.0256534
0.0121 , 118.572 , 0.039524 , 3e+21 , 5.30159 , -2.5587 , 0.335 , 0.0265536 , 0.0268309 , 0.0256534
0.01215 , 118.572 , 0.039524 , 3e+21 , 5.30159 , -2.5587 , 0.335 , 0.0265536 , 0.0268309 , 0.0256534
0.0122 , 118.572 , 0.039524 , 3e+21 , 5.30159 , -2.5587 , 0.335 , 0.0265536 , 0.0268309 , 0.0256534
0.01225 , 118.572 , 0.039524 , 3e+21 , 5.30159 , -2.5587 , 0.335 , 0.0265536 , 0.0268309 , 0.0256534
0.0123 , 118.572 , 0.039524 , 3e+21 , 5.30159 , -2.5587 , 0.335 , 0.0265536 , 0.0268309 , 0.0256534
0.01235 , 118.572 , 0.039524 , 3e+21 , 5.30159 , -2.5587 , 0.335 , 0.0265536 , 0.0268309 , 0.0256534
0.0124 , 118.572 , 0.039524 , 3e+21 , 5.30159 , -2.5587 , 0.335 , 0.0265536 , 0.0268309 , 0.0256534
0.01245 , 118.572 , 0.039524 , 3e+21 , 5.30159 , -2.5587 , 0.335 , 0.0265536 , 0.0268309 , 0.0256534
0.0125 , 118.572 , 0.039524 , 3e+21 , 5.30159 , -2.5587 , 0.335 , 0.0265536 , 0.0268309 , 0.0256534
0.01255 , 118.572 , 0.039524 , 3e+21 , 5.30159 , -2.5587 , 0.335 , 0.0265536 , 0.0268309 , 0.0256534
0.0126 , 118.572 , 0.039524 , 3e+21 , 5.30159 , -2.5587 , 0.335 , 0.0265536 , 0.0268309 , 0.0256534
0.01265 , 118.572 , 0.039524 , 3e+21 , 5.30159 , -2.5587 , 0.335 , 0.0265536 , 0.0268309 , 0.0256534
0.0127 , 118.572 , 0.039524 , 3e+21 , 5.30159 , -2.5587 , 0.335 , 0.0265536 , 0.0268309 , 0.0256534
0.01275 , 118.572 , 0.039524 , 3e+21 , 5.30159 , -2.5587 , 0.335 , 0.0265536 , 0.0268309 , 0.0256534
0.0128 , 118.572 , 0.039524 , 3e+21 , 5.30159 , -2.5587 , 0.335 , 0.0265536 , 0.0268309 , 0.0256534
0.01285 , 118.572 , 0.039524 , 3e+21 , 5.30159 , -2.5587 , 0.335 , 0.0265536 , 0.0268309 , 0.0256534
0.0129 , 118.572 , 0.039524 , 3e+21 , 5.30159 , -2.5587 , 0.335 , 0.0265536 , 0.0268309 , 0.0256534
0.01295 , 118.572 , 0.039524 , 3e+21 , 5.30159 , -2.5587 , 0.335 , 0.0265536 , 0.0268309 , 0.0256534
0.013 , 118.572 , 0.039524 , 3e+21 , 5.30159 , -2.5587 , 0.335 , 0.0265536 , 0.0268309 , 0.0256534
0.01305 , 118.572 , 0.039524 , 3e+21 , 5.30159 , -2.5587 , 0.335 , 0.0265536 , 0.0268309 , 0.0256534
0.0131 , 118.572 , 0.039524 , 3e+21 , 5.30159 , -2.5587 , 0.335 , 0.0265536 , 0.0268309 , 0.0256534
0.01315 , 118.572 , 0.039524 , 3e+21 , 5.30159 , -2.5587 , 0.335 , 0.0265536 , 0.0268309 , 0.0256534
0.0132 , 118.572 , 0.039524 , 3e+21 , 5.30159 , -2.5587 , 0.335 , 0.0265536 , 0.0268309 , 0.0256534
0.01325 , 118.572 , 0.039524 , 3e+21 , 5.30159 , -2.5587 , 0.335 , 0.0265536 , 0.0268309 , 0.0256534
0.0133 , 118.572 , 0.039524 , 3e+21 , 5.30159 , -2.5587 , 0.335 , 0.0265536 , 0.0268309 , 0.0256534
0.01335 , 118.572 , 0.039524 , 3e+21 , 5.30159 , -2.5587 , 0.335 , 0.0265536 , 0.0268309 , 0.0256534
0.0134 , 118.572 , 0.039524 , 3e+21 , 5.30159 , -2.5587 , 0.335 , 0.0265536 , 0.0268309 , 0.0256534
0.01345 , 118.572 , 0.039524 , 3e+21 , 5.30159 , -2.5587 , 0.335 , 0.0265536 , 0.0268309 , 0.0256534
0.0135 , 118.572 , 0.039524 , 3e+21 , 5.30159 , -2.5587 , 0.335 , 0.0265536 , 0.0268309 , 0.0256534
0.01355 , 118.572 , 0.039524 , 3e+21 , 5.30159 , -2.5587 , 0.335 , 0.0265536 , 0.0268309 , 0.0256534
0.0136 , 118.572 , 0.039524 , 3e+21 , 5.30159 , -2.5587 , 0.335 , 0.0265536 , 0.0268309 , 0.0256534
0.01365 , 118.572 , 0.039524 , 3e+21 , 5.30159 , -2.5587 , 0.335 , 0.0265536 , 0.0268309 , 0.0256534
0.0137 , 118.572 , 0.039524 , 3e+21 , 5.30159 , -2.5587 , 0.335 , 0.0265536 , 0.0268309 , 0.0256534
0.01375 , 118.572 , 0.039524 , 3e+21 , 5.30159 , -2.5587 , 0.335 , 0.0265536 , 0.0268309 , 0.0256534
0.0138 , 118.572 , 0.039524 , 3e+21 , 5.30159 , -2.5587 , 0.335 , 0.0265536 , 0.0268309 , 0.0256534
0.01385 , 118.572 , 0.039524 , 3e+21 , 5.30159 , -2.5587 , 0.335 , 0.0265536 , 0.0268309 , 0.0256534
0.0139 , 118.572 , 0.039524 , 3e+21 , 5.30159 , -2.5587 , 0.335 , 0.0265536 , 0.0268309 , 0.0256534
0.01395 , 118.572 , 0.039524 , 3e+21 , 5.30159 , -2.5587 , 0.335 , 0.0265536 , 0.0268309 , 0.0256534
0.014 , 118.572 , 0.039524 , 3e+21 , 5.30159 , -2.5587 , 0.335 , 0.0265536 , 0.0268309 , 0.0256534
0.01405 , 118.572 , 0.039524 , 3e+21 , 5.30159 , -2.5587 , 0.335 , 0.0265536 , 0.0268309 , 0.0256534
0.0141 , 118.572 , 0.039524 , 3e+21 , 5.30159 , -2.5587 , 0.335 , 0.0265536 , 0.0268309 , 0.0256534
0.01415 , 118.572 , 0.039524 , 3e+21 , 5.30159 , -2.5587 , 0.335 , 0.0265536 , 0.0268309 , 0.0256534
0.0142 , 118.572 , 0.039524 , 3e+21 , 5.30159 , -2.5587 , 0.335 , 0.0265536 , 0.0268309 , 0.0256534
0.01425 , 118.572 , 0.039524 , 3e+21 , 5.30159 , -2.5587 , 0.335 , 0.0265536 , 0.0268309 , 0.0256534
0.0143 , 118.572 , 0.039524 , 3e+21 , 5.30159 , -2.5587 , 0.335 , 0.0265536 , 0.0268309 , 0.0256534
0.01435 , 118.572 , 0.039524 , 3e+21 , 5.30159 , -2.5587 , 0.335 , 0.0265536 , 0.0268309 , 0.0256534
0.0144 , 118.572 , 0.039524 , 3e+21 , 5.30159 , -2.5587 , 0.335 , 0.0265536 , 0.0268309 , 0.0256534
0.01445 , 118.572 , 0.039524 , 3e+21 , 5.30159 , -2.5587 , 0.335 , 0.0265536 , 0.0268309 , 0.0256534
0.0145 , 118.572 , 0.039524 , 3e+21 , 5.30159 , -2.5587 , 0.335 , 0.0265536 , 0.0268309 , 0.0256534
0.01455 , 118.572 , 0.039524 , 3e+21 , 5.30159 , -2.5587 , 0.335 , 0.0265536 , 0.0268309 , 0.0256534
0.0146 , 118.572 , 0.039524 , 3e+21 , 5.30159 , -2.5587 , 0.335 , 0.0265536 , 0.0268309 , 0.0256534
0.01465 , 118.572 , 0.039524 , 3e+21 , 5.30159 , -2.5587 , 0.335 , 0.0265536 , 0.0268309 , 0.0256534
0.0147 , 118.572 , 0.039524 , 3e+21 , 5.30159 , -2.5587 , 0.335 , 0.0265536 , 0.0268309 , 0.0256534
0.01475 , 118.572 , 0.039524 , 3e+21 , 5.30159 , -2.5587 , 0.335 , 0.0265536 , 0.0268309 , 0.0256534
0.0148 , 118.572 , 0.039524 , 3e+21 , 5.30159 , -2.5587 , 0.335 , 0.0265536 , 0.0268309 , 0.0256534
0.01485 , 118.572 , 0.039524 , 3e+21 , 5.30159 , -2.5587 , 0.335 , 0.0265536 , 0.0268309 , 0.0256534
0.0149 , 118.572 , 0.039524 , 3e+21 , 5.30159 , -2.5587 , 0.335 , 0.0265536 , 0.0268309 , 0.0256534
0.01495 , 118.572 , 0.039524 , 3e+21 , 5.30159 , -2.5587 , 0.335 , 0.0265536 , 0.0268309 , 0.0256534
0.015 , 118.572 , 0.039524 , 3e+21 , 5.30159 , -2.5587 , 0.335 , 0.0265536 , 0.0268309 , 0.0256534
0.01505 , 118.572 , 0.039524 , 3e+21 , 5.30159 , -2.5587 , 0.335 , 0.0265536 , 0.0268309 , 0.0256534
0.0151 , 118.572 , 0.039524 , 3e+21 , 5.30159 , -2.5587 , 0.335 , 0.0265536 , 0.0268309 , 0.0256534
0.01515 , 118.572 , 0.039524 , 3e+21 , 5.30159 , -2.5587 , 0.335 , 0.0265536 , 0.0268309 , 0.0256534
0.0152 , 118.572 , 0.039524 , 3e+21 , 5.30159 , -2.5587 , 0.335 , 0.0265536 , 0.0268309 , 0.0256534
0.01525 , 118.572 , 0.039524 , 3e+21 , 5.30159 , -2.5587 , 0.335 , 0.0265536 , 0.0268309 , 0.0256534
0.0153 , 118.572 , 0.039524 , 3e+21 , 5.30159 , -2.5587 , 0.335 , 0.0265536 , 0.0268309 , 0.0256534
0.01535 , 118.572 , 0.039524 , 3e+21 , 5.30159 , -2.5587 , 0.335 , 0.0265536 , 0.0268309 , 0.0256534
0.0154 , 118.572 , 0.039524 , 3e+21 , 5.30159 , -2.5587 , 0.335 , 0.0265536 , 0.0268309 , 0.0256534
0.01545 , 118.572 , 0.039524 , 3e+21 , 5.30159 , -2.5587 , 0.335 , 0.0265536 , 0.0268309 , 0.0256534
0.0155 , 118.572 , 0.039524 , 3e+21 , 5.30159 , -2.5587 , 0.335 , 0.0265536 , 0.0268309 , 0.0256534
0.01555 , 118.572 , 0.039524 , 3e+21 , 5.30159 , -2.5587 , 0.335 , 0.0265536 , 0.0268309 , 0.0256534
0.0156 , 118.572 , 0.039524 , 3e+21 , 5.30159 , -2.5587 , 0.335 , 0.0265536 , 0.0268309 , 0.0256534
0.01565 , 118.572 , 0.039524 , 3e+21 , 5.30159 , -2.5587 , 0.335 , 0.0265536 , 0.0268309 , 0.0256534
0.0157 , 118.572 , 0.039524 , 3e+21 , 5.30159 , -2.5587 , 0.335 , 0.0265536 , 0.0268309 , 0.0256534
0.01575 , 118.572 , 0.039524 , 3e+21 , 5.30159 , -2.5587 , 0.335 , 0.0265536 , 0.0268309 , 0.0256534
0.0158 , 118.572 , 0.039524 , 3e+21 , 5.30159 , -2.5587 , 0.335 , 0.0265536 , 0.0268309 , 0.0256534
0.01585 , 118.572 , 0.039524 , 3e+21 , 5.30159 , -2.5587 , 0.335 , 0.0265536 , 0.0268309 , 0.0256534
0.0159 , 118.572 , 0.039524 , 3e+21 , 5.30159 , -2.5587 , 0.335 , 0.0265536 , 0.0268309 , 0.0256534
0.01595 , 118.572 , 0.039524 , 3e+21 , 5.30159 , -2.5587 , 0.335 , 0.0265536 , 0.0268309 , 0.0256534
0.016 , 118.572 , 0.039524 , 3e+21 , 5.30159 , -2.5587 , 0.335 , 0.0265536 , 0.0268309 , 0.0256534
0.01605 , 118.572 , 0.039524 , 3e+21 , 5.30159 , -2.5587 , 0.335 , 0.0265536 , 0.0268309 , 0.0256534
0.0161 , 118.572 , 0.039524 , 3e+21 , 5.30159 , -2.5587 , 0.335 , 0.0265536 , 0.0268309 , 0.0256534
0.01615 , 118.572 , 0.039524 , 3e+21 , 5.30159 , -2.5587 , 0.335 , 0.0265536 , 0.0268309 , 0.0256534
0.0162 , 118.572 , 0.039524 , 3e+21 , 5.30159 , -2.5587 , 0.335 , 0.0265536 , 0.0268309 , 0.0256534
0.01625 , 118.572 , 0.039524 , 3e+21 , 5.30159 , -2.5587 , 0.335 , 0.0265536 , 0.0268309 , 0.0256534
0.0163 , 118.572 , 0.039524 , 3e+21 , 5.30159 , -2.5587 , 0.335 , 0.0265536 , 0.0268309 , 0.0256534
0.01635 , 118.572 , 0.039524 , 3e+21 , 5.30159 , -2.5587 , 0.335 , 0.0265536 , 0.0268309 , 0.0256534
0.0164 , 118.572 , 0.039524 , 3e+21 , 5.30159 , -2.5587 , 0.335 , 0.0265536 , 0.0268309 , 0.0256534
0.01645 , 118.572 , 0.039524 , 3e+21 , 5.30159 , -2.5587 , 0.335 , 0.0265536 , 0.0268309 , 0.0256534
0.0165 , 118.572 , 0.039524 , 3e+21 , 5.30159 , -2.5587 , 0.335 , 0.0265536 , 0.0268309 , 0.0256534
0.01655 , 118.572 , 0.039524 , 3e+21 , 5.30159 , -2.5587 , 0.335 , 0.0265536 , 0.0268309 , 0.0256534
0.0166 , 118.572 , 0.039524 , 3e+21 , 5.30159 , -2.5587 , 0.335 , 0.0265536 , 0.0268309 , 0.0256534
0.01665 , 118.572 , 0.039524 , 3e+21 , 5.30159 , -2.5587 , 0.335 , 0.0265536 , 0.0268309 , 0.0256534
0.0167 , 118.572 , 0.039524 , 3e+21 , 5.30159 , -2.5587 , 0.335 , 0.0265536 , 0.0268309 , 0.0256534
0.01675 , 118.572 , 0.039524 , 3e+21 , 5.30159 , -2.5587 , 0.335 , 0.0265536 , 0.0268309 , 0.0256534
0.0168 , 118.572 , 0.039524 , 3e+21 , 5.30159 , -2.5587 , 0.335 , 0.0265536 , 0.0268309 , 0.0256534
0.01685 , 118.572 , 0.039524 , 3e+21 , 5.30159 , -2.5587 , 0.335 , 0.0265536 , 0.0268309 , 0.0256534
0.0169 , 118.572 , 0.039524 , 3e+21 , 5.30159 , -2.5587 , 0.335 , 0.0265536 , 0.0268309 , 0.0256534
0.01695 , 118.572 , 0.039524 , 3e+21 , 5.30159 , -2.5587 , 0.335 , 0.0265536 , 0.0268309 , 0.0256534
0.017 , 118.572 , 0.039524 , 3e+21 , 5.30159 , -2.5587 , 0.335 , 0.0265536 , 0.0268309 , 0.0256534
0.01705 , 118.572 , 0.039524 , 3e+21 , 5.30159 , -2.5587 , 0.335 , 0.0265536 , 0.0268309 , 0.0256534
0.0171 , 118.572 , 0.039524 , 3e+21 , 5.30159 , -2.5587 , 0.335 , 0.0265536 , 0.0268309 , 0.0256534
0.01715 , 118.572 , 0.039524 , 3e+21 , 5.30159 , -2.5587 , 0.335 , 0.0265536 , 0.0268309 , 0.0256534
0.0172 , 118.572 , 0.039524 , 3e+21 , 5.30159 , -2.5587 , 0.335 , 0.0265536 , 0.0268309 , 0.0256534
0.01725 , 118.572 , 0.039524 , 3e+21 , 5.30159 , -2.5587 , 0.335 , 0.0265536 , 0.0268309 , 0.0256534
0.0173 , 118.572 , 0.039524 , 3e+21 , 5.30159 , -2.5587 , 0.335 , 0.0265536 , 0.0268309 , 0.0256534
0.01735 , 118.572 , 0.039524 , 3e+21 , 5.30159 , -2.5587 , 0.335 , 0.0265536 , 0.0268309 , 0.0256534
0.0174 , 118.572 , 0.039524 , 3e+21 , 5.30159 , -2.5587 , 0.335 , 0.0265536 , 0.0268309 , 0.0256534
0.01745 , 118.572 , 0.039524 , 3e+21 , 5.30159 , -2.5587 , 0.335 , 0.0265536 , 0.0268309 , 0.0256534
0.0175 , 118.572 , 0.039524 , 3e+21 , 5.30159 , -2.5587 , 0.335 , 0.0265536 , 0.0268309 , 0.0256534
0.01755 , 118.572 , 0.039524 , 3e+21 , 5.30159 , -2.5587 , 0.335 , 0.0265536 , 0.0268309 , 0.0256534
0.0176 , 118.572 , 0.039524 , 3e+21 , 5.30159 , -2.5587 , 0.335 , 0.0265536 , 0.0268309 , 0.0256534
0.01765 , 118.572 , 0.039524 , 3e+21 , 5.30159 , -2.5587 , 0.335 , 0.0265536 , 0.0268309 , 0.0256534
0.0177 , 118.572 , 0.039524 , 3e+21 , 5.30159 , -2.5587 , 0.335 , 0.0265536 , 0.0268309 , 0.0256534
0.01775 , 118.572 , 0.039524 , 3e+21 , 5.30159 , -2.5587 , 0.335 , 0.0265536 , 0.0268309 , 0.0256534
0.0178 , 118.572 , 0.039524 , 3e+21 , 5.30159 , -2.5587 , 0.335 , 0.0265536 , 0.0268309 , 0.0256534
0.01785 , 118.572 , 0.039524 , 3e+21 , 5.30159 , -2.5587 , 0.335 , 0.0265536 , 0.0268309 , 0.0256534
0.0179 , 118.572 , 0.039524 , 3e+21 , 5.30159 , -2.5587 , 0.335 , 0.0265536 , 0.0268309 , 0.0256534
0.01795 , 118.572 , 0.039524 , 3e+21 , 5.30159 , -2.5587 , 0.335 , 0.0265536 , 0.0268309 , 0.0256534
0.018 , 118.572 , 0.039524 , 3e+21 , 5.30159 , -2.5587 , 0.335 , 0.0265536 , 0.0268309 , 0.0256534
0.01805 , 118.572 , 0.039524 , 3e+21 , 5.30159 , -2.5587 , 0.335 , 0.0265536 , 0.0268309 , 0.0256534
0.0181 , 118.572 , 0.039524 , 3e+21 , 5.30159 , -2.5587 , 0.335 , 0.0265536 , 0.0268309 , 0.0256534
0.01815 , 118.572 , 0.039524 , 3e+21 , 5.30159 , -2.5587 , 0.335 , 0.0265536 , 0.0268309 , 0.0256534
0.0182 , 118.572 , 0.039524 , 3e+21 , 5.30159 , -2.5587 , 0.335 , 0.0265536 , 0.0268309 , 0.0256534
0.01825 , 118.572 , 0.039524 , 3e+21 , 5.30159 , -2.5587 , 0.335 , 0.0265536 , 0.0268309 , 0.0256534
0.0183 , 118.572 , 0.039524 , 3e+21 , 5.30159 , -2.5587 , 0.335 , 0.0265536 , 0.0268309 , 0.0256534
0.01835 , 118.572 , 0.039524 , 3e+21 , 5.30159 , -2.5587 , 0.335 , 0.0265536 , 0.0268309 , 0.0256534
0.0184 , 118.572 , 0.039524 , 3e+21 , 5.30159 , -2.5587 , 0.335 , 0.0265536 , 0.0268309 , 0.0256534
0.01845 , 118.572 , 0.039524 , 3e+21 , 5.30159 , -2.5587 , 0.335 , 0.0265536 , 0.0268309 , 0.0256534
0.0185 , 118.572 , 0.039524 , 3e+21 , 5.30159 , -2.5587 , 0.335 , 0.0265536 , 0.0268309 , 0.0256534
0.01855 , 118.572 , 0.039524 , 3e+21 , 5.30159 , -2.5587 , 0.335 , 0.0265536 , 0.0268309 , 0.0256534
0.0186 , 118.572 , 0.039524 , 3e+21 , 5.30159 , -2.5587 , 0.335 , 0.0265536 , 0.0268309 , 0.0256534
0.01865 , 118.572 , 0.039524 , 3e+21 , 5.30159 , -2.5587 , 0.335 , 0.0265536 , 0.0268309 , 0.0256534
0.0187 , 118.572 , 0.039524 , 3e+21 , 5.30159 , -2.5587 , 0.335 , 0.0265536 , 0.0268309 , 0.0256534
0.01875 , 118.572 , 0.039524 , 3e+21 , 5.30159 , -2.5587 , 0.335 , 0.0265536 , 0.0268309 , 0.0256534
0.0188 , 118.572 , 0.039524 , 3e+21 , 5.30159 , -2.5587 , 0.335 , 0.0265536 , 0.0268309 , 0.0256534
0.01885 , 118.572 , 0.039524 , 3e+21 , 5.30159 , -2.5587 , 0.335 , 0.0265536 , 0.0268309 , 0.0256534
0.0189 , 118.572 , 0.039524 , 3e+21 , 5.30159 , -2.5587 , 0.335 , 0.0265536 , 0.0268309 , 0.0256534
0.01895 , 118.572 , 0.039524 , 3e+21 , 5.30159 , -2.5587 , 0.335 , 0.0265536 , 0.0268309 , 0.0256534
0.019 , 118.572 , 0.039524 , 3e+21 , 5.30159 , -2.5587 , 0.335 , 0.0265536 , 0.0268309 , 0.0256534
0.01905 , 118.572 , 0.039524 , 3e+21 , 5.30159 , -2.5587 , 0.335 , 0.0265536 , 0.0268309 , 0.0256534
0.0191 , 118.572 , 0.039524 , 3e+21 , 5.30159 , -2.5587 , 0.335 , 0.0265536 , 0.0268309 , 0.0256534
0.01915 , 118.572 , 0.039524 , 3e+21 , 5.30159 , -2.5587 , 0.335 , 0.0265536 , 0.0268309 , 0.0256534
0.0192 , 118.572 , 0.039524 , 3e+21 , 5.30159 , -2.5587 , 0.335 , 0.0265536 , 0.0268309 , 0.0256534
0.01925 , 118.572 , 0.039524 , 3e+21 , 5.30159 , -2.5587 , 0.335 , 0.0265536 , 0.0268309 , 0.0256534
0.0193 , 118.572 , 0.039524 , 3e+21 , 5.30159 , -2.5587 , 0.335 , 0.0265536 , 0.0268309 , 0.0256534
0.01935 , 118.572 , 0.039524 , 3e+21 , 5.30159 , -2.5587 , 0.335 , 0.0265536 , 0.0268309 , 0.0256534
0.0194 , 118.572 , 0.039524 , 3e+21 , 5.30159 , -2.5587 , 0.335 , 0.0265536 , 0.0268309 , 0.0256534
0.01945 , 118.572 , 0.039524 , 3e+21 , 5.30159 , -2.5587 , 0.335 , 0.0265536 , 0.0268309 , 0.0256534
0.0195 , 118.572 , 0.039524 , 3e+21 , 5.30159 , -2.5587 , 0.335 , 0.0265536 , 0.0268309 , 0.0256534
0.01955 , 118.572 , 0.039524 , 3e+21 , 5.30159 , -2.5587 , 0.335 , 0.0265536 , 0.0268309 , 0.0256534
0.0196 , 118.572 , 0.039524 , 3e+21 , 5.30159 , -2.5587 , 0.335 , 0.0265536 , 0.0268309 , 0.0256534
0.01965 , 118.572 , 0.039524 , 3e+21 , 5.30159 , -2.5587 , 0.335 , 0.0265536 , 0.0268309 , 0.0256534
0.0197 , 118.572 , 0.039524 , 3e+21 , 5.30159 , -2.5587 , 0.335 , 0.0265536 , 0.0268309 , 0.0256534
0.01975 , 118.572 , 0.039524 , 3e+21 , 5.30159 , -2.5587 , 0.335 , 0.0265536 , 0.0268309 , 0.0256534
0.0198 , 118.572 , 0.039524 , 3e+21 , 5.30159 , -2.5587 , 0.335 , 0.0265536 , 0.0268309 , 0.0256534
0.01985 , 118.572 , 0.039524 , 3e+21 , 5.30159 , -2.5587 , 0.335 , 0.0265536 , 0.0268309 , 0.0256534
0.0199 , 118.572 , 0.039524 , 3e+21 , 5.30159 , -2.5587 , 0.335 , 0.0265536 , 0.0268309 , 0.0256534
0.01995 , 118.572 , 0.039524 , 3e+21 , 5.30159 , -2.5587 , 0.335 , 0.0265536 , 0.0268309 , 0.0256534
0.02 , 118.572 , 0.039524 , 3e+21 , 5.30159 , -2.5587 , 0.335 , 0.0265536 , 0.0268309 , 0.0256534
0.02005 , 118.572 , 0.039524 , 3e+21 , 5.30159 , -2.5587 , 0.335 , 0.0265536 , 0.0268309 , 0.0256534
0.0201 , 118.572 , 0.039524 , 3e+21 , 5.30159 , -2.5587 , 0.335 , 0.0265536 , 0.0268309 , 0.0256534
0.02015 , 118.572 , 0.039524 , 3e+21 , 5.30159 , -2.5587 , 0.335 , 0.0265536 , 0.0268309 , 0.0256534
0.0202 , 118.572 , 0.039524 , 3e+21 , 5.30159 , -2.5587 , 0.335 , 0.0265536 , 0.0268309 , 0.0256534
0.02025 , 118.572 , 0.039524 , 3e+21 , 5.30159 , -2.5587 , 0.335 , 0.0265536 , 0.0268309 , 0.0256534
0.0203 , 118.572 , 0.039524 , 3e+21 , 5.30159 , -2.5587 , 0.335 , 0.0265536 , 0.0268309 , 0.0256534
0.02035 , 118.572 , 0.039524 , 3e+21 , 5.30159 , -2.5587 , 0.335 , 0.0265536 , 0.0268309 , 0.0256534
0.0204 , 118.572 , 0.039524 , 3e+21 , 5.30159 , -2.5587 , 0.335 , 0.0265536 , 0.0268309 , 0.0256534
0.02045 , 118.572 , 0.039524 , 3e+21 , 5.30159 , -2.5587 , 0.335 , 0.0265536 , 0.0268309 , 0.0256534
0.0205 , 118.572 , 0.039524 , 3e+21 , 5.30159 , -2.5587 , 0.335 , 0.0265536 , 0.0268309 , 0.0256534
0.02055 , 118.572 , 0.039524 , 3e+21 , 5.30159 , -2.5587 , 0.335 , 0.0265536 , 0.0268309 , 0.0256534
0.0206 , 118.572 , 0.039524 , 3e+21 , 5.30159 , -2.5587 , 0.335 , 0.0265536 , 0.0268309 , 0.0256534
0.02065 , 118.572 , 0.039524 , 3e+21 , 5.30159 , -2.5587 , 0.335 , 0.0265536 , 0.0268309 , 0.0256534
0.0207 , 118.572 , 0.039524 , 3e+21 , 5.30159 , -2.5587 , 0.335 , 0.0265536 , 0.0268309 , 0.0256534
0.02075 , 118.572 , 0.039524 , 3e+21 , 5.30159 , -2.5587 , 0.335 , 0.0265536 , 0.0268309 , 0.0256534
0.0208 , 118.572 , 0.039524 , 3e+21 , 5.30159 , -2.5587 , 0.335 , 0.0265536 , 0.0268309 , 0.0256534
0.02085 , 118.572 , 0.039524 , 3e+21 , 5.30159 , -2.5587 , 0.335 , 0.0265536 , 0.0268309 , 0.0256534
0.0209 , 118.572 , 0.039524 , 3e+21 , 5.30159 , -2.5587 , 0.335 , 0.0265536 , 0.0268309 , 0.0256534
0.02095 , 118.572 , 0.039524 , 3e+21 , 5.30159 , -2.5587 , 0.335 , 0.0265536 , 0.0268309 , 0.0256534
0.021 , 118.572 , 0.039524 , 3e+21 , 5.30159 , -2.5587 , 0.335 , 0.0265536 , 0.0268309 , 0.0256534
0.02105 , 118.572 , 0.039524 , 3e+21 , 5.30159 , -2.5587 , 0.335 , 0.0265536 , 0.0268309 , 0.0256534
0.0211 , 118.572 , 0.039524 , 3e+21 , 5.30159 , -2.5587 , 0.335 , 0.0265536 , 0.0268309 , 0.0256534
0.02115 , 118.572 , 0.039524 , 3e+21 , 5.30159 , -2.5587 , 0.335 , 0.0265536 , 0.0268309 , 0.0256534
0.0212 , 118.572 , 0.039524 , 3e+21 , 5.30159 , -2.5587 , 0.335 , 0.0265536 , 0.0268309 , 0.0256534
0.02125 , 118.572 , 0.039524 , 3e+21 , 5.30159 , -2.5587 , 0.335 , 0.0265536 , 0.0268309 , 0.0256534
0.0213 , 118.572 , 0.039524 , 3e+21 , 5.30159 , -2.5587 , 0.335 , 0.0265536 , 0.0268309 , 0.0256534
0.02135 , 118.572 , 0.039524 , 3e+21 , 5.30159 , -2.5587 , 0.335 , 0.0265536 , 0.0268309 , 0.0256534
0.0214 , 118.572 , 0.039524 , 3e+21 , 5.30159 , -2.5587 , 0.335 , 0.0265536 , 0.0268309 , 0.0256534
0.02145 , 118.572 , 0.039524 , 3e+21 , 5.30159 , -2.5587 , 0.335 , 0.0265536 , 0.0268309 , 0.0256534
0.0215 , 118.572 , 0.039524 , 3e+21 , 5.30159 , -2.5587 , 0.335 , 0.0265536 , 0.0268309 , 0.0256534
0.02155 , 118.572 , 0.039524 , 3e+21 , 5.30159 , -2.5587 , 0.335 , 0.0265536 , 0.0268309 , 0.0256534
0.0216 , 118.572 , 0.039524 , 3e+21 , 5.30159 , -2.5587 , 0.335 , 0.0265536 , 0.0268309 , 0.0256534
0.02165 , 118.572 , 0.039524 , 3e+21 , 5.30159 , -2.5587 , 0.335 , 0.0265536 , 0.0268309 , 0.0256534
0.0217 , 118.572 , 0.039524 , 3e+21 , 5.30159 , -2.5587 , 0.335 , 0.0265536 , 0.0268309 , 0.0256534
0.02175 , 118.572 , 0.039524 , 3e+21 , 5.30159 , -2.5587 , 0.335 , 0.0265536 , 0.0268309 , 0.0256534
0.0218 , 118.572 , 0.039524 , 3e+21 , 5.30159 , -2.5587 , 0.335 , 0.0265536 , 0.0268309 , 0.0256534
0.02185 , 118.572 , 0.039524 , 3e+21 , 5.30159 , -2.5587 , 0.335 , 0.0265536 , 0.0268309 , 0.0256534
0.0219 , 118.572 , 0.039524 , 3e+21 , 5.30159 , -2.5587 , 0.335 , 0.0265536 , 0.0268309 , 0.0256534
0.02195 , 118.572 , 0.039524 , 3e+21 , 5.30159 , -2.5587 , 0.335 , 0.0265536 , 0.0268309 , 0.0256534
0.022 , 118.572 , 0.039524 , 3e+21 , 5.30159 , -2.5587 , 0.335 , 0.0265536 , 0.0268309 , 0.0256534
0.02205 , 118.572 , 0.039524 , 3e+21 , 5.30159 , -2.5587 , 0.335 , 0.0265536 , 0.0268309 , 0.0256534
0.0221 , 118.572 , 0.039524 , 3e+21 , 5.30159 , -2.5587 , 0.335 , 0.0265536 , 0.0268309 , 0.0256534
0.02215 , 118.572 , 0.039524 , 3e+21 , 5.30159 , -2.5587 , 0.335 , 0.0265536 , 0.0268309 , 0.0256534
0.0222 , 118.572 , 0.039524 , 3e+21 , 5.30159 , -2.5587 , 0.335 , 0.0265536 , 0.0268309 , 0.0256534
0.02225 , 118.572 , 0.039524 , 3e+21 , 5.30159 , -2.5587 , 0.335 , 0.0265536 , 0.0268309 , 0.0256534
0.0223 , 118.572 , 0.039524 , 3e+21 , 5.30159 , -2.5587 , 0.335 , 0.0265536 , 0.0268309 , 0.0256534
0.02235 , 118.572 , 0.039524 , 3e+21 , 5.30159 , -2.5587 , 0.335 , 0.0265536 , 0.0268309 , 0.0256534
0.0224 , 118.572 , 0.039524 , 3e+21 , 5.30159 , -2.5587 , 0.335 , 0.0265536 , 0.0268309 , 0.0256534
0.02245 , 118.572 , 0.039524 , 3e+21 , 5.30159 , -2.5587 , 0.335 , 0.0265536 , 0.0268309 , 0.0256534
0.0225 , 118.572 , 0.039524 , 3e+21 , 5.30159 , -2.5587 , 0.335 , 0.0265536 , 0.0268309 , 0.0256534
0.02255 , 118.572 , 0.039524 , 3e+21 , 5.30159 , -2.5587 , 0.335 , 0.0265536 , 0.0268309 , 0.0256534
0.0226 , 118.572 , 0.039524 , 3e+21 , 5.30159 , -2.5587 , 0.335 , 0.0265536 , 0.0268309 , 0.0256534
0.02265 , 118.572 , 0.039524 , 3e+21 , 5.30159 , -2.5587 , 0.335 , 0.0265536 , 0.0268309 , 0.0256534
0.0227 , 118.572 , 0.039524 , 3e+21 , 5.30159 , -2.5587 , 0.335 , 0.0265536 , 0.0268309 , 0.0256534
0.02275 , 118.572 , 0.039524 , 3e+21 , 5.30159 , -2.5587 , 0.335 , 0.0265536 , 0.0268309 , 0.0256534
0.0228 , 118.572 , 0.039524 , 3e+21 , 5.30159 , -2.5587 , 0.335 , 0.0265536 , 0.0268309 , 0.0256534
0.02285 , 118.572 , 0.039524 , 3e+21 , 5.30159 , -2.5587 , 0.335 , 0.0265536 , 0.0268309 , 0.0256534
0.0229 , 118.572 , 0.039524 , 3e+21 , 5.30159 , -2.5587 , 0.335 , 0.0265536 , 0.0268309 , 0.0256534
0.02295 , 118.572 , 0.039524 , 3e+21 , 5.30159 , -2.5587 , 0.335 , 0.0265536 , 0.0268309 , 0.0256534
0.023 , 118.572 , 0.039524 , 3e+21 , 5.30159 , -2.5587 , 0.335 , 0.0265536 , 0.0268309 , 0.0256534
0.02305 , 118.572 , 0.039524 , 3e+21 , 5.30159 , -2.5587 , 0.335 , 0.0265536 , 0.0268309 , 0.0256534
0.0231 , 118.572 , 0.039524 , 3e+21 , 5.30159 , -2.5587 , 0.335 , 0.0265536 , 0.0268309 , 0.0256534
0.02315 , 118.572 , 0.039524 , 3e+21 , 5.30159 , -2.5587 , 0.335 , 0.0265536 , 0.0268309 , 0.0256534
0.0232 , 118.572 , 0.039524 , 3e+21 , 5.30159 , -2.5587 , 0.335 , 0.0265536 , 0.0268309 , 0.0256534
0.02325 , 118.572 , 0.039524 , 3e+21 , 5.30159 , -2.5587 , 0.335 , 0.0265536 , 0.0268309 , 0.0256534
0.0233 , 118.572 , 0.039524 , 3e+21 , 5.30159 , -2.5587 , 0.335 , 0.0265536 , 0.0268309 , 0.0256534
0.02335 , 118.572 , 0.039524 , 3e+21 , 5.30159 , -2.5587 , 0.335 , 0.0265536 , 0.0268309 , 0.0256534
0.0234 , 118.572 , 0.039524 , 3e+21 , 5.30159 , -2.5587 , 0.335 , 0.0265536 , 0.0268309 , 0.0256534
0.02345 , 118.572 , 0.039524 , 3e+21 , 5.30159 , -2.5587 , 0.335 , 0.0265536 , 0.0268309 , 0.0256534
0.0235 , 118.572 , 0.039524 , 3e+21 , 5.30159 , -2.5587 , 0.335 , 0.0265536 , 0.0268309 , 0.0256534
0.02355 , 118.572 , 0.039524 , 3e+21 , 5.30159 , -2.5587 , 0.335 , 0.0265536 , 0.0268309 , 0.0256534
0.0236 , 118.572 , 0.039524 , 3e+21 , 5.30159 , -2.5587 , 0.335 , 0.0265536 , 0.0268309 , 0.0256534
0.02365 , 118.572 , 0.039524 , 3e+21 , 5.30159 , -2.5587 , 0.335 , 0.0265536 , 0.0268309 , 0.0256534
0.0237 , 118.572 , 0.039524 , 3e+21 , 5.30159 , -2.5587 , 0.335 , 0.0265536 , 0.0268309 , 0.0256534
0.02375 , 118.572 , 0.039524 , 3e+21 , 5.30159 , -2.5587 , 0.335 , 0.0265536 , 0.0268309 , 0.0256534
0.0238 , 118.572 , 0.039524 , 3e+21 , 5.30159 , -2.5587 , 0.335 , 0.0265536 , 0.0268309 , 0.0256534
0.02385 , 118.572 , 0.039524 , 3e+21 , 5.30159 , -2.5587 , 0.335 , 0.0265536 , 0.0268309 , 0.0256534
0.0239 , 118.572 , 0.039524 , 3e+21 , 5.30159 , -2.5587 , 0.335 , 0.0265536 , 0.0268309 , 0.0256534
0.02395 , 118.572 , 0.039524 , 3e+21 , 5.30159 , -2.5587 , 0.335 , 0.0265536 , 0.0268309 , 0.0256534
0.024 , 118.572 , 0.039524 , 3e+21 , 5.30159 , -2.5587 , 0.335 , 0.0265536 , 0.0268309 , 0.0256534
0.02405 , 118.572 , 0.039524 , 3e+21 , 5.30159 , -2.5587 , 0.335 , 0.0265536 , 0.0268309 , 0.0256534
0.0241 , 118.572 , 0.039524 , 3e+21 , 5.30159 , -2.5587 , 0.335 , 0.0265536 , 0.0268309 , 0.0256534
0.02415 , 118.572 , 0.039524 , 3e+21 , 5.30159 , -2.5587 , 0.335 , 0.0265536 , 0.0268309 , 0.0256534
0.0242 , 118.572 , 0.039524 , 3e+21 , 5.30159 , -2.5587 , 0.335 , 0.0265536 , 0.0268309 , 0.0256534
0.02425 , 118.572 , 0.039524 , 3e+21 , 5.30159 , -2.5587 , 0.335 , 0.0265536 , 0.0268309 , 0.0256534
0.0243 , 118.572 , 0.039524 , 3e+21 , 5.30159 , -2.5587 , 0.335 , 0.0265536 , 0.0268309 , 0.0256534
0.02435 , 118.572 , 0.039524 , 3e+21 , 5.30159 , -2.5587 , 0.335 , 0.0265536 , 0.0268309 , 0.0256534
0.0244 , 118.572 , 0.039524 , 3e+21 , 5.30159 , -2.5587 , 0.335 , 0.0265536 , 0.0268309 , 0.0256534
0.02445 , 118.572 , 0.039524 , 3e+21 , 5.30159 , -2.5587 , 0.335 , 0.0265536 , 0.0268309 , 0.0256534
0.0245 , 118.572 , 0.039524 , 3e+21 , 5.30159 , -2.5587 , 0.335 , 0.0265536 , 0.0268309 , 0.0256534
0.02455 , 118.572 , 0.039524 , 3e+21 , 5.30159 , -2.5587 , 0.335 , 0.0265536 , 0.0268309 , 0.0256534
0.0246 , 118.572 , 0.039524 , 3e+21 , 5.30159 , -2.5587 , 0.335 , 0.0265536 , 0.0268309 , 0.0256534
0.02465 , 118.572 , 0.039524 , 3e+21 , 5.30159 , -2.5587 , 0.335 , 0.0265536 , 0.0268309 , 0.0256534
0.0247 , 118.572 , 0.039524 , 3e+21 , 5.30159 , -2.5587 , 0.335 , 0.0265536 , 0.0268309 , 0.0256534
0.02475 , 118.572 , 0.039524 , 3e+21 , 5.30159 , -2.5587 , 0.335 , 0.0265536 , 0.0268309 , 0.0256534
0.0248 , 118.572 , 0.039524 , 3e+21 , 5.30159 , -2.5587 , 0.335 , 0.0265536 , 0.0268309 , 0.0256534
0.02485 , 118.572 , 0.039524 , 3e+21 , 5.30159 , -2.5587 , 0.335 , 0.0265536 , 0.0268309 , 0.0256534
0.0249 , 118.572 , 0.039524 , 3e+21 , 5.30159 , -2.5587 , 0.335 , 0.0265536 , 0.0268309 , 0.0256534
0.02495 , 118.572 , 0.039524 , 3e+21 , 5.30159 , -2.5587 , 0.335 , 0.0265536 , 0.0268309 , 0.0256534
0.025 , 118.572 , 0.039524 , 3e+21 , 5.30159 , -2.5587 , 0.335 , 0.0265536 , 0.0268309 , 0.0256534
0.02505 , 118.572 , 0.039524 , 3e+21 , 5.30159 , -2.5587 , 0.335 , 0.0265536 , 0.0268309 , 0.0256534
0.0251 , 118.572 , 0.039524 , 3e+21 , 5.30159 , -2.5587 , 0.335 , 0.0265536 , 0.0268309 , 0.0256534
0.02515 , 118.572 , 0.039524 , 3e+21 , 5.30159 , -2.5587 , 0.335 , 0.0265536 , 0.0268309 , 0.0256534
0.0252 , 118.572 , 0.039524 , 3e+21 , 5.30159 , -2.5587 , 0.335 , 0.0265536 , 0.0268309 , 0.0256534
0.02525 , 118.572 , 0.039524 , 3e+21 , 5.30159 , -2.5587 , 0.335 , 0.0265536 , 0.0268309 , 0.0256534
0.0253 , 118.572 , 0.039524 , 3e+21 , 5.30159 , -2.5587 , 0.335 , 0.0265536 , 0.0268309 , 0.0256534
0.02535 , 118.572 , 0.039524 , 3e+21 , 5.30159 , -2.5587 , 0.335 , 0.0265536 , 0.0268309 , 0.0256534
0.0254 , 118.572 , 0.039524 , 3e+21 , 5.30159 , -2.5587 , 0.335 , 0.0265536 , 0.0268309 , 0.0256534
0.02545 , 118.572 , 0.039524 , 3e+21 , 5.30159 , -2.5587 , 0.335 , 0.0265536 , 0.0268309 , 0.0256534
0.0255 , 118.572 , 0.039524 , 3e+21 , 5.30159 , -2.5587 , 0.335 , 0.0265536 , 0.0268309 , 0.0256534
0.02555 , 118.572 , 0.039524 , 3e+21 , 5.30159 , -2.5587 , 0.335 , 0.0265536 , 0.0268309 , 0.0256534
0.0256 , 118.572 , 0.039524 , 3e+21 , 5.30159 , -2.5587 , 0.335 , 0.0265536 , 0.0268309 , 0.0256534
0.02565 , 118.572 , 0.039524 , 3e+21 , 5.30159 , -2.5587 , 0.335 , 0.0265536 , 0.0268309 , 0.0256534
0.0257 , 118.572 , 0.039524 , 3e+21 , 5.30159 , -2.5587 , 0.335 , 0.0265536 , 0.0268309 , 0.0256534
0.02575 , 118.572 , 0.039524 , 3e+21 , 5.30159 , -2.5587 , 0.335 , 0.0265536 , 0.0268309 , 0.0256534
0.0258 , 118.572 , 0.039524 , 3e+21 , 5.30159 , -2.5587 , 0.335 , 0.0265536 , 0.0268309 , 0.0256534
0.02585 , 118.572 , 0.039524 , 3e+21 , 5.30159 , -2.5587 , 0.335 , 0.0265536 , 0.0268309 , 0.0256534
0.0259 , 118.572 , 0.039524 , 3e+21 , 5.30159 , -2.5587 , 0.335 , 0.0265536 , 0.0268309 , 0.0256534
0.02595 , 118.572 , 0.039524 , 3e+21 , 5.30159 , -2.5587 , 0.335 , 0.0265536 , 0.0268309 , 0.0256534
0.026 , 118.572 , 0.039524 , 3e+21 , 5.30159 , -2.5587 , 0.335 , 0.0265536 , 0.0268309 , 0.0256534
0.02605 , 118.572 , 0.039524 , 3e+21 , 5.30159 , -2.5587 , 0.335 , 0.0265536 , 0.0268309 , 0.0256534
0.0261 , 118.572 , 0.039524 , 3e+21 , 5.30159 , -2.5587 , 0.335 , 0.0265536 , 0.0268309 , 0.0256534
0.02615 , 118.572 , 0.039524 , 3e+21 , 5.30159 , -2.5587 , 0.335 , 0.0265536 , 0.0268309 , 0.0256534
0.0262 , 118.572 , 0.039524 , 3e+21 , 5.30159 , -2.5587 , 0.335 , 0.0265536 , 0.0268309 , 0.0256534
0.02625 , 118.572 , 0.039524 , 3e+21 , 5.30159 , -2.5587 , 0.335 , 0.0265536 , 0.0268309 , 0.0256534
0.0263 , 118.572 , 0.039524 , 3e+21 , 5.30159 , -2.5587 , 0.335 , 0.0265536 , 0.0268309 , 0.0256534
0.02635 , 118.572 , 0.039524 , 3e+21 , 5.30159 , -2.5587 , 0.335 , 0.0265536 , 0.0268309 , 0.0256534
0.0264 , 118.572 , 0.039524 , 3e+21 , 5.30159 , -2.5587 , 0.335 , 0.0265536 , 0.0268309 , 0.0256534
0.02645 , 118.572 , 0.039524 , 3e+21 , 5.30159 , -2.5587 , 0.335 , 0.0265536 , 0.0268309 , 0.0256534
0.0265 , 118.572 , 0.039524 , 3e+21 , 5.30159 , -2.5587 , 0.335 , 0.0265536 , 0.0268309 , 0.0256534
0.02655 , 118.572 , 0.039524 , 3e+21 , 5.30159 , -2.5587 , 0.335 , 0.0265536 , 0.0268309 , 0.0256534
0.0266 , 118.572 , 0.039524 , 3e+21 , 5.30159 , -2.5587 , 0.335 , 0.0265536 , 0.0268309 , 0.0256534
0.02665 , 118.572 , 0.039524 , 3e+21 , 5.30159 , -2.5587 , 0.335 , 0.0265536 , 0.0268309 , 0.0256534
0.0267 , 118.572 , 0.039524 , 3e+21 , 5.30159 , -2.5587 , 0.335 , 0.0265536 , 0.0268309 , 0.0256534
0.02675 , 118.572 , 0.039524 , 3e+21 , 5.30159 , -2.5587 , 0.335 , 0.0265536 , 0.0268309 , 0.0256534
0.0268 , 118.572 , 0.039524 , 3e+21 , 5.30159 , -2.5587 , 0.335 , 0.0265536 , 0.0268309 , 0.0256534
0.02685 , 118.572 , 0.039524 , 3e+21 , 5.30159 , -2.5587 , 0.335 , 0.0265536 , 0.0268309 , 0.0256534
0.0269 , 118.572 , 0.039524 , 3e+21 , 5.30159 , -2.5587 , 0.335 , 0.0265536 , 0.0268309 , 0.0256534
0.02695 , 118.572 , 0.039524 , 3e+21 , 5.30159 , -2.5587 , 0.335 , 0.0265536 , 0.0268309 , 0.0256534
0.027 , 118.572 , 0.039524 , 3e+21 , 5.30159 , -2.5587 , 0.335 , 0.0265536 , 0.0268309 , 0.0256534
0.02705 , 118.572 , 0.039524 , 3e+21 , 5.30159 , -2.5587 , 0.335 , 0.0265536 , 0.0268309 , 0.0256534
0.0271 , 118.572 , 0.039524 , 3e+21 , 5.30159 , -2.5587 , 0.335 , 0.0265536 , 0.0268309 , 0.0256534
0.02715 , 118.572 , 0.039524 , 3e+21 , 5.30159 , -2.5587 , 0.335 , 0.0265536 , 0.0268309 , 0.0256534
0.0272 , 118.572 , 0.039524 , 3e+21 , 5.30159 , -2.5587 , 0.335 , 0.0265536 , 0.0268309 , 0.0256534
0.02725 , 118.572 , 0.039524 , 3e+21 , 5.30159 , -2.5587 , 0.335 , 0.0265536 , 0.0268309 , 0.0256534
0.0273 , 118.572 , 0.039524 , 3e+21 , 5.30159 , -2.5587 , 0.335 , 0.0265536 , 0.0268309 , 0.0256534
0.02735 , 118.572 , 0.039524 , 3e+21 , 5.30159 , -2.5587 , 0.335 , 0.0265536 , 0.0268309 , 0.0256534
0.0274 , 118.572 , 0.039524 , 3e+21 , 5.30159 , -2.5587 , 0.335 , 0.0265536 , 0.0268309 , 0.0256534
0.02745 , 118.572 , 0.039524 , 3e+21 , 5.30159 , -2.5587 , 0.335 , 0.0265536 , 0.0268309 , 0.0256534
0.0275 , 118.572 , 0.039524 , 3e+21 , 5.30159 , -2.5587 , 0.335 , 0.0265536 , 0.0268309 , 0.0256534
0.02755 , 118.572 , 0.039524 , 3e+21 , 5.30159 , -2.5587 , 0.335 , 0.0265536 , 0.0268309 , 0.0256534
0.0276 , 118.572 , 0.039524 , 3e+21 , 5.30159 , -2.5587 , 0.335 , 0.0265536 , 0.0268309 , 0.0256534
0.02765 , 118.572 , 0.039524 , 3e+21 , 5.30159 , -2.5587 , 0.335 , 0.0265536 , 0.0268309 , 0.0256534
0.0277 , 118.572 , 0.039524 , 3e+21 , 5.30159 , -2.5587 , 0.335 , 0.0265536 , 0.0268309 , 0.0256534
0.02775 , 118.572 , 0.039524 , 3e+21 , 5.30159 , -2.5587 , 0.335 , 0.0265536 , 0.0268309 , 0.0256534
0.0278 , 118.572 , 0.039524 , 3e+21 , 5.30159 , -2.5587 , 0.335 , 0.0265536 , 0.0268309 , 0.0256534
0.02785 , 118.572 , 0.039524 , 3e+21 , 5.30159 , -2.5587 , 0.335 , 0.0265536 , 0.0268309 , 0.0256534
0.0279 , 118.572 , 0.039524 , 3e+21 , 5.30159 , -2.5587 , 0.335 , 0.0265536 , 0.0268309 , 0.0256534
0.02795 , 118.572 , 0.039524 , 3e+21 , 5.30159 , -2.5587 , 0.335 , 0.0265536 , 0.0268309 , 0.0256534
0.028 , 118.572 , 0.039524 , 3e+21 , 5.30159 , -2.5587 , 0.335 , 0.0265536 , 0.0268309 , 0.0256534
0.02805 , 118.572 , 0.039524 , 3e+21 , 5.30159 , -2.5587 , 0.335 , 0.0265536 , 0.0268309 , 0.0256534
0.0281 , 118.572 , 0.039524 , 3e+21 , 5.30159 , -2.5587 , 0.335 , 0.0265536 , 0.0268309 , 0.0256534
0.02815 , 118.572 , 0.039524 , 3e+21 , 5.30159 , -2.5587 , 0.335 , 0.0265536 , 0.0268309 , 0.0256534
0.0282 , 118.572 , 0.039524 , 3e+21 , 5.30159 , -2.5587 , 0.335 , 0.0265536 , 0.0268309 , 0.0256534
0.02825 , 118.572 , 0.039524 , 3e+21 , 5.30159 , -2.5587 , 0.335 , 0.0265536 , 0.0268309 , 0.0256534
0.0283 , 118.572 , 0.039524 , 3e+21 , 5.30159 , -2.5587 , 0.335 , 0.0265536 , 0.0268309 , 0.0256534
0.02835 , 118.572 , 0.039524 , 3e+21 , 5.30159 , -2.5587 , 0.335 , 0.0265536 , 0.0268309 , 0.0256534
0.0284 , 118.572 , 0.039524 , 3e+21 , 5.30159 , -2.5587 , 0.335 , 0.0265536 , 0.0268309 , 0.0256534
0.02845 , 118.572 , 0.039524 , 3e+21 , 5.30159 , -2.5587 , 0.335 , 0.0265536 , 0.0268309 , 0.0256534
0.0285 , 118.572 , 0.039524 , 3e+21 , 5.30159 , -2.5587 , 0.335 , 0.0265536 , 0.0268309 , 0.0256534
0.02855 , 118.572 , 0.039524 , 3e+21 , 5.30159 , -2.5587 , 0.335 , 0.0265536 , 0.0268309 , 0.0256534
0.0286 , 118.572 , 0.039524 , 3e+21 , 5.30159 , -2.5587 , 0.335 , 0.0265536 , 0.0268309 , 0.0256534
0.02865 , 118.572 , 0.039524 , 3e+21 , 5.30159 , -2.5587 , 0.335 , 0.0265536 , 0.0268309 , 0.0256534
0.0287 , 118.572 , 0.039524 , 3e+21 , 5.30159 , -2.5587 , 0.335 , 0.0265536 , 0.0268309 , 0.0256534
0.02875 , 118.572 , 0.039524 , 3e+21 , 5.30159 , -2.5587 , 0.335 , 0.0265536 , 0.0268309 , 0.0256534
0.0288 , 118.572 , 0.039524 , 3e+21 , 5.30159 , -2.5587 , 0.335 , 0.0265536 , 0.0268309 , 0.0256534
0.02885 , 118.572 , 0.039524 , 3e+21 , 5.30159 , -2.5587 , 0.335 , 0.0265536 , 0.0268309 , 0.0256534
0.0289 , 118.572 , 0.039524 , 3e+21 , 5.30159 , -2.5587 , 0.335 , 0.0265536 , 0.0268309 , 0.0256534
0.02895 , 118.572 , 0.039524 , 3e+21 , 5.30159 , -2.5587 , 0.335 , 0.0265536 , 0.0268309 , 0.0256534
0.029 , 118.572 , 0.039524 , 3e+21 , 5.30159 , -2.5587 , 0.335 , 0.0265536 , 0.0268309 , 0.0256534
0.02905 , 118.572 , 0.039524 , 3e+21 , 5.30159 , -2.5587 , 0.335 , 0.0265536 , 0.0268309 , 0.0256534
0.0291 , 118.572 , 0.039524 , 3e+21 , 5.30159 , -2.5587 , 0.335 , 0.0265536 , 0.0268309 , 0.0256534
0.02915 , 118.572 , 0.039524 , 3e+21 , 5.30159 , -2.5587 , 0.335 , 0.0265536 , 0.0268309 , 0.0256534
0.0292 , 118.572 , 0.039524 , 3e+21 , 5.30159 , -2.5587 , 0.335 , 0.0265536 , 0.0268309 , 0.0256534
0.02925 , 118.572 , 0.039524 , 3e+21 , 5.30159 , -2.5587 , 0.335 , 0.0265536 , 0.0268309 , 0.0256534
0.0293 , 118.572 , 0.039524 , 3e+21 , 5.30159 , -2.5587 , 0.335 , 0.0265536 , 0.0268309 , 0.0256534
0.02935 , 118.572 , 0.039524 , 3e+21 , 5.30159 , -2.5587 , 0.335 , 0.0265536 , 0.0268309 , 0.0256534
0.0294 , 118.572 , 0.039524 , 3e+21 , 5.30159 , -2.5587 , 0.335 , 0.0265536 , 0.0268309 , 0.0256534
0.02945 , 118.572 , 0.039524 , 3e+21 , 5.30159 , -2.5587 , 0.335 , 0.0265536 , 0.0268309 , 0.0256534
0.0295 , 118.572 , 0.039524 , 3e+21 , 5.30159 , -2.5587 , 0.335 , 0.0265536 , 0.0268309 , 0.0256534
0.02955 , 118.572 , 0.039524 , 3e+21 , 5.30159 , -2.5587 , 0.335 , 0.0265536 , 0.0268309 , 0.0256534
0.0296 , 118.572 , 0.039524 , 3e+21 , 5.30159 , -2.5587 , 0.335 , 0.0265536 , 0.0268309 , 0.0256534
0.02965 , 118.572 , 0.039524 , 3e+21 , 5.30159 , -2.5587 , 0.335 , 0.0265536 , 0.0268309 , 0.0256534
0.0297 , 118.572 , 0.039524 , 3e+21 , 5.30159 , -2.5587 , 0.335 , 0.0265536 , 0.0268309 , 0.0256534
0.02975 , 118.572 , 0.039524 , 3e+21 , 5.30159 , -2.5587 , 0.335 , 0.0265536 , 0.0268309 , 0.0256534
0.0298 , 118.572 , 0.039524 , 3e+21 , 5.30159 , -2.5587 , 0.335 , 0.0265536 , 0.0268309 , 0.0256534
0.02985 , 118.572 , 0.039524 , 3e+21 , 5.30159 , -2.5587 , 0.335 , 0.0265536 , 0.0268309 , 0.0256534
0.0299 , 118.572 , 0.039524 , 3e+21 , 5.30159 , -2.5587 , 0.335 , 0.0265536 , 0.0268309 , 0.0256534
0.02995 , 118.572 , 0.039524 , 3e+21 , 5.30159 , -2.5587 , 0.335 , 0.0265536 , 0.0268309 , 0.0256534
0.03 , 118.572 , 0.039524 , 3e+21 , 5.30159 , -2.5587 , 0.335 , 0.0265536 , 0.0268309 , 0.0256534
