t , Ki , Mi , Ni , Vxi , Vyi , Vzi , Txi , Tyi , Tzi
0 , 119.033 , 0.0396777 , 3e+21 , -1.73575 , 3.95619 , -2.02145 , 0.0259194 , 0.0259941 , 0.0274354
4e-09 , 119.033 , 0.0396777 , 3e+21 , -1.73575 , 3.95619 , -2.02145 , 0.0259194 , 0.0259941 , 0.0274354
8e-09 , 119.033 , 0.0396777 , 3e+21 , -1.73575 , 3.95619 , -2.02145 , 0.0259194 , 0.0259941 , 0.0274354
1.2e-08 , 119.033 , 0.0396777 , 3e+21 , -1.73575 , 3.95619 , -2.02145 , 0.0259194 , 0.0259941 , 0.0274354
1.6e-08 , 119.033 , 0.0396777 , 3e+21 , -1.73575 , 3.95619 , -2.02145 , 0.0259194 , 0.0259941 , 0.0274354
2e-08 , 119.033 , 0.0396777 , 3e+21 , -1.73575 , 3.95619 , -2.02145 , 0.0259194 , 0.0259941 , 0.0274354
2.4e-08 , 119.033 , 0.0396777 , 3e+21 , -1.73575 , 3.95619 , -2.02145 , 0.0259194 , 0.0259941 , 0.0274354
2.8e-08 , 119.033 , 0.0396777 , 3e+21 , -1.73575 , 3.95619 , -2.02145 , 0.0259194 , 0.0259941 , 0.0274354
3.2e-08 , 119.033 , 0.0396777 , 3e+21 , -1.73575 , 3.95619 , -2.02145 , 0.0259194 , 0.0259941 , 0.0274354
3.6e-08 , 119.033 , 0.0396777 , 3e+21 , -1.73575 , 3.95619 , -2.02145 , 0.0259194 , 0.0259941 , 0.0274354
4e-08 , 119.033 , 0.0396777 , 3e+21 , -1.73575 , 3.95619 , -2.02145 , 0.0259194 , 0.0259941 , 0.0274354
4.4e-08 , 119.033 , 0.0396777 , 3e+21 , -1.73575 , 3.95619 , -2.02145 , 0.0259194 , 0.0259941 , 0.0274354
4.8e-08 , 119.033 , 0.0396777 , 3e+21 , -1.73575 , 3.95619 , -2.02145 , 0.0259194 , 0.0259941 , 0.0274354
5.2e-08 , 119.033 , 0.0396777 , 3e+21 , -1.73575 , 3.95619 , -2.02145 , 0.0259194 , 0.0259941 , 0.0274354
5.6e-08 , 119.033 , 0.0396777 , 3e+21 , -1.73575 , 3.95619 , -2.02145 , 0.0259194 , 0.0259941 , 0.0274354
6e-08 , 119.033 , 0.0396777 , 3e+21 , -1.73575 , 3.95619 , -2.02145 , 0.0259194 , 0.0259941 , 0.0274354
6.4e-08 , 119.033 , 0.0396777 , 3e+21 , -1.73575 , 3.95619 , -2.02145 , 0.0259194 , 0.0259941 , 0.0274354
6.8e-08 , 119.033 , 0.0396777 , 3e+21 , -1.73575 , 3.95619 , -2.02145 , 0.0259194 , 0.0259941 , 0.0274354
7.2e-08 , 119.033 , 0.0396777 , 3e+21 , -1.73575 , 3.95619 , -2.02145 , 0.0259194 , 0.0259941 , 0.0274354
7.6e-08 , 119.033 , 0.0396777 , 3e+21 , -1.73575 , 3.95619 , -2.02145 , 0.0259194 , 0.0259941 , 0.0274354
8e-08 , 119.033 , 0.0396777 , 3e+21 , -1.73575 , 3.95619 , -2.02145 , 0.0259194 , 0.0259941 , 0.0274354
8.4e-08 , 119.033 , 0.0396777 , 3e+21 , -1.73575 , 3.95619 , -2.02145 , 0.0259194 , 0.0259941 , 0.0274354
8.8e-08 , 119.033 , 0.0396777 , 3e+21 , -1.73575 , 3.95619 , -2.02145 , 0.0259194 , 0.0259941 , 0.0274354
9.2e-08 , 119.033 , 0.0396777 , 3e+21 , -1.73575 , 3.95619 , -2.02145 , 0.0259194 , 0.0259941 , 0.0274354
9.6e-08 , 119.033 , 0.0396777 , 3e+21 , -1.73575 , 3.95619 , -2.02145 , 0.0259194 , 0.0259941 , 0.0274354
1e-07 , 119.033 , 0.0396777 , 3e+21 , -1.73575 , 3.95619 , -2.02145 , 0.0259194 , 0.0259941 , 0.0274354
1.04e-07 , 119.033 , 0.0396777 , 3e+21 , -1.73575 , 3.95619 , -2.02145 , 0.0259194 , 0.0259941 , 0.0274354
1.08e-07 , 119.033 , 0.0396777 , 3e+21 , -1.73575 , 3.95619 , -2.02145 , 0.0259194 , 0.0259941 , 0.0274354
1.12e-07 , 119.033 , 0.0396777 , 3e+21 , -1.73575 , 3.95619 , -2.02145 , 0.0259194 , 0.0259941 , 0.0274354
1.16e-07 , 119.033 , 0.0396777 , 3e+21 , -1.73575 , 3.95619 , -2.02145 , 0.0259194 , 0.0259941 , 0.0274354
1.2e-07 , 119.033 , 0.0396777 , 3e+21 , -1.73575 , 3.95619 , -2.02145 , 0.0259194 , 0.0259941 , 0.0274354
1.24e-07 , 119.033 , 0.0396777 , 3e+21 , -1.73575 , 3.95619 , -2.02145 , 0.0259194 , 0.0259941 , 0.0274354
1.28e-07 , 119.033 , 0.0396777 , 3e+21 , -1.73575 , 3.95619 , -2.02145 , 0.0259194 , 0.0259941 , 0.0274354
1.32e-07 , 119.033 , 0.0396777 , 3e+21 , -1.73575 , 3.95619 , -2.02145 , 0.0259194 , 0.0259941 , 0.0274354
1.36e-07 , 119.033 , 0.0396777 , 3e+21 , -1.73575 , 3.95619 , -2.02145 , 0.0259194 , 0.0259941 , 0.0274354
1.4e-07 , 119.033 , 0.0396777 , 3e+21 , -1.73575 , 3.95619 , -2.02145 , 0.0259194 , 0.0259941 , 0.0274354
1.44e-07 , 119.033 , 0.0396777 , 3e+21 , -1.73575 , 3.95619 , -2.02145 , 0.0259194 , 0.0259941 , 0.0274354
1.48e-07 , 119.033 , 0.0396777 , 3e+21 , -1.73575 , 3.95619 , -2.02145 , 0.0259194 , 0.0259941 , 0.0274354
1.52e-07 , 119.033 , 0.0396777 , 3e+21 , -1.73575 , 3.95619 , -2.02145 , 0.0259194 , 0.0259941 , 0.0274354
1.56e-07 , 119.033 , 0.0396777 , 3e+21 , -1.73575 , 3.95619 , -2.02145 , 0.0259194 , 0.0259941 , 0.0274354
1.6e-07 , 119.033 , 0.0396777 , 3e+21 , -1.73575 , 3.95619 , -2.02145 , 0.0259194 , 0.0259941 , 0.0274354
1.64e-07 , 119.033 , 0.0396777 , 3e+21 , -1.73575 , 3.95619 , -2.02145 , 0.0259194 , 0.0259941 , 0.0274354
1.68e-07 , 119.033 , 0.0396777 , 3e+21 , -1.73575 , 3.95619 , -2.02145 , 0.0259194 , 0.0259941 , 0.0274354
1.72e-07 , 119.033 , 0.0396777 , 3e+21 , -1.73575 , 3.95619 , -2.02145 , 0.0259194 , 0.0259941 , 0.0274354
1.76e-07 , 119.033 , 0.0396777 , 3e+21 , -1.73575 , 3.95619 , -2.02145 , 0.0259194 , 0.0259941 , 0.0274354
1.8e-07 , 119.033 , 0.0396777 , 3e+21 , -1.73575 , 3.95619 , -2.02145 , 0.0259194 , 0.0259941 , 0.0274354
1.84e-07 , 119.033 , 0.0396777 , 3e+21 , -1.73575 , 3.95619 , -2.02145 , 0.0259194 , 0.0259941 , 0.0274354
1.88e-07 , 119.033 , 0.0396777 , 3e+21 , -1.73575 , 3.95619 , -2.02145 , 0.0259194 , 0.0259941 , 0.0274354
1.92e-07 , 119.033 , 0.0396777 , 3e+21 , -1.73575 , 3.95619 , -2.02145 , 0.0259194 , 0.0259941 , 0.0274354
1.96e-07 , 119.033 , 0.0396777 , 3e+21 , -1.73575 , 3.95619 , -2.02145 , 0.0259194 , 0.0259941 , 0.0274354
2e-07 , 119.033 , 0.0396777 , 3e+21 , -1.73575 , 3.95619 , -2.02145 , 0.0259194 , 0.0259941 , 0.0274354
2.04e-07 , 119.033 , 0.0396777 , 3e+21 , -1.73575 , 3.95619 , -2.02145 , 0.0259194 , 0.0259941 , 0.0274354
2.08e-07 , 119.033 , 0.0396777 , 3e+21 , -1.73575 , 3.95619 , -2.02145 , 0.0259194 , 0.0259941 , 0.0274354
2.12e-07 , 119.033 , 0.0396777 , 3e+21 , -1.73575 , 3.95619 , -2.02145 , 0.0259194 , 0.0259941 , 0.0274354
2.16e-07 , 119.033 , 0.0396777 , 3e+21 , -1.73575 , 3.95619 , -2.02145 , 0.0259194 , 0.0259941 , 0.0274354
2.2e-07 , 119.033 , 0.0396777 , 3e+21 , -1.73575 , 3.95619 , -2.02145 , 0.0259194 , 0.0259941 , 0.0274354
2.24e-07 , 119.033 , 0.0396777 , 3e+21 , -1.73575 , 3.95619 , -2.02145 , 0.0259194 , 0.0259941 , 0.0274354
2.28e-07 , 119.033 , 0.0396777 , 3e+21 , -1.73575 , 3.95619 , -2.02145 , 0.0259194 , 0.0259941 , 0.0274354
2.32e-07 , 119.033 , 0.0396777 , 3e+21 , -1.73575 , 3.95619 , -2.02145 , 0.0259194 , 0.0259941 , 0.0274354
2.36e-07 , 119.033 , 0.0396777 , 3e+21 , -1.73575 , 3.95619 , -2.02145 , 0.0259194 , 0.0259941 , 0.0274354
2.4e-07 , 119.033 , 0.0396777 , 3e+21 , -1.73575 , 3.95619 , -2.02145 , 0.0259194 , 0.0259941 , 0.0274354
2.44e-07 , 119.033 , 0.0396777 , 3e+21 , -1.73575 , 3.95619 , -2.02145 , 0.0259194 , 0.0259941 , 0.0274354
2.48e-07 , 119.033 , 0.0396777 , 3e+21 , -1.73575 , 3.95619 , -2.02145 , 0.0259194 , 0.0259941 , 0.0274354
2.52e-07 , 119.033 , 0.0396777 , 3e+21 , -1.73575 , 3.95619 , -2.02145 , 0.0259194 , 0.0259941 , 0.0274354
2.56e-07 , 119.033 , 0.0396777 , 3e+21 , -1.73575 , 3.95619 , -2.02145 , 0.0259194 , 0.0259941 , 0.0274354
2.6e-07 , 119.033 , 0.0396777 , 3e+21 , -1.73575 , 3.95619 , -2.02145 , 0.0259194 , 0.0259941 , 0.0274354
2.64e-07 , 119.033 , 0.0396777 , 3e+21 , -1.73575 , 3.95619 , -2.02145 , 0.0259194 , 0.0259941 , 0.0274354
2.68e-07 , 119.033 , 0.0396777 , 3e+21 , -1.73575 , 3.95619 , -2.02145 , 0.0259194 , 0.0259941 , 0.0274354
2.72e-07 , 119.033 , 0.0396777 , 3e+21 , -1.73575 , 3.95619 , -2.02145 , 0.0259194 , 0.0259941 , 0.0274354
2.76e-07 , 119.033 , 0.0396777 , 3e+21 , -1.73575 , 3.95619 , -2.02145 , 0.0259194 , 0.0259941 , 0.0274354
2.8e-07 , 119.033 , 0.0396777 , 3e+21 , -1.73575 , 3.95619 , -2.02145 , 0.0259194 , 0.0259941 , 0.0274354
2.84e-07 , 119.033 , 0.0396777 , 3e+21 , -1.73575 , 3.95619 , -2.02145 , 0.0259194 , 0.0259941 , 0.0274354
2.88e-07 , 119.033 , 0.0396777 , 3e+21 , -1.73575 , 3.95619 , -2.02145 , 0.0259194 , 0.0259941 , 0.0274354
2.92e-07 , 119.033 , 0.0396777 , 3e+21 , -1.73575 , 3.95619 , -2.02145 , 0.0259194 , 0.0259941 , 0.0274354
2.96e-07 , 119.033 , 0.0396777 , 3e+21 , -1.73575 , 3.95619 , -2.02145 , 0.0259194 , 0.0259941 , 0.0274354
3e-07 , 119.033 , 0.0396777 , 3e+21 , -1.73575 , 3.95619 , -2.02145 , 0.0259194 , 0.0259941 , 0.0274354
3.04e-07 , 119.033 , 0.0396777 , 3e+21 , -1.73575 , 3.95619 , -2.02145 , 0.0259194 , 0.0259941 , 0.0274354
3.08e-07 , 119.033 , 0.0396777 , 3e+21 , -1.73575 , 3.95619 , -2.02145 , 0.0259194 , 0.0259941 , 0.0274354
3.12e-07 , 119.033 , 0.0396777 , 3e+21 , -1.73575 , 3.95619 , -2.02145 , 0.0259194 , 0.0259941 , 0.0274354
3.16e-07 , 119.033 , 0.0396777 , 3e+21 , -1.73575 , 3.95619 , -2.02145 , 0.0259194 , 0.0259941 , 0.0274354
3.2e-07 , 119.033 , 0.0396777 , 3e+21 , -1.73575 , 3.95619 , -2.02145 , 0.0259194 , 0.0259941 , 0.0274354
3.24e-07 , 119.033 , 0.0396777 , 3e+21 , -1.73575 , 3.95619 , -2.02145 , 0.0259194 , 0.0259941 , 0.0274354
3.28e-07 , 119.033 , 0.0396777 , 3e+21 , -1.73575 , 3.95619 , -2.02145 , 0.0259194 , 0.0259941 , 0.0274354
3.32e-07 , 119.033 , 0.0396777 , 3e+21 , -1.73575 , 3.95619 , -2.02145 , 0.0259194 , 0.0259941 , 0.0274354
3.36e-07 , 119.033 , 0.0396777 , 3e+21 , -1.73575 , 3.95619 , -2.02145 , 0.0259194 , 0.0259941 , 0.0274354
3.4e-07 , 119.033 , 0.0396777 , 3e+21 , -1.73575 , 3.95619 , -2.02145 , 0.0259194 , 0.0259941 , 0.0274354
3.44e-07 , 119.033 , 0.0396777 , 3e+21 , -1.73575 , 3.95619 , -2.02145 , 0.0259194 , 0.0259941 , 0.0274354
3.48e-07 , 119.033 , 0.0396777 , 3e+21 , -1.73575 , 3.95619 , -2.02145 , 0.0259194 , 0.0259941 , 0.0274354
3.52e-07 , 119.033 , 0.0396777 , 3e+21 , -1.73575 , 3.95619 , -2.02145 , 0.0259194 , 0.0259941 , 0.0274354
3.56e-07 , 119.033 , 0.0396777 , 3e+21 , -1.73575 , 3.95619 , -2.02145 , 0.0259194 , 0.0259941 , 0.0274354
3.6e-07 , 119.033 , 0.0396777 , 3e+21 , -1.73575 , 3.95619 , -2.02145 , 0.0259194 , 0.0259941 , 0.0274354
3.64e-07 , 119.033 , 0.0396777 , 3e+21 , -1.73575 , 3.95619 , -2.02145 , 0.0259194 , 0.0259941 , 0.0274354
3.68e-07 , 119.033 , 0.0396777 , 3e+21 , -1.73575 , 3.95619 , -2.02145 , 0.0259194 , 0.0259941 , 0.0274354
3.72e-07 , 119.033 , 0.0396777 , 3e+21 , -1.73575 , 3.95619 , -2.02145 , 0.0259194 , 0.0259941 , 0.0274354
3.76e-07 , 119.033 , 0.0396777 , 3e+21 , -1.73575 , 3.95619 , -2.02145 , 0.0259194 , 0.0259941 , 0.0274354
3.8e-07 , 119.033 , 0.0396777 , 3e+21 , -1.73575 , 3.95619 , -2.02145 , 0.0259194 , 0.0259941 , 0.0274354
3.84e-07 , 119.033 , 0.0396777 , 3e+21 , -1.73575 , 3.95619 , -2.02145 , 0.0259194 , 0.0259941 , 0.0274354
3.88e-07 , 119.033 , 0.0396777 , 3e+21 , -1.73575 , 3.95619 , -2.02145 , 0.0259194 , 0.0259941 , 0.0274354
3.92e-07 , 119.033 , 0.0396777 , 3e+21 , -1.73575 , 3.95619 , -2.02145 , 0.0259194 , 0.0259941 , 0.0274354
3.96e-07 , 119.033 , 0.0396777 , 3e+21 , -1.73575 , 3.95619 , -2.02145 , 0.0259194 , 0.0259941 , 0.0274354
4e-07 , 119.033 , 0.0396777 , 3e+21 , -1.73575 , 3.95619 , -2.02145 , 0.0259194 , 0.0259941 , 0.0274354
4.04e-07 , 119.033 , 0.0396777 , 3e+21 , -1.73575 , 3.95619 , -2.02145 , 0.0259194 , 0.0259941 , 0.0274354
4.08e-07 , 119.033 , 0.0396777 , 3e+21 , -1.73575 , 3.95619 , -2.02145 , 0.0259194 , 0.0259941 , 0.0274354
4.12e-07 , 119.033 , 0.0396777 , 3e+21 , -1.73575 , 3.95619 , -2.02145 , 0.0259194 , 0.0259941 , 0.0274354
4.16e-07 , 119.033 , 0.0396777 , 3e+21 , -1.73575 , 3.95619 , -2.02145 , 0.0259194 , 0.0259941 , 0.0274354
4.2e-07 , 119.033 , 0.0396777 , 3e+21 , -1.73575 , 3.95619 , -2.02145 , 0.0259194 , 0.0259941 , 0.0274354
4.24e-07 , 119.033 , 0.0396777 , 3e+21 , -1.73575 , 3.95619 , -2.02145 , 0.0259194 , 0.0259941 , 0.0274354
4.28e-07 , 119.033 , 0.0396777 , 3e+21 , -1.73575 , 3.95619 , -2.02145 , 0.0259194 , 0.0259941 , 0.0274354
4.32e-07 , 119.033 , 0.0396777 , 3e+21 , -1.73575 , 3.95619 , -2.02145 , 0.0259194 , 0.0259941 , 0.0274354
4.36e-07 , 119.033 , 0.0396777 , 3e+21 , -1.73575 , 3.95619 , -2.02145 , 0.0259194 , 0.0259941 , 0.0274354
4.4e-07 , 119.033 , 0.0396777 , 3e+21 , -1.73575 , 3.95619 , -2.02145 , 0.0259194 , 0.0259941 , 0.0274354
4.44e-07 , 119.033 , 0.0396777 , 3e+21 , -1.73575 , 3.95619 , -2.02145 , 0.0259194 , 0.0259941 , 0.0274354
4.48e-07 , 119.033 , 0.0396777 , 3e+21 , -1.73575 , 3.95619 , -2.02145 , 0.0259194 , 0.0259941 , 0.0274354
4.52e-07 , 119.033 , 0.0396777 , 3e+21 , -1.73575 , 3.95619 , -2.02145 , 0.0259194 , 0.0259941 , 0.0274354
4.56e-07 , 119.033 , 0.0396777 , 3e+21 , -1.73575 , 3.95619 , -2.02145 , 0.0259194 , 0.0259941 , 0.0274354
4.6e-07 , 119.033 , 0.0396777 , 3e+21 , -1.73575 , 3.95619 , -2.02145 , 0.0259194 , 0.0259941 , 0.0274354
4.64e-07 , 119.033 , 0.0396777 , 3e+21 , -1.73575 , 3.95619 , -2.02145 , 0.0259194 , 0.0259941 , 0.0274354
4.68e-07 , 119.033 , 0.0396777 , 3e+21 , -1.73575 , 3.95619 , -2.02145 , 0.0259194 , 0.0259941 , 0.0274354
4.72e-07 , 119.033 , 0.0396777 , 3e+21 , -1.73575 , 3.95619 , -2.02145 , 0.0259194 , 0.0259941 , 0.0274354
4.76e-07 , 119.033 , 0.0396777 , 3e+21 , -1.73575 , 3.95619 , -2.02145 , 0.0259194 , 0.0259941 , 0.0274354
4.8e-07 , 119.033 , 0.0396777 , 3e+21 , -1.73575 , 3.95619 , -2.02145 , 0.0259194 , 0.0259941 , 0.0274354
4.84e-07 , 119.033 , 0.0396777 , 3e+21 , -1.73575 , 3.95619 , -2.02145 , 0.0259194 , 0.0259941 , 0.0274354
4.88e-07 , 119.033 , 0.0396777 , 3e+21 , -1.73575 , 3.95619 , -2.02145 , 0.0259194 , 0.0259941 , 0.0274354
4.92e-07 , 119.033 , 0.0396777 , 3e+21 , -1.73575 , 3.95619 , -2.02145 , 0.0259194 , 0.0259941 , 0.0274354
4.96e-07 , 119.033 , 0.0396777 , 3e+21 , -1.73575 , 3.95619 , -2.02145 , 0.0259194 , 0.0259941 , 0.0274354
5e-07 , 119.033 , 0.0396777 , 3e+21 , -1.73575 , 3.95619 , -2.02145 , 0.0259194 , 0.0259941 , 0.0274354
5.04e-07 , 119.033 , 0.0396777 , 3e+21 , -1.73575 , 3.95619 , -2.02145 , 0.0259194 , 0.0259941 , 0.0274354
5.08e-07 , 119.033 , 0.0396777 , 3e+21 , -1.73575 , 3.95619 , -2.02145 , 0.0259194 , 0.0259941 , 0.0274354
5.12e-07 , 119.033 , 0.0396777 , 3e+21 , -1.73575 , 3.95619 , -2.02145 , 0.0259194 , 0.0259941 , 0.0274354
5.16e-07 , 119.033 , 0.0396777 , 3e+21 , -1.73575 , 3.95619 , -2.02145 , 0.0259194 , 0.0259941 , 0.0274354
5.2e-07 , 119.033 , 0.0396777 , 3e+21 , -1.73575 , 3.95619 , -2.02145 , 0.0259194 , 0.0259941 , 0.0274354
5.24e-07 , 119.033 , 0.0396777 , 3e+21 , -1.73575 , 3.95619 , -2.02145 , 0.0259194 , 0.0259941 , 0.0274354
5.28e-07 , 119.033 , 0.0396777 , 3e+21 , -1.73575 , 3.95619 , -2.02145 , 0.0259194 , 0.0259941 , 0.0274354
5.32e-07 , 119.033 , 0.0396777 , 3e+21 , -1.73575 , 3.95619 , -2.02145 , 0.0259194 , 0.0259941 , 0.0274354
5.36e-07 , 119.033 , 0.0396777 , 3e+21 , -1.73575 , 3.95619 , -2.02145 , 0.0259194 , 0.0259941 , 0.0274354
5.4e-07 , 119.033 , 0.0396777 , 3e+21 , -1.73575 , 3.95619 , -2.02145 , 0.0259194 , 0.0259941 , 0.0274354
5.44e-07 , 119.033 , 0.0396777 , 3e+21 , -1.73575 , 3.95619 , -2.02145 , 0.0259194 , 0.0259941 , 0.0274354
5.48e-07 , 119.033 , 0.0396777 , 3e+21 , -1.73575 , 3.95619 , -2.02145 , 0.0259194 , 0.0259941 , 0.0274354
5.52e-07 , 119.033 , 0.0396777 , 3e+21 , -1.73575 , 3.95619 , -2.02145 , 0.0259194 , 0.0259941 , 0.0274354
5.56e-07 , 119.033 , 0.0396777 , 3e+21 , -1.73575 , 3.95619 , -2.02145 , 0.0259194 , 0.0259941 , 0.0274354
5.6e-07 , 119.033 , 0.0396777 , 3e+21 , -1.73575 , 3.95619 , -2.02145 , 0.0259194 , 0.0259941 , 0.0274354
5.64e-07 , 119.033 , 0.0396777 , 3e+21 , -1.73575 , 3.95619 , -2.02145 , 0.0259194 , 0.0259941 , 0.0274354
5.68e-07 , 119.033 , 0.0396777 , 3e+21 , -1.73575 , 3.95619 , -2.02145 , 0.0259194 , 0.0259941 , 0.0274354
5.72e-07 , 119.033 , 0.0396777 , 3e+21 , -1.73575 , 3.95619 , -2.02145 , 0.0259194 , 0.0259941 , 0.0274354
5.76e-07 , 119.033 , 0.0396777 , 3e+21 , -1.73575 , 3.95619 , -2.02145 , 0.0259194 , 0.0259941 , 0.0274354
5.8e-07 , 119.033 , 0.0396777 , 3e+21 , -1.73575 , 3.95619 , -2.02145 , 0.0259194 , 0.0259941 , 0.0274354
5.84e-07 , 119.033 , 0.0396777 , 3e+21 , -1.73575 , 3.95619 , -2.02145 , 0.0259194 , 0.0259941 , 0.0274354
5.88e-07 , 119.033 , 0.0396777 , 3e+21 , -1.73575 , 3.95619 , -2.02145 , 0.0259194 , 0.0259941 , 0.0274354
5.92e-07 , 119.033 , 0.0396777 , 3e+21 , -1.73575 , 3.95619 , -2.02145 , 0.0259194 , 0.0259941 , 0.0274354
5.96e-07 , 119.033 , 0.0396777 , 3e+21 , -1.73575 , 3.95619 , -2.02145 , 0.0259194 , 0.0259941 , 0.0274354
6e-07 , 119.033 , 0.0396777 , 3e+21 , -1.73575 , 3.95619 , -2.02145 , 0.0259194 , 0.0259941 , 0.0274354
6.04e-07 , 119.033 , 0.0396777 , 3e+21 , -1.73575 , 3.95619 , -2.02145 , 0.0259194 , 0.0259941 , 0.0274354
6.08e-07 , 119.033 , 0.0396777 , 3e+21 , -1.73575 , 3.95619 , -2.02145 , 0.0259194 , 0.0259941 , 0.0274354
6.12e-07 , 119.033 , 0.0396777 , 3e+21 , -1.73575 , 3.95619 , -2.02145 , 0.0259194 , 0.0259941 , 0.0274354
6.16e-07 , 119.033 , 0.0396777 , 3e+21 , -1.73575 , 3.95619 , -2.02145 , 0.0259194 , 0.0259941 , 0.0274354
6.2e-07 , 119.033 , 0.0396777 , 3e+21 , -1.73575 , 3.95619 , -2.02145 , 0.0259194 , 0.0259941 , 0.0274354
6.24e-07 , 119.033 , 0.0396777 , 3e+21 , -1.73575 , 3.95619 , -2.02145 , 0.0259194 , 0.0259941 , 0.0274354
6.28e-07 , 119.033 , 0.0396777 , 3e+21 , -1.73575 , 3.95619 , -2.02145 , 0.0259194 , 0.0259941 , 0.0274354
6.32e-07 , 119.033 , 0.0396777 , 3e+21 , -1.73575 , 3.95619 , -2.02145 , 0.0259194 , 0.0259941 , 0.0274354
6.36e-07 , 119.033 , 0.0396777 , 3e+21 , -1.73575 , 3.95619 , -2.02145 , 0.0259194 , 0.0259941 , 0.0274354
6.4e-07 , 119.033 , 0.0396777 , 3e+21 , -1.73575 , 3.95619 , -2.02145 , 0.0259194 , 0.0259941 , 0.0274354
6.44e-07 , 119.033 , 0.0396777 , 3e+21 , -1.73575 , 3.95619 , -2.02145 , 0.0259194 , 0.0259941 , 0.0274354
6.48e-07 , 119.033 , 0.0396777 , 3e+21 , -1.73575 , 3.95619 , -2.02145 , 0.0259194 , 0.0259941 , 0.0274354
6.52e-07 , 119.033 , 0.0396777 , 3e+21 , -1.73575 , 3.95619 , -2.02145 , 0.0259194 , 0.0259941 , 0.0274354
6.56e-07 , 119.033 , 0.0396777 , 3e+21 , -1.73575 , 3.95619 , -2.02145 , 0.0259194 , 0.0259941 , 0.0274354
6.6e-07 , 119.033 , 0.0396777 , 3e+21 , -1.73575 , 3.95619 , -2.02145 , 0.0259194 , 0.0259941 , 0.0274354
6.64e-07 , 119.033 , 0.0396777 , 3e+21 , -1.73575 , 3.95619 , -2.02145 , 0.0259194 , 0.0259941 , 0.0274354
6.68e-07 , 119.033 , 0.0396777 , 3e+21 , -1.73575 , 3.95619 , -2.02145 , 0.0259194 , 0.0259941 , 0.0274354
6.72e-07 , 119.033 , 0.0396777 , 3e+21 , -1.73575 , 3.95619 , -2.02145 , 0.0259194 , 0.0259941 , 0.0274354
6.76e-07 , 119.033 , 0.0396777 , 3e+21 , -1.73575 , 3.95619 , -2.02145 , 0.0259194 , 0.0259941 , 0.0274354
6.8e-07 , 119.033 , 0.0396777 , 3e+21 , -1.73575 , 3.95619 , -2.02145 , 0.0259194 , 0.0259941 , 0.0274354
6.84e-07 , 119.033 , 0.0396777 , 3e+21 , -1.73575 , 3.95619 , -2.02145 , 0.0259194 , 0.0259941 , 0.0274354
6.88e-07 , 119.033 , 0.0396777 , 3e+21 , -1.73575 , 3.95619 , -2.02145 , 0.0259194 , 0.0259941 , 0.0274354
6.92e-07 , 119.033 , 0.0396777 , 3e+21 , -1.73575 , 3.95619 , -2.02145 , 0.0259194 , 0.0259941 , 0.0274354
6.96e-07 , 119.033 , 0.0396777 , 3e+21 , -1.73575 , 3.95619 , -2.02145 , 0.0259194 , 0.0259941 , 0.0274354
7e-07 , 119.033 , 0.0396777 , 3e+21 , -1.73575 , 3.95619 , -2.02145 , 0.0259194 , 0.0259941 , 0.0274354
7.04e-07 , 119.033 , 0.0396777 , 3e+21 , -1.73575 , 3.95619 , -2.02145 , 0.0259194 , 0.0259941 , 0.0274354
7.08e-07 , 119.033 , 0.0396777 , 3e+21 , -1.73575 , 3.95619 , -2.02145 , 0.0259194 , 0.0259941 , 0.0274354
7.12e-07 , 119.033 , 0.0396777 , 3e+21 , -1.73575 , 3.95619 , -2.02145 , 0.0259194 , 0.0259941 , 0.0274354
7.16e-07 , 119.033 , 0.0396777 , 3e+21 , -1.73575 , 3.95619 , -2.02145 , 0.0259194 , 0.0259941 , 0.0274354
7.2e-07 , 119.033 , 0.0396777 , 3e+21 , -1.73575 , 3.95619 , -2.02145 , 0.0259194 , 0.0259941 , 0.0274354
7.24e-07 , 119.033 , 0.0396777 , 3e+21 , -1.73575 , 3.95619 , -2.02145 , 0.0259194 , 0.0259941 , 0.0274354
7.28e-07 , 119.033 , 0.0396777 , 3e+21 , -1.73575 , 3.95619 , -2.02145 , 0.0259194 , 0.0259941 , 0.0274354
7.32e-07 , 119.033 , 0.0396777 , 3e+21 , -1.73575 , 3.95619 , -2.02145 , 0.0259194 , 0.0259941 , 0.0274354
7.36e-07 , 119.033 , 0.0396777 , 3e+21 , -1.73575 , 3.95619 , -2.02145 , 0.0259194 , 0.0259941 , 0.0274354
7.4e-07 , 119.033 , 0.0396777 , 3e+21 , -1.73575 , 3.95619 , -2.02145 , 0.0259194 , 0.0259941 , 0.0274354
7.44e-07 , 119.033 , 0.0396777 , 3e+21 , -1.73575 , 3.95619 , -2.02145 , 0.0259194 , 0.0259941 , 0.0274354
7.48e-07 , 119.033 , 0.0396777 , 3e+21 , -1.73575 , 3.95619 , -2.02145 , 0.0259194 , 0.0259941 , 0.0274354
7.52e-07 , 119.033 , 0.0396777 , 3e+21 , -1.73575 , 3.95619 , -2.02145 , 0.0259194 , 0.0259941 , 0.0274354
7.56e-07 , 119.033 , 0.0396777 , 3e+21 , -1.73575 , 3.95619 , -2.02145 , 0.0259194 , 0.0259941 , 0.0274354
7.6e-07 , 119.033 , 0.0396777 , 3e+21 , -1.73575 , 3.95619 , -2.02145 , 0.0259194 , 0.0259941 , 0.0274354
7.64e-07 , 119.033 , 0.0396777 , 3e+21 , -1.73575 , 3.95619 , -2.02145 , 0.0259194 , 0.0259941 , 0.0274354
7.68e-07 , 119.033 , 0.0396777 , 3e+21 , -1.73575 , 3.95619 , -2.02145 , 0.0259194 , 0.0259941 , 0.0274354
7.72e-07 , 119.033 , 0.0396777 , 3e+21 , -1.73575 , 3.95619 , -2.02145 , 0.0259194 , 0.0259941 , 0.0274354
7.76e-07 , 119.033 , 0.0396777 , 3e+21 , -1.73575 , 3.95619 , -2.02145 , 0.0259194 , 0.0259941 , 0.0274354
7.8e-07 , 119.033 , 0.0396777 , 3e+21 , -1.73575 , 3.95619 , -2.02145 , 0.0259194 , 0.0259941 , 0.0274354
7.84e-07 , 119.033 , 0.0396777 , 3e+21 , -1.73575 , 3.95619 , -2.02145 , 0.0259194 , 0.0259941 , 0.0274354
7.88e-07 , 119.033 , 0.0396777 , 3e+21 , -1.73575 , 3.95619 , -2.02145 , 0.0259194 , 0.0259941 , 0.0274354
7.92e-07 , 119.033 , 0.0396777 , 3e+21 , -1.73575 , 3.95619 , -2.02145 , 0.0259194 , 0.0259941 , 0.0274354
7.96e-07 , 119.033 , 0.0396777 , 3e+21 , -1.73575 , 3.95619 , -2.02145 , 0.0259194 , 0.0259941 , 0.0274354
8e-07 , 119.033 , 0.0396777 , 3e+21 , -1.73575 , 3.95619 , -2.02145 , 0.0259194 , 0.0259941 , 0.0274354
8.04e-07 , 119.033 , 0.0396777 , 3e+21 , -1.73575 , 3.95619 , -2.02145 , 0.0259194 , 0.0259941 , 0.0274354
8.08e-07 , 119.033 , 0.0396777 , 3e+21 , -1.73575 , 3.95619 , -2.02145 , 0.0259194 , 0.0259941 , 0.0274354
8.12e-07 , 119.033 , 0.0396777 , 3e+21 , -1.73575 , 3.95619 , -2.02145 , 0.0259194 , 0.0259941 , 0.0274354
8.16e-07 , 119.033 , 0.0396777 , 3e+21 , -1.73575 , 3.95619 , -2.02145 , 0.0259194 , 0.0259941 , 0.0274354
8.2e-07 , 119.033 , 0.0396777 , 3e+21 , -1.73575 , 3.95619 , -2.02145 , 0.0259194 , 0.0259941 , 0.0274354
8.24e-07 , 119.033 , 0.0396777 , 3e+21 , -1.73575 , 3.95619 , -2.02145 , 0.0259194 , 0.0259941 , 0.0274354
8.28e-07 , 119.033 , 0.0396777 , 3e+21 , -1.73575 , 3.95619 , -2.02145 , 0.0259194 , 0.0259941 , 0.0274354
8.32e-07 , 119.033 , 0.0396777 , 3e+21 , -1.73575 , 3.95619 , -2.02145 , 0.0259194 , 0.0259941 , 0.0274354
8.36e-07 , 119.033 , 0.0396777 , 3e+21 , -1.73575 , 3.95619 , -2.02145 , 0.0259194 , 0.0259941 , 0.0274354
8.4e-07 , 119.033 , 0.0396777 , 3e+21 , -1.73575 , 3.95619 , -2.02145 , 0.0259194 , 0.0259941 , 0.0274354
8.44e-07 , 119.033 , 0.0396777 , 3e+21 , -1.73575 , 3.95619 , -2.02145 , 0.0259194 , 0.0259941 , 0.0274354
8.48e-07 , 119.033 , 0.0396777 , 3e+21 , -1.73575 , 3.95619 , -2.02145 , 0.0259194 , 0.0259941 , 0.0274354
8.52e-07 , 119.033 , 0.0396777 , 3e+21 , -1.73575 , 3.95619 , -2.02145 , 0.0259194 , 0.0259941 , 0.0274354
8.56e-07 , 119.033 , 0.0396777 , 3e+21 , -1.73575 , 3.95619 , -2.02145 , 0.0259194 , 0.0259941 , 0.0274354
8.6e-07 , 119.033 , 0.0396777 , 3e+21 , -1.73575 , 3.95619 , -2.02145 , 0.0259194 , 0.0259941 , 0.0274354
8.64e-07 , 119.033 , 0.0396777 , 3e+21 , -1.73575 , 3.95619 , -2.02145 , 0.0259194 , 0.0259941 , 0.0274354
8.68e-07 , 119.033 , 0.0396777 , 3e+21 , -1.73575 , 3.95619 , -2.02145 , 0.0259194 , 0.0259941 , 0.0274354
8.72e-07 , 119.033 , 0.0396777 , 3e+21 , -1.73575 , 3.95619 , -2.02145 , 0.0259194 , 0.0259941 , 0.0274354
8.76e-07 , 119.033 , 0.0396777 , 3e+21 , -1.73575 , 3.95619 , -2.02145 , 0.0259194 , 0.0259941 , 0.0274354
8.8e-07 , 119.033 , 0.0396777 , 3e+21 , -1.73575 , 3.95619 , -2.02145 , 0.0259194 , 0.0259941 , 0.0274354
8.84e-07 , 119.033 , 0.0396777 , 3e+21 , -1.73575 , 3.95619 , -2.02145 , 0.0259194 , 0.0259941 , 0.0274354
8.88e-07 , 119.033 , 0.0396777 , 3e+21 , -1.73575 , 3.95619 , -2.02145 , 0.0259194 , 0.0259941 , 0.0274354
8.92e-07 , 119.033 , 0.0396777 , 3e+21 , -1.73575 , 3.95619 , -2.02145 , 0.0259194 , 0.0259941 , 0.0274354
8.96e-07 , 119.033 , 0.0396777 , 3e+21 , -1.73575 , 3.95619 , -2.02145 , 0.0259194 , 0.0259941 , 0.0274354
9e-07 , 119.033 , 0.0396777 , 3e+21 , -1.73575 , 3.95619 , -2.02145 , 0.0259194 , 0.0259941 , 0.0274354
9.04e-07 , 119.033 , 0.0396777 , 3e+21 , -1.73575 , 3.95619 , -2.02145 , 0.0259194 , 0.0259941 , 0.0274354
9.08e-07 , 119.033 , 0.0396777 , 3e+21 , -1.73575 , 3.95619 , -2.02145 , 0.0259194 , 0.0259941 , 0.0274354
9.12e-07 , 119.033 , 0.0396777 , 3e+21 , -1.73575 , 3.95619 , -2.02145 , 0.0259194 , 0.0259941 , 0.0274354
9.16e-07 , 119.033 , 0.0396777 , 3e+21 , -1.73575 , 3.95619 , -2.02145 , 0.0259194 , 0.0259941 , 0.0274354
9.2e-07 , 119.033 , 0.0396777 , 3e+21 , -1.73575 , 3.95619 , -2.02145 , 0.0259194 , 0.0259941 , 0.0274354
9.24e-07 , 119.033 , 0.0396777 , 3e+21 , -1.73575 , 3.95619 , -2.02145 , 0.0259194 , 0.0259941 , 0.0274354
9.28e-07 , 119.033 , 0.0396777 , 3e+21 , -1.73575 , 3.95619 , -2.02145 , 0.0259194 , 0.0259941 , 0.0274354
9.32e-07 , 119.033 , 0.0396777 , 3e+21 , -1.73575 , 3.95619 , -2.02145 , 0.0259194 , 0.0259941 , 0.0274354
9.36e-07 , 119.033 , 0.0396777 , 3e+21 , -1.73575 , 3.95619 , -2.02145 , 0.0259194 , 0.0259941 , 0.0274354
9.4e-07 , 119.033 , 0.0396777 , 3e+21 , -1.73575 , 3.95619 , -2.02145 , 0.0259194 , 0.0259941 , 0.0274354
9.44e-07 , 119.033 , 0.0396777 , 3e+21 , -1.73575 , 3.95619 , -2.02145 , 0.0259194 , 0.0259941 , 0.0274354
9.48e-07 , 119.033 , 0.0396777 , 3e+21 , -1.73575 , 3.95619 , -2.02145 , 0.0259194 , 0.0259941 , 0.0274354
9.52e-07 , 119.033 , 0.0396777 , 3e+21 , -1.73575 , 3.95619 , -2.02145 , 0.0259194 , 0.0259941 , 0.0274354
9.56e-07 , 119.033 , 0.0396777 , 3e+21 , -1.73575 , 3.95619 , -2.02145 , 0.0259194 , 0.0259941 , 0.0274354
9.6e-07 , 119.033 , 0.0396777 , 3e+21 , -1.73575 , 3.95619 , -2.02145 , 0.0259194 , 0.0259941 , 0.0274354
9.64e-07 , 119.033 , 0.0396777 , 3e+21 , -1.73575 , 3.95619 , -2.02145 , 0.0259194 , 0.0259941 , 0.0274354
9.68e-07 , 119.033 , 0.0396777 , 3e+21 , -1.73575 , 3.95619 , -2.02145 , 0.0259194 , 0.0259941 , 0.0274354
9.72e-07 , 119.033 , 0.0396777 , 3e+21 , -1.73575 , 3.95619 , -2.02145 , 0.0259194 , 0.0259941 , 0.0274354
9.76e-07 , 119.033 , 0.0396777 , 3e+21 , -1.73575 , 3.95619 , -2.02145 , 0.0259194 , 0.0259941 , 0.0274354
9.8e-07 , 119.033 , 0.0396777 , 3e+21 , -1.73575 , 3.95619 , -2.02145 , 0.0259194 , 0.0259941 , 0.0274354
9.84e-07 , 119.033 , 0.0396777 , 3e+21 , -1.73575 , 3.95619 , -2.02145 , 0.0259194 , 0.0259941 , 0.0274354
9.88e-07 , 119.033 , 0.0396777 , 3e+21 , -1.73575 , 3.95619 , -2.02145 , 0.0259194 , 0.0259941 , 0.0274354
9.92e-07 , 119.033 , 0.0396777 , 3e+21 , -1.73575 , 3.95619 , -2.02145 , 0.0259194 , 0.0259941 , 0.0274354
9.96e-07 , 119.033 , 0.0396777 , 3e+21 , -1.73575 , 3.95619 , -2.02145 , 0.0259194 , 0.0259941 , 0.0274354
1e-06 , 119.033 , 0.0396777 , 3e+21 , -1.73575 , 3.95619 , -2.02145 , 0.0259194 , 0.0259941 , 0.0274354
1.004e-06 , 119.033 , 0.0396777 , 3e+21 , -1.73575 , 3.95619 , -2.02145 , 0.0259194 , 0.0259941 , 0.0274354
1.008e-06 , 119.033 , 0.0396777 , 3e+21 , -1.73575 , 3.95619 , -2.02145 , 0.0259194 , 0.0259941 , 0.0274354
1.012e-06 , 119.033 , 0.0396777 , 3e+21 , -1.73575 , 3.95619 , -2.02145 , 0.0259194 , 0.0259941 , 0.0274354
1.016e-06 , 119.033 , 0.0396777 , 3e+21 , -1.73575 , 3.95619 , -2.02145 , 0.0259194 , 0.0259941 , 0.0274354
1.02e-06 , 119.033 , 0.0396777 , 3e+21 , -1.73575 , 3.95619 , -2.02145 , 0.0259194 , 0.0259941 , 0.0274354
1.024e-06 , 119.033 , 0.0396777 , 3e+21 , -1.73575 , 3.95619 , -2.02145 , 0.0259194 , 0.0259941 , 0.0274354
1.028e-06 , 119.033 , 0.0396777 , 3e+21 , -1.73575 , 3.95619 , -2.02145 , 0.0259194 , 0.0259941 , 0.0274354
1.032e-06 , 119.033 , 0.0396777 , 3e+21 , -1.73575 , 3.95619 , -2.02145 , 0.0259194 , 0.0259941 , 0.0274354
1.036e-06 , 119.033 , 0.0396777 , 3e+21 , -1.73575 , 3.95619 , -2.02145 , 0.0259194 , 0.0259941 , 0.0274354
1.04e-06 , 119.033 , 0.0396777 , 3e+21 , -1.73575 , 3.95619 , -2.02145 , 0.0259194 , 0.0259941 , 0.0274354
1.044e-06 , 119.033 , 0.0396777 , 3e+21 , -1.73575 , 3.95619 , -2.02145 , 0.0259194 , 0.0259941 , 0.0274354
1.048e-06 , 119.033 , 0.0396777 , 3e+21 , -1.73575 , 3.95619 , -2.02145 , 0.0259194 , 0.0259941 , 0.0274354
1.052e-06 , 119.033 , 0.0396777 , 3e+21 , -1.73575 , 3.95619 , -2.02145 , 0.0259194 , 0.0259941 , 0.0274354
1.056e-06 , 119.033 , 0.0396777 , 3e+21 , -1.73575 , 3.95619 , -2.02145 , 0.0259194 , 0.0259941 , 0.0274354
1.06e-06 , 119.033 , 0.0396777 , 3e+21 , -1.73575 , 3.95619 , -2.02145 , 0.0259194 , 0.0259941 , 0.0274354
1.064e-06 , 119.033 , 0.0396777 , 3e+21 , -1.73575 , 3.95619 , -2.02145 , 0.0259194 , 0.0259941 , 0.0274354
1.068e-06 , 119.033 , 0.0396777 , 3e+21 , -1.73575 , 3.95619 , -2.02145 , 0.0259194 , 0.0259941 , 0.0274354
1.072e-06 , 119.033 , 0.0396777 , 3e+21 , -1.73575 , 3.95619 , -2.02145 , 0.0259194 , 0.0259941 , 0.0274354
1.076e-06 , 119.033 , 0.0396777 , 3e+21 , -1.73575 , 3.95619 , -2.02145 , 0.0259194 , 0.0259941 , 0.0274354
1.08e-06 , 119.033 , 0.0396777 , 3e+21 , -1.73575 , 3.95619 , -2.02145 , 0.0259194 , 0.0259941 , 0.0274354
1.084e-06 , 119.033 , 0.0396777 , 3e+21 , -1.73575 , 3.95619 , -2.02145 , 0.0259194 , 0.0259941 , 0.0274354
1.088e-06 , 119.033 , 0.0396777 , 3e+21 , -1.73575 , 3.95619 , -2.02145 , 0.0259194 , 0.0259941 , 0.0274354
1.092e-06 , 119.033 , 0.0396777 , 3e+21 , -1.73575 , 3.95619 , -2.02145 , 0.0259194 , 0.0259941 , 0.0274354
1.096e-06 , 119.033 , 0.0396777 , 3e+21 , -1.73575 , 3.95619 , -2.02145 , 0.0259194 , 0.0259941 , 0.0274354
1.1e-06 , 119.033 , 0.0396777 , 3e+21 , -1.73575 , 3.95619 , -2.02145 , 0.0259194 , 0.0259941 , 0.0274354
1.104e-06 , 119.033 , 0.0396777 , 3e+21 , -1.73575 , 3.95619 , -2.02145 , 0.0259194 , 0.0259941 , 0.0274354
1.108e-06 , 119.033 , 0.0396777 , 3e+21 , -1.73575 , 3.95619 , -2.02145 , 0.0259194 , 0.0259941 , 0.0274354
1.112e-06 , 119.033 , 0.0396777 , 3e+21 , -1.73575 , 3.95619 , -2.02145 , 0.0259194 , 0.0259941 , 0.0274354
1.116e-06 , 119.033 , 0.0396777 , 3e+21 , -1.73575 , 3.95619 , -2.02145 , 0.0259194 , 0.0259941 , 0.0274354
1.12e-06 , 119.033 , 0.0396777 , 3e+21 , -1.73575 , 3.95619 , -2.02145 , 0.0259194 , 0.0259941 , 0.0274354
1.124e-06 , 119.033 , 0.0396777 , 3e+21 , -1.73575 , 3.95619 , -2.02145 , 0.0259194 , 0.0259941 , 0.0274354
1.128e-06 , 119.033 , 0.0396777 , 3e+21 , -1.73575 , 3.95619 , -2.02145 , 0.0259194 , 0.0259941 , 0.0274354
1.132e-06 , 119.033 , 0.0396777 , 3e+21 , -1.73575 , 3.95619 , -2.02145 , 0.0259194 , 0.0259941 , 0.0274354
1.136e-06 , 119.033 , 0.0396777 , 3e+21 , -1.73575 , 3.95619 , -2.02145 , 0.0259194 , 0.0259941 , 0.0274354
1.14e-06 , 119.033 , 0.0396777 , 3e+21 , -1.73575 , 3.95619 , -2.02145 , 0.0259194 , 0.0259941 , 0.0274354
1.144e-06 , 119.033 , 0.0396777 , 3e+21 , -1.73575 , 3.95619 , -2.02145 , 0.0259194 , 0.0259941 , 0.0274354
1.148e-06 , 119.033 , 0.0396777 , 3e+21 , -1.73575 , 3.95619 , -2.02145 , 0.0259194 , 0.0259941 , 0.0274354
1.152e-06 , 119.033 , 0.0396777 , 3e+21 , -1.73575 , 3.95619 , -2.02145 , 0.0259194 , 0.0259941 , 0.0274354
1.156e-06 , 119.033 , 0.0396777 , 3e+21 , -1.73575 , 3.95619 , -2.02145 , 0.0259194 , 0.0259941 , 0.0274354
1.16e-06 , 119.033 , 0.0396777 , 3e+21 , -1.73575 , 3.95619 , -2.02145 , 0.0259194 , 0.0259941 , 0.0274354
1.164e-06 , 119.033 , 0.0396777 , 3e+21 , -1.73575 , 3.95619 , -2.02145 , 0.0259194 , 0.0259941 , 0.0274354
1.168e-06 , 119.033 , 0.0396777 , 3e+21 , -1.73575 , 3.95619 , -2.02145 , 0.0259194 , 0.0259941 , 0.0274354
1.172e-06 , 119.033 , 0.0396777 , 3e+21 , -1.73575 , 3.95619 , -2.02145 , 0.0259194 , 0.0259941 , 0.0274354
1.176e-06 , 119.033 , 0.0396777 , 3e+21 , -1.73575 , 3.95619 , -2.02145 , 0.0259194 , 0.0259941 , 0.0274354
1.18e-06 , 119.033 , 0.0396777 , 3e+21 , -1.73575 , 3.95619 , -2.02145 , 0.0259194 , 0.0259941 , 0.0274354
1.184e-06 , 119.033 , 0.0396777 , 3e+21 , -1.73575 , 3.95619 , -2.02145 , 0.0259194 , 0.0259941 , 0.0274354
1.188e-06 , 119.033 , 0.0396777 , 3e+21 , -1.73575 , 3.95619 , -2.02145 , 0.0259194 , 0.0259941 , 0.0274354
1.192e-06 , 119.033 , 0.0396777 , 3e+21 , -1.73575 , 3.95619 , -2.02145 , 0.0259194 , 0.0259941 , 0.0274354
1.196e-06 , 119.033 , 0.0396777 , 3e+21 , -1.73575 , 3.95619 , -2.02145 , 0.0259194 , 0.0259941 , 0.0274354
1.2e-06 , 119.033 , 0.0396777 , 3e+21 , -1.73575 , 3.95619 , -2.02145 , 0.0259194 , 0.0259941 , 0.0274354
1.204e-06 , 119.033 , 0.0396777 , 3e+21 , -1.73575 , 3.95619 , -2.02145 , 0.0259194 , 0.0259941 , 0.0274354
1.208e-06 , 119.033 , 0.0396777 , 3e+21 , -1.73575 , 3.95619 , -2.02145 , 0.0259194 , 0.0259941 , 0.0274354
1.212e-06 , 119.033 , 0.0396777 , 3e+21 , -1.73575 , 3.95619 , -2.02145 , 0.0259194 , 0.0259941 , 0.0274354
1.216e-06 , 119.033 , 0.0396777 , 3e+21 , -1.73575 , 3.95619 , -2.02145 , 0.0259194 , 0.0259941 , 0.0274354
1.22e-06 , 119.033 , 0.0396777 , 3e+21 , -1.73575 , 3.95619 , -2.02145 , 0.0259194 , 0.0259941 , 0.0274354
1.224e-06 , 119.033 , 0.0396777 , 3e+21 , -1.73575 , 3.95619 , -2.02145 , 0.0259194 , 0.0259941 , 0.0274354
1.228e-06 , 119.033 , 0.0396777 , 3e+21 , -1.73575 , 3.95619 , -2.02145 , 0.0259194 , 0.0259941 , 0.0274354
1.232e-06 , 119.033 , 0.0396777 , 3e+21 , -1.73575 , 3.95619 , -2.02145 , 0.0259194 , 0.0259941 , 0.0274354
1.236e-06 , 119.033 , 0.0396777 , 3e+21 , -1.73575 , 3.95619 , -2.02145 , 0.0259194 , 0.0259941 , 0.0274354
1.24e-06 , 119.033 , 0.0396777 , 3e+21 , -1.73575 , 3.95619 , -2.02145 , 0.0259194 , 0.0259941 , 0.0274354
1.244e-06 , 119.033 , 0.0396777 , 3e+21 , -1.73575 , 3.95619 , -2.02145 , 0.0259194 , 0.0259941 , 0.0274354
1.248e-06 , 119.033 , 0.0396777 , 3e+21 , -1.73575 , 3.95619 , -2.02145 , 0.0259194 , 0.0259941 , 0.0274354
1.252e-06 , 119.033 , 0.0396777 , 3e+21 , -1.73575 , 3.95619 , -2.02145 , 0.0259194 , 0.0259941 , 0.0274354
1.256e-06 , 119.033 , 0.0396777 , 3e+21 , -1.73575 , 3.95619 , -2.02145 , 0.0259194 , 0.0259941 , 0.0274354
1.26e-06 , 119.033 , 0.0396777 , 3e+21 , -1.73575 , 3.95619 , -2.02145 , 0.0259194 , 0.0259941 , 0.0274354
1.264e-06 , 119.033 , 0.0396777 , 3e+21 , -1.73575 , 3.95619 , -2.02145 , 0.0259194 , 0.0259941 , 0.0274354
1.268e-06 , 119.033 , 0.0396777 , 3e+21 , -1.73575 , 3.95619 , -2.02145 , 0.0259194 , 0.0259941 , 0.0274354
1.272e-06 , 119.033 , 0.0396777 , 3e+21 , -1.73575 , 3.95619 , -2.02145 , 0.0259194 , 0.0259941 , 0.0274354
1.276e-06 , 119.033 , 0.0396777 , 3e+21 , -1.73575 , 3.95619 , -2.02145 , 0.0259194 , 0.0259941 , 0.0274354
1.28e-06 , 119.033 , 0.0396777 , 3e+21 , -1.73575 , 3.95619 , -2.02145 , 0.0259194 , 0.0259941 , 0.0274354
1.284e-06 , 119.033 , 0.0396777 , 3e+21 , -1.73575 , 3.95619 , -2.02145 , 0.0259194 , 0.0259941 , 0.0274354
1.288e-06 , 119.033 , 0.0396777 , 3e+21 , -1.73575 , 3.95619 , -2.02145 , 0.0259194 , 0.0259941 , 0.0274354
1.292e-06 , 119.033 , 0.0396777 , 3e+21 , -1.73575 , 3.95619 , -2.02145 , 0.0259194 , 0.0259941 , 0.0274354
1.296e-06 , 119.033 , 0.0396777 , 3e+21 , -1.73575 , 3.95619 , -2.02145 , 0.0259194 , 0.0259941 , 0.0274354
1.3e-06 , 119.033 , 0.0396777 , 3e+21 , -1.73575 , 3.95619 , -2.02145 , 0.0259194 , 0.0259941 , 0.0274354
1.304e-06 , 119.033 , 0.0396777 , 3e+21 , -1.73575 , 3.95619 , -2.02145 , 0.0259194 , 0.0259941 , 0.0274354
1.308e-06 , 119.033 , 0.0396777 , 3e+21 , -1.73575 , 3.95619 , -2.02145 , 0.0259194 , 0.0259941 , 0.0274354
1.312e-06 , 119.033 , 0.0396777 , 3e+21 , -1.73575 , 3.95619 , -2.02145 , 0.0259194 , 0.0259941 , 0.0274354
1.316e-06 , 119.033 , 0.0396777 , 3e+21 , -1.73575 , 3.95619 , -2.02145 , 0.0259194 , 0.0259941 , 0.0274354
1.32e-06 , 119.033 , 0.0396777 , 3e+21 , -1.73575 , 3.95619 , -2.02145 , 0.0259194 , 0.0259941 , 0.0274354
1.324e-06 , 119.033 , 0.0396777 , 3e+21 , -1.73575 , 3.95619 , -2.02145 , 0.0259194 , 0.0259941 , 0.0274354
1.328e-06 , 119.033 , 0.0396777 , 3e+21 , -1.73575 , 3.95619 , -2.02145 , 0.0259194 , 0.0259941 , 0.0274354
1.332e-06 , 119.033 , 0.0396777 , 3e+21 , -1.73575 , 3.95619 , -2.02145 , 0.0259194 , 0.0259941 , 0.0274354
1.336e-06 , 119.033 , 0.0396777 , 3e+21 , -1.73575 , 3.95619 , -2.02145 , 0.0259194 , 0.0259941 , 0.0274354
1.34e-06 , 119.033 , 0.0396777 , 3e+21 , -1.73575 , 3.95619 , -2.02145 , 0.0259194 , 0.0259941 , 0.0274354
1.344e-06 , 119.033 , 0.0396777 , 3e+21 , -1.73575 , 3.95619 , -2.02145 , 0.0259194 , 0.0259941 , 0.0274354
1.348e-06 , 119.033 , 0.0396777 , 3e+21 , -1.73575 , 3.95619 , -2.02145 , 0.0259194 , 0.0259941 , 0.0274354
1.352e-06 , 119.033 , 0.0396777 , 3e+21 , -1.73575 , 3.95619 , -2.02145 , 0.0259194 , 0.0259941 , 0.0274354
1.356e-06 , 119.033 , 0.0396777 , 3e+21 , -1.73575 , 3.95619 , -2.02145 , 0.0259194 , 0.0259941 , 0.0274354
1.36e-06 , 119.033 , 0.0396777 , 3e+21 , -1.73575 , 3.95619 , -2.02145 , 0.0259194 , 0.0259941 , 0.0274354
1.364e-06 , 119.033 , 0.0396777 , 3e+21 , -1.73575 , 3.95619 , -2.02145 , 0.0259194 , 0.0259941 , 0.0274354
1.368e-06 , 119.033 , 0.0396777 , 3e+21 , -1.73575 , 3.95619 , -2.02145 , 0.0259194 , 0.0259941 , 0.0274354
1.372e-06 , 119.033 , 0.0396777 , 3e+21 , -1.73575 , 3.95619 , -2.02145 , 0.0259194 , 0.0259941 , 0.0274354
1.376e-06 , 119.033 , 0.0396777 , 3e+21 , -1.73575 , 3.95619 , -2.02145 , 0.0259194 , 0.0259941 , 0.0274354
1.38e-06 , 119.033 , 0.0396777 , 3e+21 , -1.73575 , 3.95619 , -2.02145 , 0.0259194 , 0.0259941 , 0.0274354
1.384e-06 , 119.033 , 0.0396777 , 3e+21 , -1.73575 , 3.95619 , -2.02145 , 0.0259194 , 0.0259941 , 0.0274354
1.388e-06 , 119.033 , 0.0396777 , 3e+21 , -1.73575 , 3.95619 , -2.02145 , 0.0259194 , 0.0259941 , 0.0274354
1.392e-06 , 119.033 , 0.0396777 , 3e+21 , -1.73575 , 3.95619 , -2.02145 , 0.0259194 , 0.0259941 , 0.0274354
1.396e-06 , 119.033 , 0.0396777 , 3e+21 , -1.73575 , 3.95619 , -2.02145 , 0.0259194 , 0.0259941 , 0.0274354
1.4e-06 , 119.033 , 0.0396777 , 3e+21 , -1.73575 , 3.95619 , -2.02145 , 0.0259194 , 0.0259941 , 0.0274354
1.404e-06 , 119.033 , 0.0396777 , 3e+21 , -1.73575 , 3.95619 , -2.02145 , 0.0259194 , 0.0259941 , 0.0274354
1.408e-06 , 119.033 , 0.0396777 , 3e+21 , -1.73575 , 3.95619 , -2.02145 , 0.0259194 , 0.0259941 , 0.0274354
1.412e-06 , 119.033 , 0.0396777 , 3e+21 , -1.73575 , 3.95619 , -2.02145 , 0.0259194 , 0.0259941 , 0.0274354
1.416e-06 , 119.033 , 0.0396777 , 3e+21 , -1.73575 , 3.95619 , -2.02145 , 0.0259194 , 0.0259941 , 0.0274354
1.42e-06 , 119.033 , 0.0396777 , 3e+21 , -1.73575 , 3.95619 , -2.02145 , 0.0259194 , 0.0259941 , 0.0274354
1.424e-06 , 119.033 , 0.0396777 , 3e+21 , -1.73575 , 3.95619 , -2.02145 , 0.0259194 , 0.0259941 , 0.0274354
1.428e-06 , 119.033 , 0.0396777 , 3e+21 , -1.73575 , 3.95619 , -2.02145 , 0.0259194 , 0.0259941 , 0.0274354
1.432e-06 , 119.033 , 0.0396777 , 3e+21 , -1.73575 , 3.95619 , -2.02145 , 0.0259194 , 0.0259941 , 0.0274354
1.436e-06 , 119.033 , 0.0396777 , 3e+21 , -1.73575 , 3.95619 , -2.02145 , 0.0259194 , 0.0259941 , 0.0274354
1.44e-06 , 119.033 , 0.0396777 , 3e+21 , -1.73575 , 3.95619 , -2.02145 , 0.0259194 , 0.0259941 , 0.0274354
1.444e-06 , 119.033 , 0.0396777 , 3e+21 , -1.73575 , 3.95619 , -2.02145 , 0.0259194 , 0.0259941 , 0.0274354
1.448e-06 , 119.033 , 0.0396777 , 3e+21 , -1.73575 , 3.95619 , -2.02145 , 0.0259194 , 0.0259941 , 0.0274354
1.452e-06 , 119.033 , 0.0396777 , 3e+21 , -1.73575 , 3.95619 , -2.02145 , 0.0259194 , 0.0259941 , 0.0274354
1.456e-06 , 119.033 , 0.0396777 , 3e+21 , -1.73575 , 3.95619 , -2.02145 , 0.0259194 , 0.0259941 , 0.0274354
1.46e-06 , 119.033 , 0.0396777 , 3e+21 , -1.73575 , 3.95619 , -2.02145 , 0.0259194 , 0.0259941 , 0.0274354
1.464e-06 , 119.033 , 0.0396777 , 3e+21 , -1.73575 , 3.95619 , -2.02145 , 0.0259194 , 0.0259941 , 0.0274354
1.468e-06 , 119.033 , 0.0396777 , 3e+21 , -1.73575 , 3.95619 , -2.02145 , 0.0259194 , 0.0259941 , 0.0274354
1.472e-06 , 119.033 , 0.0396777 , 3e+21 , -1.73575 , 3.95619 , -2.02145 , 0.0259194 , 0.0259941 , 0.0274354
1.476e-06 , 119.033 , 0.0396777 , 3e+21 , -1.73575 , 3.95619 , -2.02145 , 0.0259194 , 0.0259941 , 0.0274354
1.48e-06 , 119.033 , 0.0396777 , 3e+21 , -1.73575 , 3.95619 , -2.02145 , 0.0259194 , 0.0259941 , 0.0274354
1.484e-06 , 119.033 , 0.0396777 , 3e+21 , -1.73575 , 3.95619 , -2.02145 , 0.0259194 , 0.0259941 , 0.0274354
1.488e-06 , 119.033 , 0.0396777 , 3e+21 , -1.73575 , 3.95619 , -2.02145 , 0.0259194 , 0.0259941 , 0.0274354
1.492e-06 , 119.033 , 0.0396777 , 3e+21 , -1.73575 , 3.95619 , -2.02145 , 0.0259194 , 0.0259941 , 0.0274354
1.496e-06 , 119.033 , 0.0396777 , 3e+21 , -1.73575 , 3.95619 , -2.02145 , 0.0259194 , 0.0259941 , 0.0274354
1.5e-06 , 119.033 , 0.0396777 , 3e+21 , -1.73575 , 3.95619 , -2.02145 , 0.0259194 , 0.0259941 , 0.0274354
1.504e-06 , 119.033 , 0.0396777 , 3e+21 , -1.73575 , 3.95619 , -2.02145 , 0.0259194 , 0.0259941 , 0.0274354
1.508e-06 , 119.033 , 0.0396777 , 3e+21 , -1.73575 , 3.95619 , -2.02145 , 0.0259194 , 0.0259941 , 0.0274354
1.512e-06 , 119.033 , 0.0396777 , 3e+21 , -1.73575 , 3.95619 , -2.02145 , 0.0259194 , 0.0259941 , 0.0274354
1.516e-06 , 119.033 , 0.0396777 , 3e+21 , -1.73575 , 3.95619 , -2.02145 , 0.0259194 , 0.0259941 , 0.0274354
1.52e-06 , 119.033 , 0.0396777 , 3e+21 , -1.73575 , 3.95619 , -2.02145 , 0.0259194 , 0.0259941 , 0.0274354
1.524e-06 , 119.033 , 0.0396777 , 3e+21 , -1.73575 , 3.95619 , -2.02145 , 0.0259194 , 0.0259941 , 0.0274354
1.528e-06 , 119.033 , 0.0396777 , 3e+21 , -1.73575 , 3.95619 , -2.02145 , 0.0259194 , 0.0259941 , 0.0274354
1.532e-06 , 119.033 , 0.0396777 , 3e+21 , -1.73575 , 3.95619 , -2.02145 , 0.0259194 , 0.0259941 , 0.0274354
1.536e-06 , 119.033 , 0.0396777 , 3e+21 , -1.73575 , 3.95619 , -2.02145 , 0.0259194 , 0.0259941 , 0.0274354
1.54e-06 , 119.033 , 0.0396777 , 3e+21 , -1.73575 , 3.95619 , -2.02145 , 0.0259194 , 0.0259941 , 0.0274354
1.544e-06 , 119.033 , 0.0396777 , 3e+21 , -1.73575 , 3.95619 , -2.02145 , 0.0259194 , 0.0259941 , 0.0274354
1.548e-06 , 119.033 , 0.0396777 , 3e+21 , -1.73575 , 3.95619 , -2.02145 , 0.0259194 , 0.0259941 , 0.0274354
1.552e-06 , 119.033 , 0.0396777 , 3e+21 , -1.73575 , 3.95619 , -2.02145 , 0.0259194 , 0.0259941 , 0.0274354
1.556e-06 , 119.033 , 0.0396777 , 3e+21 , -1.73575 , 3.95619 , -2.02145 , 0.0259194 , 0.0259941 , 0.0274354
1.56e-06 , 119.033 , 0.0396777 , 3e+21 , -1.73575 , 3.95619 , -2.02145 , 0.0259194 , 0.0259941 , 0.0274354
1.564e-06 , 119.033 , 0.0396777 , 3e+21 , -1.73575 , 3.95619 , -2.02145 , 0.0259194 , 0.0259941 , 0.0274354
1.568e-06 , 119.033 , 0.0396777 , 3e+21 , -1.73575 , 3.95619 , -2.02145 , 0.0259194 , 0.0259941 , 0.0274354
1.572e-06 , 119.033 , 0.0396777 , 3e+21 , -1.73575 , 3.95619 , -2.02145 , 0.0259194 , 0.0259941 , 0.0274354
1.576e-06 , 119.033 , 0.0396777 , 3e+21 , -1.73575 , 3.95619 , -2.02145 , 0.0259194 , 0.0259941 , 0.0274354
1.58e-06 , 119.033 , 0.0396777 , 3e+21 , -1.73575 , 3.95619 , -2.02145 , 0.0259194 , 0.0259941 , 0.0274354
1.584e-06 , 119.033 , 0.0396777 , 3e+21 , -1.73575 , 3.95619 , -2.02145 , 0.0259194 , 0.0259941 , 0.0274354
1.588e-06 , 119.033 , 0.0396777 , 3e+21 , -1.73575 , 3.95619 , -2.02145 , 0.0259194 , 0.0259941 , 0.0274354
1.592e-06 , 119.033 , 0.0396777 , 3e+21 , -1.73575 , 3.95619 , -2.02145 , 0.0259194 , 0.0259941 , 0.0274354
1.596e-06 , 119.033 , 0.0396777 , 3e+21 , -1.73575 , 3.95619 , -2.02145 , 0.0259194 , 0.0259941 , 0.0274354
1.6e-06 , 119.033 , 0.0396777 , 3e+21 , -1.73575 , 3.95619 , -2.02145 , 0.0259194 , 0.0259941 , 0.0274354
1.604e-06 , 119.033 , 0.0396777 , 3e+21 , -1.73575 , 3.95619 , -2.02145 , 0.0259194 , 0.0259941 , 0.0274354
1.608e-06 , 119.033 , 0.0396777 , 3e+21 , -1.73575 , 3.95619 , -2.02145 , 0.0259194 , 0.0259941 , 0.0274354
1.612e-06 , 119.033 , 0.0396777 , 3e+21 , -1.73575 , 3.95619 , -2.02145 , 0.0259194 , 0.0259941 , 0.0274354
1.616e-06 , 119.033 , 0.0396777 , 3e+21 , -1.73575 , 3.95619 , -2.02145 , 0.0259194 , 0.0259941 , 0.0274354
1.62e-06 , 119.033 , 0.0396777 , 3e+21 , -1.73575 , 3.95619 , -2.02145 , 0.0259194 , 0.0259941 , 0.0274354
1.624e-06 , 119.033 , 0.0396777 , 3e+21 , -1.73575 , 3.95619 , -2.02145 , 0.0259194 , 0.0259941 , 0.0274354
1.628e-06 , 119.033 , 0.0396777 , 3e+21 , -1.73575 , 3.95619 , -2.02145 , 0.0259194 , 0.0259941 , 0.0274354
1.632e-06 , 119.033 , 0.0396777 , 3e+21 , -1.73575 , 3.95619 , -2.02145 , 0.0259194 , 0.0259941 , 0.0274354
1.636e-06 , 119.033 , 0.0396777 , 3e+21 , -1.73575 , 3.95619 , -2.02145 , 0.0259194 , 0.0259941 , 0.0274354
1.64e-06 , 119.033 , 0.0396777 , 3e+21 , -1.73575 , 3.95619 , -2.02145 , 0.0259194 , 0.0259941 , 0.0274354
1.644e-06 , 119.033 , 0.0396777 , 3e+21 , -1.73575 , 3.95619 , -2.02145 , 0.0259194 , 0.0259941 , 0.0274354
1.648e-06 , 119.033 , 0.0396777 , 3e+21 , -1.73575 , 3.95619 , -2.02145 , 0.0259194 , 0.0259941 , 0.0274354
1.652e-06 , 119.033 , 0.0396777 , 3e+21 , -1.73575 , 3.95619 , -2.02145 , 0.0259194 , 0.0259941 , 0.0274354
1.656e-06 , 119.033 , 0.0396777 , 3e+21 , -1.73575 , 3.95619 , -2.02145 , 0.0259194 , 0.0259941 , 0.0274354
1.66e-06 , 119.033 , 0.0396777 , 3e+21 , -1.73575 , 3.95619 , -2.02145 , 0.0259194 , 0.0259941 , 0.0274354
1.664e-06 , 119.033 , 0.0396777 , 3e+21 , -1.73575 , 3.95619 , -2.02145 , 0.0259194 , 0.0259941 , 0.0274354
1.668e-06 , 119.033 , 0.0396777 , 3e+21 , -1.73575 , 3.95619 , -2.02145 , 0.0259194 , 0.0259941 , 0.0274354
1.672e-06 , 119.033 , 0.0396777 , 3e+21 , -1.73575 , 3.95619 , -2.02145 , 0.0259194 , 0.0259941 , 0.0274354
1.676e-06 , 119.033 , 0.0396777 , 3e+21 , -1.73575 , 3.95619 , -2.02145 , 0.0259194 , 0.0259941 , 0.0274354
1.68e-06 , 119.033 , 0.0396777 , 3e+21 , -1.73575 , 3.95619 , -2.02145 , 0.0259194 , 0.0259941 , 0.0274354
1.684e-06 , 119.033 , 0.0396777 , 3e+21 , -1.73575 , 3.95619 , -2.02145 , 0.0259194 , 0.0259941 , 0.0274354
1.688e-06 , 119.033 , 0.0396777 , 3e+21 , -1.73575 , 3.95619 , -2.02145 , 0.0259194 , 0.0259941 , 0.0274354
1.692e-06 , 119.033 , 0.0396777 , 3e+21 , -1.73575 , 3.95619 , -2.02145 , 0.0259194 , 0.0259941 , 0.0274354
1.696e-06 , 119.033 , 0.0396777 , 3e+21 , -1.73575 , 3.95619 , -2.02145 , 0.0259194 , 0.0259941 , 0.0274354
1.7e-06 , 119.033 , 0.0396777 , 3e+21 , -1.73575 , 3.95619 , -2.02145 , 0.0259194 , 0.0259941 , 0.0274354
1.704e-06 , 119.033 , 0.0396777 , 3e+21 , -1.73575 , 3.95619 , -2.02145 , 0.0259194 , 0.0259941 , 0.0274354
1.708e-06 , 119.033 , 0.0396777 , 3e+21 , -1.73575 , 3.95619 , -2.02145 , 0.0259194 , 0.0259941 , 0.0274354
1.712e-06 , 119.033 , 0.0396777 , 3e+21 , -1.73575 , 3.95619 , -2.02145 , 0.0259194 , 0.0259941 , 0.0274354
1.716e-06 , 119.033 , 0.0396777 , 3e+21 , -1.73575 , 3.95619 , -2.02145 , 0.0259194 , 0.0259941 , 0.0274354
1.72e-06 , 119.033 , 0.0396777 , 3e+21 , -1.73575 , 3.95619 , -2.02145 , 0.0259194 , 0.0259941 , 0.0274354
1.724e-06 , 119.033 , 0.0396777 , 3e+21 , -1.73575 , 3.95619 , -2.02145 , 0.0259194 , 0.0259941 , 0.0274354
1.728e-06 , 119.033 , 0.0396777 , 3e+21 , -1.73575 , 3.95619 , -2.02145 , 0.0259194 , 0.0259941 , 0.0274354
1.732e-06 , 119.033 , 0.0396777 , 3e+21 , -1.73575 , 3.95619 , -2.02145 , 0.0259194 , 0.0259941 , 0.0274354
1.736e-06 , 119.033 , 0.0396777 , 3e+21 , -1.73575 , 3.95619 , -2.02145 , 0.0259194 , 0.0259941 , 0.0274354
1.74e-06 , 119.033 , 0.0396777 , 3e+21 , -1.73575 , 3.95619 , -2.02145 , 0.0259194 , 0.0259941 , 0.0274354
1.744e-06 , 119.033 , 0.0396777 , 3e+21 , -1.73575 , 3.95619 , -2.02145 , 0.0259194 , 0.0259941 , 0.0274354
1.748e-06 , 119.033 , 0.0396777 , 3e+21 , -1.73575 , 3.95619 , -2.02145 , 0.0259194 , 0.0259941 , 0.0274354
1.752e-06 , 119.033 , 0.0396777 , 3e+21 , -1.73575 , 3.95619 , -2.02145 , 0.0259194 , 0.0259941 , 0.0274354
1.756e-06 , 119.033 , 0.0396777 , 3e+21 , -1.73575 , 3.95619 , -2.02145 , 0.0259194 , 0.0259941 , 0.0274354
1.76e-06 , 119.033 , 0.0396777 , 3e+21 , -1.73575 , 3.95619 , -2.02145 , 0.0259194 , 0.0259941 , 0.0274354
1.764e-06 , 119.033 , 0.0396777 , 3e+21 , -1.73575 , 3.95619 , -2.02145 , 0.0259194 , 0.0259941 , 0.0274354
1.768e-06 , 119.033 , 0.0396777 , 3e+21 , -1.73575 , 3.95619 , -2.02145 , 0.0259194 , 0.0259941 , 0.0274354
1.772e-06 , 119.033 , 0.0396777 , 3e+21 , -1.73575 , 3.95619 , -2.02145 , 0.0259194 , 0.0259941 , 0.0274354
1.776e-06 , 119.033 , 0.0396777 , 3e+21 , -1.73575 , 3.95619 , -2.02145 , 0.0259194 , 0.0259941 , 0.0274354
1.78e-06 , 119.033 , 0.0396777 , 3e+21 , -1.73575 , 3.95619 , -2.02145 , 0.0259194 , 0.0259941 , 0.0274354
1.784e-06 , 119.033 , 0.0396777 , 3e+21 , -1.73575 , 3.95619 , -2.02145 , 0.0259194 , 0.0259941 , 0.0274354
1.788e-06 , 119.033 , 0.0396777 , 3e+21 , -1.73575 , 3.95619 , -2.02145 , 0.0259194 , 0.0259941 , 0.0274354
1.792e-06 , 119.033 , 0.0396777 , 3e+21 , -1.73575 , 3.95619 , -2.02145 , 0.0259194 , 0.0259941 , 0.0274354
1.796e-06 , 119.033 , 0.0396777 , 3e+21 , -1.73575 , 3.95619 , -2.02145 , 0.0259194 , 0.0259941 , 0.0274354
1.8e-06 , 119.033 , 0.0396777 , 3e+21 , -1.73575 , 3.95619 , -2.02145 , 0.0259194 , 0.0259941 , 0.0274354
1.804e-06 , 119.033 , 0.0396777 , 3e+21 , -1.73575 , 3.95619 , -2.02145 , 0.0259194 , 0.0259941 , 0.0274354
1.808e-06 , 119.033 , 0.0396777 , 3e+21 , -1.73575 , 3.95619 , -2.02145 , 0.0259194 , 0.0259941 , 0.0274354
1.812e-06 , 119.033 , 0.0396777 , 3e+21 , -1.73575 , 3.95619 , -2.02145 , 0.0259194 , 0.0259941 , 0.0274354
1.816e-06 , 119.033 , 0.0396777 , 3e+21 , -1.73575 , 3.95619 , -2.02145 , 0.0259194 , 0.0259941 , 0.0274354
1.82e-06 , 119.033 , 0.0396777 , 3e+21 , -1.73575 , 3.95619 , -2.02145 , 0.0259194 , 0.0259941 , 0.0274354
1.824e-06 , 119.033 , 0.0396777 , 3e+21 , -1.73575 , 3.95619 , -2.02145 , 0.0259194 , 0.0259941 , 0.0274354
1.828e-06 , 119.033 , 0.0396777 , 3e+21 , -1.73575 , 3.95619 , -2.02145 , 0.0259194 , 0.0259941 , 0.0274354
1.832e-06 , 119.033 , 0.0396777 , 3e+21 , -1.73575 , 3.95619 , -2.02145 , 0.0259194 , 0.0259941 , 0.0274354
1.836e-06 , 119.033 , 0.0396777 , 3e+21 , -1.73575 , 3.95619 , -2.02145 , 0.0259194 , 0.0259941 , 0.0274354
1.84e-06 , 119.033 , 0.0396777 , 3e+21 , -1.73575 , 3.95619 , -2.02145 , 0.0259194 , 0.0259941 , 0.0274354
1.844e-06 , 119.033 , 0.0396777 , 3e+21 , -1.73575 , 3.95619 , -2.02145 , 0.0259194 , 0.0259941 , 0.0274354
1.848e-06 , 119.033 , 0.0396777 , 3e+21 , -1.73575 , 3.95619 , -2.02145 , 0.0259194 , 0.0259941 , 0.0274354
1.852e-06 , 119.033 , 0.0396777 , 3e+21 , -1.73575 , 3.95619 , -2.02145 , 0.0259194 , 0.0259941 , 0.0274354
1.856e-06 , 119.033 , 0.0396777 , 3e+21 , -1.73575 , 3.95619 , -2.02145 , 0.0259194 , 0.0259941 , 0.0274354
1.86e-06 , 119.033 , 0.0396777 , 3e+21 , -1.73575 , 3.95619 , -2.02145 , 0.0259194 , 0.0259941 , 0.0274354
1.864e-06 , 119.033 , 0.0396777 , 3e+21 , -1.73575 , 3.95619 , -2.02145 , 0.0259194 , 0.0259941 , 0.0274354
1.868e-06 , 119.033 , 0.0396777 , 3e+21 , -1.73575 , 3.95619 , -2.02145 , 0.0259194 , 0.0259941 , 0.0274354
1.872e-06 , 119.033 , 0.0396777 , 3e+21 , -1.73575 , 3.95619 , -2.02145 , 0.0259194 , 0.0259941 , 0.0274354
1.876e-06 , 119.033 , 0.0396777 , 3e+21 , -1.73575 , 3.95619 , -2.02145 , 0.0259194 , 0.0259941 , 0.0274354
1.88e-06 , 119.033 , 0.0396777 , 3e+21 , -1.73575 , 3.95619 , -2.02145 , 0.0259194 , 0.0259941 , 0.0274354
1.884e-06 , 119.033 , 0.0396777 , 3e+21 , -1.73575 , 3.95619 , -2.02145 , 0.0259194 , 0.0259941 , 0.0274354
1.888e-06 , 119.033 , 0.0396777 , 3e+21 , -1.73575 , 3.95619 , -2.02145 , 0.0259194 , 0.0259941 , 0.0274354
1.892e-06 , 119.033 , 0.0396777 , 3e+21 , -1.73575 , 3.95619 , -2.02145 , 0.0259194 , 0.0259941 , 0.0274354
1.896e-06 , 119.033 , 0.0396777 , 3e+21 , -1.73575 , 3.95619 , -2.02145 , 0.0259194 , 0.0259941 , 0.0274354
1.9e-06 , 119.033 , 0.0396777 , 3e+21 , -1.73575 , 3.95619 , -2.02145 , 0.0259194 , 0.0259941 , 0.0274354
1.904e-06 , 119.033 , 0.0396777 , 3e+21 , -1.73575 , 3.95619 , -2.02145 , 0.0259194 , 0.0259941 , 0.0274354
1.908e-06 , 119.033 , 0.0396777 , 3e+21 , -1.73575 , 3.95619 , -2.02145 , 0.0259194 , 0.0259941 , 0.0274354
1.912e-06 , 119.033 , 0.0396777 , 3e+21 , -1.73575 , 3.95619 , -2.02145 , 0.0259194 , 0.0259941 , 0.0274354
1.916e-06 , 119.033 , 0.0396777 , 3e+21 , -1.73575 , 3.95619 , -2.02145 , 0.0259194 , 0.0259941 , 0.0274354
1.92e-06 , 119.033 , 0.0396777 , 3e+21 , -1.73575 , 3.95619 , -2.02145 , 0.0259194 , 0.0259941 , 0.0274354
1.924e-06 , 119.033 , 0.0396777 , 3e+21 , -1.73575 , 3.95619 , -2.02145 , 0.0259194 , 0.0259941 , 0.0274354
1.928e-06 , 119.033 , 0.0396777 , 3e+21 , -1.73575 , 3.95619 , -2.02145 , 0.0259194 , 0.0259941 , 0.0274354
1.932e-06 , 119.033 , 0.0396777 , 3e+21 , -1.73575 , 3.95619 , -2.02145 , 0.0259194 , 0.0259941 , 0.0274354
1.936e-06 , 119.033 , 0.0396777 , 3e+21 , -1.73575 , 3.95619 , -2.02145 , 0.0259194 , 0.0259941 , 0.0274354
1.94e-06 , 119.033 , 0.0396777 , 3e+21 , -1.73575 , 3.95619 , -2.02145 , 0.0259194 , 0.0259941 , 0.0274354
1.944e-06 , 119.033 , 0.0396777 , 3e+21 , -1.73575 , 3.95619 , -2.02145 , 0.0259194 , 0.0259941 , 0.0274354
1.948e-06 , 119.033 , 0.0396777 , 3e+21 , -1.73575 , 3.95619 , -2.02145 , 0.0259194 , 0.0259941 , 0.0274354
1.952e-06 , 119.033 , 0.0396777 , 3e+21 , -1.73575 , 3.95619 , -2.02145 , 0.0259194 , 0.0259941 , 0.0274354
1.956e-06 , 119.033 , 0.0396777 , 3e+21 , -1.73575 , 3.95619 , -2.02145 , 0.0259194 , 0.0259941 , 0.0274354
1.96e-06 , 119.033 , 0.0396777 , 3e+21 , -1.73575 , 3.95619 , -2.02145 , 0.0259194 , 0.0259941 , 0.0274354
1.964e-06 , 119.033 , 0.0396777 , 3e+21 , -1.73575 , 3.95619 , -2.02145 , 0.0259194 , 0.0259941 , 0.0274354
1.968e-06 , 119.033 , 0.0396777 , 3e+21 , -1.73575 , 3.95619 , -2.02145 , 0.0259194 , 0.0259941 , 0.0274354
1.972e-06 , 119.033 , 0.0396777 , 3e+21 , -1.73575 , 3.95619 , -2.02145 , 0.0259194 , 0.0259941 , 0.0274354
1.976e-06 , 119.033 , 0.0396777 , 3e+21 , -1.73575 , 3.95619 , -2.02145 , 0.0259194 , 0.0259941 , 0.0274354
1.98e-06 , 119.033 , 0.0396777 , 3e+21 , -1.73575 , 3.95619 , -2.02145 , 0.0259194 , 0.0259941 , 0.0274354
1.984e-06 , 119.033 , 0.0396777 , 3e+21 , -1.73575 , 3.95619 , -2.02145 , 0.0259194 , 0.0259941 , 0.0274354
1.988e-06 , 119.033 , 0.0396777 , 3e+21 , -1.73575 , 3.95619 , -2.02145 , 0.0259194 , 0.0259941 , 0.0274354
1.992e-06 , 119.033 , 0.0396777 , 3e+21 , -1.73575 , 3.95619 , -2.02145 , 0.0259194 , 0.0259941 , 0.0274354
1.996e-06 , 119.033 , 0.0396777 , 3e+21 , -1.73575 , 3.95619 , -2.02145 , 0.0259194 , 0.0259941 , 0.0274354
2e-06 , 119.033 , 0.0396777 , 3e+21 , -1.73575 , 3.95619 , -2.02145 , 0.0259194 , 0.0259941 , 0.0274354
2.004e-06 , 119.033 , 0.0396777 , 3e+21 , -1.73575 , 3.95619 , -2.02145 , 0.0259194 , 0.0259941 , 0.0274354
2.008e-06 , 119.033 , 0.0396777 , 3e+21 , -1.73575 , 3.95619 , -2.02145 , 0.0259194 , 0.0259941 , 0.0274354
2.012e-06 , 119.033 , 0.0396777 , 3e+21 , -1.73575 , 3.95619 , -2.02145 , 0.0259194 , 0.0259941 , 0.0274354
2.016e-06 , 119.033 , 0.0396777 , 3e+21 , -1.73575 , 3.95619 , -2.02145 , 0.0259194 , 0.0259941 , 0.0274354
2.02e-06 , 119.033 , 0.0396777 , 3e+21 , -1.73575 , 3.95619 , -2.02145 , 0.0259194 , 0.0259941 , 0.0274354
2.024e-06 , 119.033 , 0.0396777 , 3e+21 , -1.73575 , 3.95619 , -2.02145 , 0.0259194 , 0.0259941 , 0.0274354
2.028e-06 , 119.033 , 0.0396777 , 3e+21 , -1.73575 , 3.95619 , -2.02145 , 0.0259194 , 0.0259941 , 0.0274354
2.032e-06 , 119.033 , 0.0396777 , 3e+21 , -1.73575 , 3.95619 , -2.02145 , 0.0259194 , 0.0259941 , 0.0274354
2.036e-06 , 119.033 , 0.0396777 , 3e+21 , -1.73575 , 3.95619 , -2.02145 , 0.0259194 , 0.0259941 , 0.0274354
2.04e-06 , 119.033 , 0.0396777 , 3e+21 , -1.73575 , 3.95619 , -2.02145 , 0.0259194 , 0.0259941 , 0.0274354
2.044e-06 , 119.033 , 0.0396777 , 3e+21 , -1.73575 , 3.95619 , -2.02145 , 0.0259194 , 0.0259941 , 0.0274354
2.048e-06 , 119.033 , 0.0396777 , 3e+21 , -1.73575 , 3.95619 , -2.02145 , 0.0259194 , 0.0259941 , 0.0274354
2.052e-06 , 119.033 , 0.0396777 , 3e+21 , -1.73575 , 3.95619 , -2.02145 , 0.0259194 , 0.0259941 , 0.0274354
2.056e-06 , 119.033 , 0.0396777 , 3e+21 , -1.73575 , 3.95619 , -2.02145 , 0.0259194 , 0.0259941 , 0.0274354
2.06e-06 , 119.033 , 0.0396777 , 3e+21 , -1.73575 , 3.95619 , -2.02145 , 0.0259194 , 0.0259941 , 0.0274354
2.064e-06 , 119.033 , 0.0396777 , 3e+21 , -1.73575 , 3.95619 , -2.02145 , 0.0259194 , 0.0259941 , 0.0274354
2.068e-06 , 119.033 , 0.0396777 , 3e+21 , -1.73575 , 3.95619 , -2.02145 , 0.0259194 , 0.0259941 , 0.0274354
2.072e-06 , 119.033 , 0.0396777 , 3e+21 , -1.73575 , 3.95619 , -2.02145 , 0.0259194 , 0.0259941 , 0.0274354
2.076e-06 , 119.033 , 0.0396777 , 3e+21 , -1.73575 , 3.95619 , -2.02145 , 0.0259194 , 0.0259941 , 0.0274354
2.08e-06 , 119.033 , 0.0396777 , 3e+21 , -1.73575 , 3.95619 , -2.02145 , 0.0259194 , 0.0259941 , 0.0274354
2.084e-06 , 119.033 , 0.0396777 , 3e+21 , -1.73575 , 3.95619 , -2.02145 , 0.0259194 , 0.0259941 , 0.0274354
2.088e-06 , 119.033 , 0.0396777 , 3e+21 , -1.73575 , 3.95619 , -2.02145 , 0.0259194 , 0.0259941 , 0.0274354
2.092e-06 , 119.033 , 0.0396777 , 3e+21 , -1.73575 , 3.95619 , -2.02145 , 0.0259194 , 0.0259941 , 0.0274354
2.096e-06 , 119.033 , 0.0396777 , 3e+21 , -1.73575 , 3.95619 , -2.02145 , 0.0259194 , 0.0259941 , 0.0274354
2.1e-06 , 119.033 , 0.0396777 , 3e+21 , -1.73575 , 3.95619 , -2.02145 , 0.0259194 , 0.0259941 , 0.0274354
2.104e-06 , 119.033 , 0.0396777 , 3e+21 , -1.73575 , 3.95619 , -2.02145 , 0.0259194 , 0.0259941 , 0.0274354
2.108e-06 , 119.033 , 0.0396777 , 3e+21 , -1.73575 , 3.95619 , -2.02145 , 0.0259194 , 0.0259941 , 0.0274354
2.112e-06 , 119.033 , 0.0396777 , 3e+21 , -1.73575 , 3.95619 , -2.02145 , 0.0259194 , 0.0259941 , 0.0274354
2.116e-06 , 119.033 , 0.0396777 , 3e+21 , -1.73575 , 3.95619 , -2.02145 , 0.0259194 , 0.0259941 , 0.0274354
2.12e-06 , 119.033 , 0.0396777 , 3e+21 , -1.73575 , 3.95619 , -2.02145 , 0.0259194 , 0.0259941 , 0.0274354
2.124e-06 , 119.033 , 0.0396777 , 3e+21 , -1.73575 , 3.95619 , -2.02145 , 0.0259194 , 0.0259941 , 0.0274354
2.128e-06 , 119.033 , 0.0396777 , 3e+21 , -1.73575 , 3.95619 , -2.02145 , 0.0259194 , 0.0259941 , 0.0274354
2.132e-06 , 119.033 , 0.0396777 , 3e+21 , -1.73575 , 3.95619 , -2.02145 , 0.0259194 , 0.0259941 , 0.0274354
2.136e-06 , 119.033 , 0.0396777 , 3e+21 , -1.73575 , 3.95619 , -2.02145 , 0.0259194 , 0.0259941 , 0.0274354
2.14e-06 , 119.033 , 0.0396777 , 3e+21 , -1.73575 , 3.95619 , -2.02145 , 0.0259194 , 0.0259941 , 0.0274354
2.144e-06 , 119.033 , 0.0396777 , 3e+21 , -1.73575 , 3.95619 , -2.02145 , 0.0259194 , 0.0259941 , 0.0274354
2.148e-06 , 119.033 , 0.0396777 , 3e+21 , -1.73575 , 3.95619 , -2.02145 , 0.0259194 , 0.0259941 , 0.0274354
2.152e-06 , 119.033 , 0.0396777 , 3e+21 , -1.73575 , 3.95619 , -2.02145 , 0.0259194 , 0.0259941 , 0.0274354
2.156e-06 , 119.033 , 0.0396777 , 3e+21 , -1.73575 , 3.95619 , -2.02145 , 0.0259194 , 0.0259941 , 0.0274354
2.16e-06 , 119.033 , 0.0396777 , 3e+21 , -1.73575 , 3.95619 , -2.02145 , 0.0259194 , 0.0259941 , 0.0274354
2.164e-06 , 119.033 , 0.0396777 , 3e+21 , -1.73575 , 3.95619 , -2.02145 , 0.0259194 , 0.0259941 , 0.0274354
2.168e-06 , 119.033 , 0.0396777 , 3e+21 , -1.73575 , 3.95619 , -2.02145 , 0.0259194 , 0.0259941 , 0.0274354
2.172e-06 , 119.033 , 0.0396777 , 3e+21 , -1.73575 , 3.95619 , -2.02145 , 0.0259194 , 0.0259941 , 0.0274354
2.176e-06 , 119.033 , 0.0396777 , 3e+21 , -1.73575 , 3.95619 , -2.02145 , 0.0259194 , 0.0259941 , 0.0274354
2.18e-06 , 119.033 , 0.0396777 , 3e+21 , -1.73575 , 3.95619 , -2.02145 , 0.0259194 , 0.0259941 , 0.0274354
2.184e-06 , 119.033 , 0.0396777 , 3e+21 , -1.73575 , 3.95619 , -2.02145 , 0.0259194 , 0.0259941 , 0.0274354
2.188e-06 , 119.033 , 0.0396777 , 3e+21 , -1.73575 , 3.95619 , -2.02145 , 0.0259194 , 0.0259941 , 0.0274354
2.192e-06 , 119.033 , 0.0396777 , 3e+21 , -1.73575 , 3.95619 , -2.02145 , 0.0259194 , 0.0259941 , 0.0274354
2.196e-06 , 119.033 , 0.0396777 , 3e+21 , -1.73575 , 3.95619 , -2.02145 , 0.0259194 , 0.0259941 , 0.0274354
2.2e-06 , 119.033 , 0.0396777 , 3e+21 , -1.73575 , 3.95619 , -2.02145 , 0.0259194 , 0.0259941 , 0.0274354
2.204e-06 , 119.033 , 0.0396777 , 3e+21 , -1.73575 , 3.95619 , -2.02145 , 0.0259194 , 0.0259941 , 0.0274354
2.208e-06 , 119.033 , 0.0396777 , 3e+21 , -1.73575 , 3.95619 , -2.02145 , 0.0259194 , 0.0259941 , 0.0274354
2.212e-06 , 119.033 , 0.0396777 , 3e+21 , -1.73575 , 3.95619 , -2.02145 , 0.0259194 , 0.0259941 , 0.0274354
2.216e-06 , 119.033 , 0.0396777 , 3e+21 , -1.73575 , 3.95619 , -2.02145 , 0.0259194 , 0.0259941 , 0.0274354
2.22e-06 , 119.033 , 0.0396777 , 3e+21 , -1.73575 , 3.95619 , -2.02145 , 0.0259194 , 0.0259941 , 0.0274354
2.224e-06 , 119.033 , 0.0396777 , 3e+21 , -1.73575 , 3.95619 , -2.02145 , 0.0259194 , 0.0259941 , 0.0274354
2.228e-06 , 119.033 , 0.0396777 , 3e+21 , -1.73575 , 3.95619 , -2.02145 , 0.0259194 , 0.0259941 , 0.0274354
2.232e-06 , 119.033 , 0.0396777 , 3e+21 , -1.73575 , 3.95619 , -2.02145 , 0.0259194 , 0.0259941 , 0.0274354
2.236e-06 , 119.033 , 0.0396777 , 3e+21 , -1.73575 , 3.95619 , -2.02145 , 0.0259194 , 0.0259941 , 0.0274354
2.24e-06 , 119.033 , 0.0396777 , 3e+21 , -1.73575 , 3.95619 , -2.02145 , 0.0259194 , 0.0259941 , 0.0274354
2.244e-06 , 119.033 , 0.0396777 , 3e+21 , -1.73575 , 3.95619 , -2.02145 , 0.0259194 , 0.0259941 , 0.0274354
2.248e-06 , 119.033 , 0.0396777 , 3e+21 , -1.73575 , 3.95619 , -2.02145 , 0.0259194 , 0.0259941 , 0.0274354
2.252e-06 , 119.033 , 0.0396777 , 3e+21 , -1.73575 , 3.95619 , -2.02145 , 0.0259194 , 0.0259941 , 0.0274354
2.256e-06 , 119.033 , 0.0396777 , 3e+21 , -1.73575 , 3.95619 , -2.02145 , 0.0259194 , 0.0259941 , 0.0274354
2.26e-06 , 119.033 , 0.0396777 , 3e+21 , -1.73575 , 3.95619 , -2.02145 , 0.0259194 , 0.0259941 , 0.0274354
2.264e-06 , 119.033 , 0.0396777 , 3e+21 , -1.73575 , 3.95619 , -2.02145 , 0.0259194 , 0.0259941 , 0.0274354
2.268e-06 , 119.033 , 0.0396777 , 3e+21 , -1.73575 , 3.95619 , -2.02145 , 0.0259194 , 0.0259941 , 0.0274354
2.272e-06 , 119.033 , 0.0396777 , 3e+21 , -1.73575 , 3.95619 , -2.02145 , 0.0259194 , 0.0259941 , 0.0274354
2.276e-06 , 119.033 , 0.0396777 , 3e+21 , -1.73575 , 3.95619 , -2.02145 , 0.0259194 , 0.0259941 , 0.0274354
2.28e-06 , 119.033 , 0.0396777 , 3e+21 , -1.73575 , 3.95619 , -2.02145 , 0.0259194 , 0.0259941 , 0.0274354
2.284e-06 , 119.033 , 0.0396777 , 3e+21 , -1.73575 , 3.95619 , -2.02145 , 0.0259194 , 0.0259941 , 0.0274354
2.288e-06 , 119.033 , 0.0396777 , 3e+21 , -1.73575 , 3.95619 , -2.02145 , 0.0259194 , 0.0259941 , 0.0274354
2.292e-06 , 119.033 , 0.0396777 , 3e+21 , -1.73575 , 3.95619 , -2.02145 , 0.0259194 , 0.0259941 , 0.0274354
2.296e-06 , 119.033 , 0.0396777 , 3e+21 , -1.73575 , 3.95619 , -2.02145 , 0.0259194 , 0.0259941 , 0.0274354
2.3e-06 , 119.033 , 0.0396777 , 3e+21 , -1.73575 , 3.95619 , -2.02145 , 0.0259194 , 0.0259941 , 0.0274354
2.304e-06 , 119.033 , 0.0396777 , 3e+21 , -1.73575 , 3.95619 , -2.02145 , 0.0259194 , 0.0259941 , 0.0274354
2.308e-06 , 119.033 , 0.0396777 , 3e+21 , -1.73575 , 3.95619 , -2.02145 , 0.0259194 , 0.0259941 , 0.0274354
2.312e-06 , 119.033 , 0.0396777 , 3e+21 , -1.73575 , 3.95619 , -2.02145 , 0.0259194 , 0.0259941 , 0.0274354
2.316e-06 , 119.033 , 0.0396777 , 3e+21 , -1.73575 , 3.95619 , -2.02145 , 0.0259194 , 0.0259941 , 0.0274354
2.32e-06 , 119.033 , 0.0396777 , 3e+21 , -1.73575 , 3.95619 , -2.02145 , 0.0259194 , 0.0259941 , 0.0274354
2.324e-06 , 119.033 , 0.0396777 , 3e+21 , -1.73575 , 3.95619 , -2.02145 , 0.0259194 , 0.0259941 , 0.0274354
2.328e-06 , 119.033 , 0.0396777 , 3e+21 , -1.73575 , 3.95619 , -2.02145 , 0.0259194 , 0.0259941 , 0.0274354
2.332e-06 , 119.033 , 0.0396777 , 3e+21 , -1.73575 , 3.95619 , -2.02145 , 0.0259194 , 0.0259941 , 0.0274354
2.336e-06 , 119.033 , 0.0396777 , 3e+21 , -1.73575 , 3.95619 , -2.02145 , 0.0259194 , 0.0259941 , 0.0274354
2.34e-06 , 119.033 , 0.0396777 , 3e+21 , -1.73575 , 3.95619 , -2.02145 , 0.0259194 , 0.0259941 , 0.0274354
2.344e-06 , 119.033 , 0.0396777 , 3e+21 , -1.73575 , 3.95619 , -2.02145 , 0.0259194 , 0.0259941 , 0.0274354
2.348e-06 , 119.033 , 0.0396777 , 3e+21 , -1.73575 , 3.95619 , -2.02145 , 0.0259194 , 0.0259941 , 0.0274354
2.352e-06 , 119.033 , 0.0396777 , 3e+21 , -1.73575 , 3.95619 , -2.02145 , 0.0259194 , 0.0259941 , 0.0274354
2.356e-06 , 119.033 , 0.0396777 , 3e+21 , -1.73575 , 3.95619 , -2.02145 , 0.0259194 , 0.0259941 , 0.0274354
2.36e-06 , 119.033 , 0.0396777 , 3e+21 , -1.73575 , 3.95619 , -2.02145 , 0.0259194 , 0.0259941 , 0.0274354
2.364e-06 , 119.033 , 0.0396777 , 3e+21 , -1.73575 , 3.95619 , -2.02145 , 0.0259194 , 0.0259941 , 0.0274354
2.368e-06 , 119.033 , 0.0396777 , 3e+21 , -1.73575 , 3.95619 , -2.02145 , 0.0259194 , 0.0259941 , 0.0274354
2.372e-06 , 119.033 , 0.0396777 , 3e+21 , -1.73575 , 3.95619 , -2.02145 , 0.0259194 , 0.0259941 , 0.0274354
2.376e-06 , 119.033 , 0.0396777 , 3e+21 , -1.73575 , 3.95619 , -2.02145 , 0.0259194 , 0.0259941 , 0.0274354
2.38e-06 , 119.033 , 0.0396777 , 3e+21 , -1.73575 , 3.95619 , -2.02145 , 0.0259194 , 0.0259941 , 0.0274354
2.384e-06 , 119.033 , 0.0396777 , 3e+21 , -1.73575 , 3.95619 , -2.02145 , 0.0259194 , 0.0259941 , 0.0274354
2.388e-06 , 119.033 , 0.0396777 , 3e+21 , -1.73575 , 3.95619 , -2.02145 , 0.0259194 , 0.0259941 , 0.0274354
2.392e-06 , 119.033 , 0.0396777 , 3e+21 , -1.73575 , 3.95619 , -2.02145 , 0.0259194 , 0.0259941 , 0.0274354
2.396e-06 , 119.033 , 0.0396777 , 3e+21 , -1.73575 , 3.95619 , -2.02145 , 0.0259194 , 0.0259941 , 0.0274354
2.4e-06 , 119.033 , 0.0396777 , 3e+21 , -1.73575 , 3.95619 , -2.02145 , 0.0259194 , 0.0259941 , 0.0274354
2.404e-06 , 119.033 , 0.0396777 , 3e+21 , -1.73575 , 3.95619 , -2.02145 , 0.0259194 , 0.0259941 , 0.0274354
2.408e-06 , 119.033 , 0.0396777 , 3e+21 , -1.73575 , 3.95619 , -2.02145 , 0.0259194 , 0.0259941 , 0.0274354
2.412e-06 , 119.033 , 0.0396777 , 3e+21 , -1.73575 , 3.95619 , -2.02145 , 0.0259194 , 0.0259941 , 0.0274354
2.416e-06 , 119.033 , 0.0396777 , 3e+21 , -1.73575 , 3.95619 , -2.02145 , 0.0259194 , 0.0259941 , 0.0274354
2.42e-06 , 119.033 , 0.0396777 , 3e+21 , -1.73575 , 3.95619 , -2.02145 , 0.0259194 , 0.0259941 , 0.0274354
2.424e-06 , 119.033 , 0.0396777 , 3e+21 , -1.73575 , 3.95619 , -2.02145 , 0.0259194 , 0.0259941 , 0.0274354
2.428e-06 , 119.033 , 0.0396777 , 3e+21 , -1.73575 , 3.95619 , -2.02145 , 0.0259194 , 0.0259941 , 0.0274354
2.432e-06 , 119.033 , 0.0396777 , 3e+21 , -1.73575 , 3.95619 , -2.02145 , 0.0259194 , 0.0259941 , 0.0274354
2.436e-06 , 119.033 , 0.0396777 , 3e+21 , -1.73575 , 3.95619 , -2.02145 , 0.0259194 , 0.0259941 , 0.0274354
2.44e-06 , 119.033 , 0.0396777 , 3e+21 , -1.73575 , 3.95619 , -2.02145 , 0.0259194 , 0.0259941 , 0.0274354
2.444e-06 , 119.033 , 0.0396777 , 3e+21 , -1.73575 , 3.95619 , -2.02145 , 0.0259194 , 0.0259941 , 0.0274354
2.448e-06 , 119.033 , 0.0396777 , 3e+21 , -1.73575 , 3.95619 , -2.02145 , 0.0259194 , 0.0259941 , 0.0274354
2.452e-06 , 119.033 , 0.0396777 , 3e+21 , -1.73575 , 3.95619 , -2.02145 , 0.0259194 , 0.0259941 , 0.0274354
2.456e-06 , 119.033 , 0.0396777 , 3e+21 , -1.73575 , 3.95619 , -2.02145 , 0.0259194 , 0.0259941 , 0.0274354
2.46e-06 , 119.033 , 0.0396777 , 3e+21 , -1.73575 , 3.95619 , -2.02145 , 0.0259194 , 0.0259941 , 0.0274354
2.464e-06 , 119.033 , 0.0396777 , 3e+21 , -1.73575 , 3.95619 , -2.02145 , 0.0259194 , 0.0259941 , 0.0274354
2.468e-06 , 119.033 , 0.0396777 , 3e+21 , -1.73575 , 3.95619 , -2.02145 , 0.0259194 , 0.0259941 , 0.0274354
2.472e-06 , 119.033 , 0.0396777 , 3e+21 , -1.73575 , 3.95619 , -2.02145 , 0.0259194 , 0.0259941 , 0.0274354
2.476e-06 , 119.033 , 0.0396777 , 3e+21 , -1.73575 , 3.95619 , -2.02145 , 0.0259194 , 0.0259941 , 0.0274354
2.48e-06 , 119.033 , 0.0396777 , 3e+21 , -1.73575 , 3.95619 , -2.02145 , 0.0259194 , 0.0259941 , 0.0274354
2.484e-06 , 119.033 , 0.0396777 , 3e+21 , -1.73575 , 3.95619 , -2.02145 , 0.0259194 , 0.0259941 , 0.0274354
2.488e-06 , 119.033 , 0.0396777 , 3e+21 , -1.73575 , 3.95619 , -2.02145 , 0.0259194 , 0.0259941 , 0.0274354
2.492e-06 , 119.033 , 0.0396777 , 3e+21 , -1.73575 , 3.95619 , -2.02145 , 0.0259194 , 0.0259941 , 0.0274354
2.496e-06 , 119.033 , 0.0396777 , 3e+21 , -1.73575 , 3.95619 , -2.02145 , 0.0259194 , 0.0259941 , 0.0274354
2.5e-06 , 119.033 , 0.0396777 , 3e+21 , -1.73575 , 3.95619 , -2.02145 , 0.0259194 , 0.0259941 , 0.0274354
2.504e-06 , 119.033 , 0.0396777 , 3e+21 , -1.73575 , 3.95619 , -2.02145 , 0.0259194 , 0.0259941 , 0.0274354
2.508e-06 , 119.033 , 0.0396777 , 3e+21 , -1.73575 , 3.95619 , -2.02145 , 0.0259194 , 0.0259941 , 0.0274354
2.512e-06 , 119.033 , 0.0396777 , 3e+21 , -1.73575 , 3.95619 , -2.02145 , 0.0259194 , 0.0259941 , 0.0274354
2.516e-06 , 119.033 , 0.0396777 , 3e+21 , -1.73575 , 3.95619 , -2.02145 , 0.0259194 , 0.0259941 , 0.0274354
2.52e-06 , 119.033 , 0.0396777 , 3e+21 , -1.73575 , 3.95619 , -2.02145 , 0.0259194 , 0.0259941 , 0.0274354
2.524e-06 , 119.033 , 0.0396777 , 3e+21 , -1.73575 , 3.95619 , -2.02145 , 0.0259194 , 0.0259941 , 0.0274354
2.528e-06 , 119.033 , 0.0396777 , 3e+21 , -1.73575 , 3.95619 , -2.02145 , 0.0259194 , 0.0259941 , 0.0274354
2.532e-06 , 119.033 , 0.0396777 , 3e+21 , -1.73575 , 3.95619 , -2.02145 , 0.0259194 , 0.0259941 , 0.0274354
2.536e-06 , 119.033 , 0.0396777 , 3e+21 , -1.73575 , 3.95619 , -2.02145 , 0.0259194 , 0.0259941 , 0.0274354
2.54e-06 , 119.033 , 0.0396777 , 3e+21 , -1.73575 , 3.95619 , -2.02145 , 0.0259194 , 0.0259941 , 0.0274354
2.544e-06 , 119.033 , 0.0396777 , 3e+21 , -1.73575 , 3.95619 , -2.02145 , 0.0259194 , 0.0259941 , 0.0274354
2.548e-06 , 119.033 , 0.0396777 , 3e+21 , -1.73575 , 3.95619 , -2.02145 , 0.0259194 , 0.0259941 , 0.0274354
2.552e-06 , 119.033 , 0.0396777 , 3e+21 , -1.73575 , 3.95619 , -2.02145 , 0.0259194 , 0.0259941 , 0.0274354
2.556e-06 , 119.033 , 0.0396777 , 3e+21 , -1.73575 , 3.95619 , -2.02145 , 0.0259194 , 0.0259941 , 0.0274354
2.56e-06 , 119.033 , 0.0396777 , 3e+21 , -1.73575 , 3.95619 , -2.02145 , 0.0259194 , 0.0259941 , 0.0274354
2.564e-06 , 119.033 , 0.0396777 , 3e+21 , -1.73575 , 3.95619 , -2.02145 , 0.0259194 , 0.0259941 , 0.0274354
2.568e-06 , 119.033 , 0.0396777 , 3e+21 , -1.73575 , 3.95619 , -2.02145 , 0.0259194 , 0.0259941 , 0.0274354
2.572e-06 , 119.033 , 0.0396777 , 3e+21 , -1.73575 , 3.95619 , -2.02145 , 0.0259194 , 0.0259941 , 0.0274354
2.576e-06 , 119.033 , 0.0396777 , 3e+21 , -1.73575 , 3.95619 , -2.02145 , 0.0259194 , 0.0259941 , 0.0274354
2.58e-06 , 119.033 , 0.0396777 , 3e+21 , -1.73575 , 3.95619 , -2.02145 , 0.0259194 , 0.0259941 , 0.0274354
2.584e-06 , 119.033 , 0.0396777 , 3e+21 , -1.73575 , 3.95619 , -2.02145 , 0.0259194 , 0.0259941 , 0.0274354
2.588e-06 , 119.033 , 0.0396777 , 3e+21 , -1.73575 , 3.95619 , -2.02145 , 0.0259194 , 0.0259941 , 0.0274354
2.592e-06 , 119.033 , 0.0396777 , 3e+21 , -1.73575 , 3.95619 , -2.02145 , 0.0259194 , 0.0259941 , 0.0274354
2.596e-06 , 119.033 , 0.0396777 , 3e+21 , -1.73575 , 3.95619 , -2.02145 , 0.0259194 , 0.0259941 , 0.0274354
2.6e-06 , 119.033 , 0.0396777 , 3e+21 , -1.73575 , 3.95619 , -2.02145 , 0.0259194 , 0.0259941 , 0.0274354
2.604e-06 , 119.033 , 0.0396777 , 3e+21 , -1.73575 , 3.95619 , -2.02145 , 0.0259194 , 0.0259941 , 0.0274354
2.608e-06 , 119.033 , 0.0396777 , 3e+21 , -1.73575 , 3.95619 , -2.02145 , 0.0259194 , 0.0259941 , 0.0274354
2.612e-06 , 119.033 , 0.0396777 , 3e+21 , -1.73575 , 3.95619 , -2.02145 , 0.0259194 , 0.0259941 , 0.0274354
2.616e-06 , 119.033 , 0.0396777 , 3e+21 , -1.73575 , 3.95619 , -2.02145 , 0.0259194 , 0.0259941 , 0.0274354
2.62e-06 , 119.033 , 0.0396777 , 3e+21 , -1.73575 , 3.95619 , -2.02145 , 0.0259194 , 0.0259941 , 0.0274354
2.624e-06 , 119.033 , 0.0396777 , 3e+21 , -1.73575 , 3.95619 , -2.02145 , 0.0259194 , 0.0259941 , 0.0274354
2.628e-06 , 119.033 , 0.0396777 , 3e+21 , -1.73575 , 3.95619 , -2.02145 , 0.0259194 , 0.0259941 , 0.0274354
2.632e-06 , 119.033 , 0.0396777 , 3e+21 , -1.73575 , 3.95619 , -2.02145 , 0.0259194 , 0.0259941 , 0.0274354
2.636e-06 , 119.033 , 0.0396777 , 3e+21 , -1.73575 , 3.95619 , -2.02145 , 0.0259194 , 0.0259941 , 0.0274354
2.64e-06 , 119.033 , 0.0396777 , 3e+21 , -1.73575 , 3.95619 , -2.02145 , 0.0259194 , 0.0259941 , 0.0274354
2.644e-06 , 119.033 , 0.0396777 , 3e+21 , -1.73575 , 3.95619 , -2.02145 , 0.0259194 , 0.0259941 , 0.0274354
2.648e-06 , 119.033 , 0.0396777 , 3e+21 , -1.73575 , 3.95619 , -2.02145 , 0.0259194 , 0.0259941 , 0.0274354
2.652e-06 , 119.033 , 0.0396777 , 3e+21 , -1.73575 , 3.95619 , -2.02145 , 0.0259194 , 0.0259941 , 0.0274354
2.656e-06 , 119.033 , 0.0396777 , 3e+21 , -1.73575 , 3.95619 , -2.02145 , 0.0259194 , 0.0259941 , 0.0274354
2.66e-06 , 119.033 , 0.0396777 , 3e+21 , -1.73575 , 3.95619 , -2.02145 , 0.0259194 , 0.0259941 , 0.0274354
2.664e-06 , 119.033 , 0.0396777 , 3e+21 , -1.73575 , 3.95619 , -2.02145 , 0.0259194 , 0.0259941 , 0.0274354
2.668e-06 , 119.033 , 0.0396777 , 3e+21 , -1.73575 , 3.95619 , -2.02145 , 0.0259194 , 0.0259941 , 0.0274354
2.672e-06 , 119.033 , 0.0396777 , 3e+21 , -1.73575 , 3.95619 , -2.02145 , 0.0259194 , 0.0259941 , 0.0274354
2.676e-06 , 119.033 , 0.0396777 , 3e+21 , -1.73575 , 3.95619 , -2.02145 , 0.0259194 , 0.0259941 , 0.0274354
2.68e-06 , 119.033 , 0.0396777 , 3e+21 , -1.73575 , 3.95619 , -2.02145 , 0.0259194 , 0.0259941 , 0.0274354
2.684e-06 , 119.033 , 0.0396777 , 3e+21 , -1.73575 , 3.95619 , -2.02145 , 0.0259194 , 0.0259941 , 0.0274354
2.688e-06 , 119.033 , 0.0396777 , 3e+21 , -1.73575 , 3.95619 , -2.02145 , 0.0259194 , 0.0259941 , 0.0274354
2.692e-06 , 119.033 , 0.0396777 , 3e+21 , -1.73575 , 3.95619 , -2.02145 , 0.0259194 , 0.0259941 , 0.0274354
2.696e-06 , 119.033 , 0.0396777 , 3e+21 , -1.73575 , 3.95619 , -2.02145 , 0.0259194 , 0.0259941 , 0.0274354
2.7e-06 , 119.033 , 0.0396777 , 3e+21 , -1.73575 , 3.95619 , -2.02145 , 0.0259194 , 0.0259941 , 0.0274354
2.704e-06 , 119.033 , 0.0396777 , 3e+21 , -1.73575 , 3.95619 , -2.02145 , 0.0259194 , 0.0259941 , 0.0274354
2.708e-06 , 119.033 , 0.0396777 , 3e+21 , -1.73575 , 3.95619 , -2.02145 , 0.0259194 , 0.0259941 , 0.0274354
2.712e-06 , 119.033 , 0.0396777 , 3e+21 , -1.73575 , 3.95619 , -2.02145 , 0.0259194 , 0.0259941 , 0.0274354
2.716e-06 , 119.033 , 0.0396777 , 3e+21 , -1.73575 , 3.95619 , -2.02145 , 0.0259194 , 0.0259941 , 0.0274354
2.72e-06 , 119.033 , 0.0396777 , 3e+21 , -1.73575 , 3.95619 , -2.02145 , 0.0259194 , 0.0259941 , 0.0274354
2.724e-06 , 119.033 , 0.0396777 , 3e+21 , -1.73575 , 3.95619 , -2.02145 , 0.0259194 , 0.0259941 , 0.0274354
2.728e-06 , 119.033 , 0.0396777 , 3e+21 , -1.73575 , 3.95619 , -2.02145 , 0.0259194 , 0.0259941 , 0.0274354
2.732e-06 , 119.033 , 0.0396777 , 3e+21 , -1.73575 , 3.95619 , -2.02145 , 0.0259194 , 0.0259941 , 0.0274354
2.736e-06 , 119.033 , 0.0396777 , 3e+21 , -1.73575 , 3.95619 , -2.02145 , 0.0259194 , 0.0259941 , 0.0274354
2.74e-06 , 119.033 , 0.0396777 , 3e+21 , -1.73575 , 3.95619 , -2.02145 , 0.0259194 , 0.0259941 , 0.0274354
2.744e-06 , 119.033 , 0.0396777 , 3e+21 , -1.73575 , 3.95619 , -2.02145 , 0.0259194 , 0.0259941 , 0.0274354
2.748e-06 , 119.033 , 0.0396777 , 3e+21 , -1.73575 , 3.95619 , -2.02145 , 0.0259194 , 0.0259941 , 0.0274354
2.752e-06 , 119.033 , 0.0396777 , 3e+21 , -1.73575 , 3.95619 , -2.02145 , 0.0259194 , 0.0259941 , 0.0274354
2.756e-06 , 119.033 , 0.0396777 , 3e+21 , -1.73575 , 3.95619 , -2.02145 , 0.0259194 , 0.0259941 , 0.0274354
2.76e-06 , 119.033 , 0.0396777 , 3e+21 , -1.73575 , 3.95619 , -2.02145 , 0.0259194 , 0.0259941 , 0.0274354
2.764e-06 , 119.033 , 0.0396777 , 3e+21 , -1.73575 , 3.95619 , -2.02145 , 0.0259194 , 0.0259941 , 0.0274354
2.768e-06 , 119.033 , 0.0396777 , 3e+21 , -1.73575 , 3.95619 , -2.02145 , 0.0259194 , 0.0259941 , 0.0274354
2.772e-06 , 119.033 , 0.0396777 , 3e+21 , -1.73575 , 3.95619 , -2.02145 , 0.0259194 , 0.0259941 , 0.0274354
2.776e-06 , 119.033 , 0.0396777 , 3e+21 , -1.73575 , 3.95619 , -2.02145 , 0.0259194 , 0.0259941 , 0.0274354
2.78e-06 , 119.033 , 0.0396777 , 3e+21 , -1.73575 , 3.95619 , -2.02145 , 0.0259194 , 0.0259941 , 0.0274354
2.784e-06 , 119.033 , 0.0396777 , 3e+21 , -1.73575 , 3.95619 , -2.02145 , 0.0259194 , 0.0259941 , 0.0274354
2.788e-06 , 119.033 , 0.0396777 , 3e+21 , -1.73575 , 3.95619 , -2.02145 , 0.0259194 , 0.0259941 , 0.0274354
2.792e-06 , 119.033 , 0.0396777 , 3e+21 , -1.73575 , 3.95619 , -2.02145 , 0.0259194 , 0.0259941 , 0.0274354
2.796e-06 , 119.033 , 0.0396777 , 3e+21 , -1.73575 , 3.95619 , -2.02145 , 0.0259194 , 0.0259941 , 0.0274354
2.8e-06 , 119.033 , 0.0396777 , 3e+21 , -1.73575 , 3.95619 , -2.02145 , 0.0259194 , 0.0259941 , 0.0274354
2.804e-06 , 119.033 , 0.0396777 , 3e+21 , -1.73575 , 3.95619 , -2.02145 , 0.0259194 , 0.0259941 , 0.0274354
2.808e-06 , 119.033 , 0.0396777 , 3e+21 , -1.73575 , 3.95619 , -2.02145 , 0.0259194 , 0.0259941 , 0.0274354
2.812e-06 , 119.033 , 0.0396777 , 3e+21 , -1.73575 , 3.95619 , -2.02145 , 0.0259194 , 0.0259941 , 0.0274354
2.816e-06 , 119.033 , 0.0396777 , 3e+21 , -1.73575 , 3.95619 , -2.02145 , 0.0259194 , 0.0259941 , 0.0274354
2.82e-06 , 119.033 , 0.0396777 , 3e+21 , -1.73575 , 3.95619 , -2.02145 , 0.0259194 , 0.0259941 , 0.0274354
2.824e-06 , 119.033 , 0.0396777 , 3e+21 , -1.73575 , 3.95619 , -2.02145 , 0.0259194 , 0.0259941 , 0.0274354
2.828e-06 , 119.033 , 0.0396777 , 3e+21 , -1.73575 , 3.95619 , -2.02145 , 0.0259194 , 0.0259941 , 0.0274354
2.832e-06 , 119.033 , 0.0396777 , 3e+21 , -1.73575 , 3.95619 , -2.02145 , 0.0259194 , 0.0259941 , 0.0274354
2.836e-06 , 119.033 , 0.0396777 , 3e+21 , -1.73575 , 3.95619 , -2.02145 , 0.0259194 , 0.0259941 , 0.0274354
2.84e-06 , 119.033 , 0.0396777 , 3e+21 , -1.73575 , 3.95619 , -2.02145 , 0.0259194 , 0.0259941 , 0.0274354
2.844e-06 , 119.033 , 0.0396777 , 3e+21 , -1.73575 , 3.95619 , -2.02145 , 0.0259194 , 0.0259941 , 0.0274354
2.848e-06 , 119.033 , 0.0396777 , 3e+21 , -1.73575 , 3.95619 , -2.02145 , 0.0259194 , 0.0259941 , 0.0274354
2.852e-06 , 119.033 , 0.0396777 , 3e+21 , -1.73575 , 3.95619 , -2.02145 , 0.0259194 , 0.0259941 , 0.0274354
2.856e-06 , 119.033 , 0.0396777 , 3e+21 , -1.73575 , 3.95619 , -2.02145 , 0.0259194 , 0.0259941 , 0.0274354
2.86e-06 , 119.033 , 0.0396777 , 3e+21 , -1.73575 , 3.95619 , -2.02145 , 0.0259194 , 0.0259941 , 0.0274354
2.864e-06 , 119.033 , 0.0396777 , 3e+21 , -1.73575 , 3.95619 , -2.02145 , 0.0259194 , 0.0259941 , 0.0274354
2.868e-06 , 119.033 , 0.0396777 , 3e+21 , -1.73575 , 3.95619 , -2.02145 , 0.0259194 , 0.0259941 , 0.0274354
2.872e-06 , 119.033 , 0.0396777 , 3e+21 , -1.73575 , 3.95619 , -2.02145 , 0.0259194 , 0.0259941 , 0.0274354
2.876e-06 , 119.033 , 0.0396777 , 3e+21 , -1.73575 , 3.95619 , -2.02145 , 0.0259194 , 0.0259941 , 0.0274354
2.88e-06 , 119.033 , 0.0396777 , 3e+21 , -1.73575 , 3.95619 , -2.02145 , 0.0259194 , 0.0259941 , 0.0274354
2.884e-06 , 119.033 , 0.0396777 , 3e+21 , -1.73575 , 3.95619 , -2.02145 , 0.0259194 , 0.0259941 , 0.0274354
2.888e-06 , 119.033 , 0.0396777 , 3e+21 , -1.73575 , 3.95619 , -2.02145 , 0.0259194 , 0.0259941 , 0.0274354
2.892e-06 , 119.033 , 0.0396777 , 3e+21 , -1.73575 , 3.95619 , -2.02145 , 0.0259194 , 0.0259941 , 0.0274354
2.896e-06 , 119.033 , 0.0396777 , 3e+21 , -1.73575 , 3.95619 , -2.02145 , 0.0259194 , 0.0259941 , 0.0274354
2.9e-06 , 119.033 , 0.0396777 , 3e+21 , -1.73575 , 3.95619 , -2.02145 , 0.0259194 , 0.0259941 , 0.0274354
2.904e-06 , 119.033 , 0.0396777 , 3e+21 , -1.73575 , 3.95619 , -2.02145 , 0.0259194 , 0.0259941 , 0.0274354
2.908e-06 , 119.033 , 0.0396777 , 3e+21 , -1.73575 , 3.95619 , -2.02145 , 0.0259194 , 0.0259941 , 0.0274354
2.912e-06 , 119.033 , 0.0396777 , 3e+21 , -1.73575 , 3.95619 , -2.02145 , 0.0259194 , 0.0259941 , 0.0274354
2.916e-06 , 119.033 , 0.0396777 , 3e+21 , -1.73575 , 3.95619 , -2.02145 , 0.0259194 , 0.0259941 , 0.0274354
2.92e-06 , 119.033 , 0.0396777 , 3e+21 , -1.73575 , 3.95619 , -2.02145 , 0.0259194 , 0.0259941 , 0.0274354
2.924e-06 , 119.033 , 0.0396777 , 3e+21 , -1.73575 , 3.95619 , -2.02145 , 0.0259194 , 0.0259941 , 0.0274354
2.928e-06 , 119.033 , 0.0396777 , 3e+21 , -1.73575 , 3.95619 , -2.02145 , 0.0259194 , 0.0259941 , 0.0274354
2.932e-06 , 119.033 , 0.0396777 , 3e+21 , -1.73575 , 3.95619 , -2.02145 , 0.0259194 , 0.0259941 , 0.0274354
2.936e-06 , 119.033 , 0.0396777 , 3e+21 , -1.73575 , 3.95619 , -2.02145 , 0.0259194 , 0.0259941 , 0.0274354
2.94e-06 , 119.033 , 0.0396777 , 3e+21 , -1.73575 , 3.95619 , -2.02145 , 0.0259194 , 0.0259941 , 0.0274354
2.944e-06 , 119.033 , 0.0396777 , 3e+21 , -1.73575 , 3.95619 , -2.02145 , 0.0259194 , 0.0259941 , 0.0274354
2.948e-06 , 119.033 , 0.0396777 , 3e+21 , -1.73575 , 3.95619 , -2.02145 , 0.0259194 , 0.0259941 , 0.0274354
2.952e-06 , 119.033 , 0.0396777 , 3e+21 , -1.73575 , 3.95619 , -2.02145 , 0.0259194 , 0.0259941 , 0.0274354
2.956e-06 , 119.033 , 0.0396777 , 3e+21 , -1.73575 , 3.95619 , -2.02145 , 0.0259194 , 0.0259941 , 0.0274354
2.96e-06 , 119.033 , 0.0396777 , 3e+21 , -1.73575 , 3.95619 , -2.02145 , 0.0259194 , 0.0259941 , 0.0274354
2.964e-06 , 119.033 , 0.0396777 , 3e+21 , -1.73575 , 3.95619 , -2.02145 , 0.0259194 , 0.0259941 , 0.0274354
2.968e-06 , 119.033 , 0.0396777 , 3e+21 , -1.73575 , 3.95619 , -2.02145 , 0.0259194 , 0.0259941 , 0.0274354
2.972e-06 , 119.033 , 0.0396777 , 3e+21 , -1.73575 , 3.95619 , -2.02145 , 0.0259194 , 0.0259941 , 0.0274354
2.976e-06 , 119.033 , 0.0396777 , 3e+21 , -1.73575 , 3.95619 , -2.02145 , 0.0259194 , 0.0259941 , 0.0274354
2.98e-06 , 119.033 , 0.0396777 , 3e+21 , -1.73575 , 3.95619 , -2.02145 , 0.0259194 , 0.0259941 , 0.0274354
2.984e-06 , 119.033 , 0.0396777 , 3e+21 , -1.73575 , 3.95619 , -2.02145 , 0.0259194 , 0.0259941 , 0.0274354
2.988e-06 , 119.033 , 0.0396777 , 3e+21 , -1.73575 , 3.95619 , -2.02145 , 0.0259194 , 0.0259941 , 0.0274354
2.992e-06 , 119.033 , 0.0396777 , 3e+21 , -1.73575 , 3.95619 , -2.02145 , 0.0259194 , 0.0259941 , 0.0274354
2.996e-06 , 119.033 , 0.0396777 , 3e+21 , -1.73575 , 3.95619 , -2.02145 , 0.0259194 , 0.0259941 , 0.0274354
3e-06 , 119.033 , 0.0396777 , 3e+21 , -1.73575 , 3.95619 , -2.02145 , 0.0259194 , 0.0259941 , 0.0274354
3.004e-06 , 119.033 , 0.0396777 , 3e+21 , -1.73575 , 3.95619 , -2.02145 , 0.0259194 , 0.0259941 , 0.0274354
3.008e-06 , 119.033 , 0.0396777 , 3e+21 , -1.73575 , 3.95619 , -2.02145 , 0.0259194 , 0.0259941 , 0.0274354
3.012e-06 , 119.033 , 0.0396777 , 3e+21 , -1.73575 , 3.95619 , -2.02145 , 0.0259194 , 0.0259941 , 0.0274354
3.016e-06 , 119.033 , 0.0396777 , 3e+21 , -1.73575 , 3.95619 , -2.02145 , 0.0259194 , 0.0259941 , 0.0274354
3.02e-06 , 119.033 , 0.0396777 , 3e+21 , -1.73575 , 3.95619 , -2.02145 , 0.0259194 , 0.0259941 , 0.0274354
3.024e-06 , 119.033 , 0.0396777 , 3e+21 , -1.73575 , 3.95619 , -2.02145 , 0.0259194 , 0.0259941 , 0.0274354
3.028e-06 , 119.033 , 0.0396777 , 3e+21 , -1.73575 , 3.95619 , -2.02145 , 0.0259194 , 0.0259941 , 0.0274354
3.032e-06 , 119.033 , 0.0396777 , 3e+21 , -1.73575 , 3.95619 , -2.02145 , 0.0259194 , 0.0259941 , 0.0274354
3.036e-06 , 119.033 , 0.0396777 , 3e+21 , -1.73575 , 3.95619 , -2.02145 , 0.0259194 , 0.0259941 , 0.0274354
3.04e-06 , 119.033 , 0.0396777 , 3e+21 , -1.73575 , 3.95619 , -2.02145 , 0.0259194 , 0.0259941 , 0.0274354
3.044e-06 , 119.033 , 0.0396777 , 3e+21 , -1.73575 , 3.95619 , -2.02145 , 0.0259194 , 0.0259941 , 0.0274354
3.048e-06 , 119.033 , 0.0396777 , 3e+21 , -1.73575 , 3.95619 , -2.02145 , 0.0259194 , 0.0259941 , 0.0274354
3.052e-06 , 119.033 , 0.0396777 , 3e+21 , -1.73575 , 3.95619 , -2.02145 , 0.0259194 , 0.0259941 , 0.0274354
3.056e-06 , 119.033 , 0.0396777 , 3e+21 , -1.73575 , 3.95619 , -2.02145 , 0.0259194 , 0.0259941 , 0.0274354
3.06e-06 , 119.033 , 0.0396777 , 3e+21 , -1.73575 , 3.95619 , -2.02145 , 0.0259194 , 0.0259941 , 0.0274354
3.064e-06 , 119.033 , 0.0396777 , 3e+21 , -1.73575 , 3.95619 , -2.02145 , 0.0259194 , 0.0259941 , 0.0274354
3.068e-06 , 119.033 , 0.0396777 , 3e+21 , -1.73575 , 3.95619 , -2.02145 , 0.0259194 , 0.0259941 , 0.0274354
3.072e-06 , 119.033 , 0.0396777 , 3e+21 , -1.73575 , 3.95619 , -2.02145 , 0.0259194 , 0.0259941 , 0.0274354
3.076e-06 , 119.033 , 0.0396777 , 3e+21 , -1.73575 , 3.95619 , -2.02145 , 0.0259194 , 0.0259941 , 0.0274354
3.08e-06 , 119.033 , 0.0396777 , 3e+21 , -1.73575 , 3.95619 , -2.02145 , 0.0259194 , 0.0259941 , 0.0274354
3.084e-06 , 119.033 , 0.0396777 , 3e+21 , -1.73575 , 3.95619 , -2.02145 , 0.0259194 , 0.0259941 , 0.0274354
3.088e-06 , 119.033 , 0.0396777 , 3e+21 , -1.73575 , 3.95619 , -2.02145 , 0.0259194 , 0.0259941 , 0.0274354
3.092e-06 , 119.033 , 0.0396777 , 3e+21 , -1.73575 , 3.95619 , -2.02145 , 0.0259194 , 0.0259941 , 0.0274354
3.096e-06 , 119.033 , 0.0396777 , 3e+21 , -1.73575 , 3.95619 , -2.02145 , 0.0259194 , 0.0259941 , 0.0274354
3.1e-06 , 119.033 , 0.0396777 , 3e+21 , -1.73575 , 3.95619 , -2.02145 , 0.0259194 , 0.0259941 , 0.0274354
3.104e-06 , 119.033 , 0.0396777 , 3e+21 , -1.73575 , 3.95619 , -2.02145 , 0.0259194 , 0.0259941 , 0.0274354
3.108e-06 , 119.033 , 0.0396777 , 3e+21 , -1.73575 , 3.95619 , -2.02145 , 0.0259194 , 0.0259941 , 0.0274354
3.112e-06 , 119.033 , 0.0396777 , 3e+21 , -1.73575 , 3.95619 , -2.02145 , 0.0259194 , 0.0259941 , 0.0274354
3.116e-06 , 119.033 , 0.0396777 , 3e+21 , -1.73575 , 3.95619 , -2.02145 , 0.0259194 , 0.0259941 , 0.0274354
3.12e-06 , 119.033 , 0.0396777 , 3e+21 , -1.73575 , 3.95619 , -2.02145 , 0.0259194 , 0.0259941 , 0.0274354
3.124e-06 , 119.033 , 0.0396777 , 3e+21 , -1.73575 , 3.95619 , -2.02145 , 0.0259194 , 0.0259941 , 0.0274354
3.128e-06 , 119.033 , 0.0396777 , 3e+21 , -1.73575 , 3.95619 , -2.02145 , 0.0259194 , 0.0259941 , 0.0274354
3.132e-06 , 119.033 , 0.0396777 , 3e+21 , -1.73575 , 3.95619 , -2.02145 , 0.0259194 , 0.0259941 , 0.0274354
3.136e-06 , 119.033 , 0.0396777 , 3e+21 , -1.73575 , 3.95619 , -2.02145 , 0.0259194 , 0.0259941 , 0.0274354
3.14e-06 , 119.033 , 0.0396777 , 3e+21 , -1.73575 , 3.95619 , -2.02145 , 0.0259194 , 0.0259941 , 0.0274354
3.144e-06 , 119.033 , 0.0396777 , 3e+21 , -1.73575 , 3.95619 , -2.02145 , 0.0259194 , 0.0259941 , 0.0274354
3.148e-06 , 119.033 , 0.0396777 , 3e+21 , -1.73575 , 3.95619 , -2.02145 , 0.0259194 , 0.0259941 , 0.0274354
3.152e-06 , 119.033 , 0.0396777 , 3e+21 , -1.73575 , 3.95619 , -2.02145 , 0.0259194 , 0.0259941 , 0.0274354
3.156e-06 , 119.033 , 0.0396777 , 3e+21 , -1.73575 , 3.95619 , -2.02145 , 0.0259194 , 0.0259941 , 0.0274354
3.16e-06 , 119.033 , 0.0396777 , 3e+21 , -1.73575 , 3.95619 , -2.02145 , 0.0259194 , 0.0259941 , 0.0274354
3.164e-06 , 119.033 , 0.0396777 , 3e+21 , -1.73575 , 3.95619 , -2.02145 , 0.0259194 , 0.0259941 , 0.0274354
3.168e-06 , 119.033 , 0.0396777 , 3e+21 , -1.73575 , 3.95619 , -2.02145 , 0.0259194 , 0.0259941 , 0.0274354
3.172e-06 , 119.033 , 0.0396777 , 3e+21 , -1.73575 , 3.95619 , -2.02145 , 0.0259194 , 0.0259941 , 0.0274354
3.176e-06 , 119.033 , 0.0396777 , 3e+21 , -1.73575 , 3.95619 , -2.02145 , 0.0259194 , 0.0259941 , 0.0274354
3.18e-06 , 119.033 , 0.0396777 , 3e+21 , -1.73575 , 3.95619 , -2.02145 , 0.0259194 , 0.0259941 , 0.0274354
3.184e-06 , 119.033 , 0.0396777 , 3e+21 , -1.73575 , 3.95619 , -2.02145 , 0.0259194 , 0.0259941 , 0.0274354
3.188e-06 , 119.033 , 0.0396777 , 3e+21 , -1.73575 , 3.95619 , -2.02145 , 0.0259194 , 0.0259941 , 0.0274354
3.192e-06 , 119.033 , 0.0396777 , 3e+21 , -1.73575 , 3.95619 , -2.02145 , 0.0259194 , 0.0259941 , 0.0274354
3.196e-06 , 119.033 , 0.0396777 , 3e+21 , -1.73575 , 3.95619 , -2.02145 , 0.0259194 , 0.0259941 , 0.0274354
3.2e-06 , 119.033 , 0.0396777 , 3e+21 , -1.73575 , 3.95619 , -2.02145 , 0.0259194 , 0.0259941 , 0.0274354
