t , Ki , Mi , Ni , Vxi , Vyi , Vzi , Txi , Tyi , Tzi
0 , 233.11 , 0.0388516 , 6e+21 , -4.05615 , -2.25499 , 0.0427059 , 0.0259309 , 0.0259415 , 0.0258246
5e-09 , 233.11 , 0.0388516 , 6e+21 , -4.05615 , -2.25499 , 0.0427059 , 0.0259309 , 0.0259415 , 0.0258246
1e-08 , 233.11 , 0.0388516 , 6e+21 , -4.05615 , -2.25499 , 0.0427059 , 0.0259309 , 0.0259415 , 0.0258246
1.5e-08 , 233.11 , 0.0388516 , 6e+21 , -4.05615 , -2.25499 , 0.0427059 , 0.0259309 , 0.0259415 , 0.0258246
2e-08 , 233.11 , 0.0388516 , 6e+21 , -4.05615 , -2.25499 , 0.0427059 , 0.0259309 , 0.0259415 , 0.0258246
2.5e-08 , 233.11 , 0.0388516 , 6e+21 , -4.05615 , -2.25499 , 0.0427059 , 0.0259309 , 0.0259415 , 0.0258246
3e-08 , 233.11 , 0.0388516 , 6e+21 , -4.05615 , -2.25499 , 0.0427059 , 0.0259309 , 0.0259415 , 0.0258246
3.5e-08 , 233.11 , 0.0388516 , 6e+21 , -4.05615 , -2.25499 , 0.0427059 , 0.0259309 , 0.0259415 , 0.0258246
4e-08 , 233.11 , 0.0388516 , 6e+21 , -4.05615 , -2.25499 , 0.0427059 , 0.0259309 , 0.0259415 , 0.0258246
4.5e-08 , 233.11 , 0.0388516 , 6e+21 , -4.05615 , -2.25499 , 0.0427059 , 0.0259309 , 0.0259415 , 0.0258246
5e-08 , 233.11 , 0.0388516 , 6e+21 , -4.05615 , -2.25499 , 0.0427059 , 0.0259309 , 0.0259415 , 0.0258246
5.5e-08 , 233.11 , 0.0388516 , 6e+21 , -4.05615 , -2.25499 , 0.0427059 , 0.0259309 , 0.0259415 , 0.0258246
6e-08 , 233.11 , 0.0388516 , 6e+21 , -4.05615 , -2.25499 , 0.0427059 , 0.0259309 , 0.0259415 , 0.0258246
6.5e-08 , 233.11 , 0.0388516 , 6e+21 , -4.05615 , -2.25499 , 0.0427059 , 0.0259309 , 0.0259415 , 0.0258246
7e-08 , 233.11 , 0.0388516 , 6e+21 , -4.05615 , -2.25499 , 0.0427059 , 0.0259309 , 0.0259415 , 0.0258246
7.5e-08 , 233.11 , 0.0388516 , 6e+21 , -4.05615 , -2.25499 , 0.0427059 , 0.0259309 , 0.0259415 , 0.0258246
8e-08 , 233.11 , 0.0388516 , 6e+21 , -4.05615 , -2.25499 , 0.0427059 , 0.0259309 , 0.0259415 , 0.0258246
8.5e-08 , 233.11 , 0.0388516 , 6e+21 , -4.05615 , -2.25499 , 0.0427059 , 0.0259309 , 0.0259415 , 0.0258246
9e-08 , 233.11 , 0.0388516 , 6e+21 , -4.05615 , -2.25499 , 0.0427059 , 0.0259309 , 0.0259415 , 0.0258246
9.5e-08 , 233.11 , 0.0388516 , 6e+21 , -4.05615 , -2.25499 , 0.0427059 , 0.0259309 , 0.0259415 , 0.0258246
1e-07 , 233.11 , 0.0388516 , 6e+21 , -4.05615 , -2.25499 , 0.0427059 , 0.0259309 , 0.0259415 , 0.0258246
1.05e-07 , 233.11 , 0.0388516 , 6e+21 , -4.05615 , -2.25499 , 0.0427059 , 0.0259309 , 0.0259415 , 0.0258246
1.1e-07 , 233.11 , 0.0388516 , 6e+21 , -4.05615 , -2.25499 , 0.0427059 , 0.0259309 , 0.0259415 , 0.0258246
1.15e-07 , 233.11 , 0.0388516 , 6e+21 , -4.05615 , -2.25499 , 0.0427059 , 0.0259309 , 0.0259415 , 0.0258246
1.2e-07 , 233.11 , 0.0388516 , 6e+21 , -4.05615 , -2.25499 , 0.0427059 , 0.0259309 , 0.0259415 , 0.0258246
1.25e-07 , 233.11 , 0.0388516 , 6e+21 , -4.05615 , -2.25499 , 0.0427059 , 0.0259309 , 0.0259415 , 0.0258246
1.3e-07 , 233.11 , 0.0388516 , 6e+21 , -4.05615 , -2.25499 , 0.0427059 , 0.0259309 , 0.0259415 , 0.0258246
1.35e-07 , 233.11 , 0.0388516 , 6e+21 , -4.05615 , -2.25499 , 0.0427059 , 0.0259309 , 0.0259415 , 0.0258246
1.4e-07 , 233.11 , 0.0388516 , 6e+21 , -4.05615 , -2.25499 , 0.0427059 , 0.0259309 , 0.0259415 , 0.0258246
1.45e-07 , 233.11 , 0.0388516 , 6e+21 , -4.05615 , -2.25499 , 0.0427059 , 0.0259309 , 0.0259415 , 0.0258246
1.5e-07 , 233.11 , 0.0388516 , 6e+21 , -4.05615 , -2.25499 , 0.0427059 , 0.0259309 , 0.0259415 , 0.0258246
1.55e-07 , 233.11 , 0.0388516 , 6e+21 , -4.05615 , -2.25499 , 0.0427059 , 0.0259309 , 0.0259415 , 0.0258246
1.6e-07 , 233.11 , 0.0388516 , 6e+21 , -4.05615 , -2.25499 , 0.0427059 , 0.0259309 , 0.0259415 , 0.0258246
1.65e-07 , 233.11 , 0.0388516 , 6e+21 , -4.05615 , -2.25499 , 0.0427059 , 0.0259309 , 0.0259415 , 0.0258246
1.7e-07 , 233.11 , 0.0388516 , 6e+21 , -4.05615 , -2.25499 , 0.0427059 , 0.0259309 , 0.0259415 , 0.0258246
1.75e-07 , 233.11 , 0.0388516 , 6e+21 , -4.05615 , -2.25499 , 0.0427059 , 0.0259309 , 0.0259415 , 0.0258246
1.8e-07 , 233.11 , 0.0388516 , 6e+21 , -4.05615 , -2.25499 , 0.0427059 , 0.0259309 , 0.0259415 , 0.0258246
1.85e-07 , 233.11 , 0.0388516 , 6e+21 , -4.05615 , -2.25499 , 0.0427059 , 0.0259309 , 0.0259415 , 0.0258246
1.9e-07 , 233.11 , 0.0388516 , 6e+21 , -4.05615 , -2.25499 , 0.0427059 , 0.0259309 , 0.0259415 , 0.0258246
1.95e-07 , 233.11 , 0.0388516 , 6e+21 , -4.05615 , -2.25499 , 0.0427059 , 0.0259309 , 0.0259415 , 0.0258246
2e-07 , 233.11 , 0.0388516 , 6e+21 , -4.05615 , -2.25499 , 0.0427059 , 0.0259309 , 0.0259415 , 0.0258246
2.05e-07 , 233.11 , 0.0388516 , 6e+21 , -4.05615 , -2.25499 , 0.0427059 , 0.0259309 , 0.0259415 , 0.0258246
2.1e-07 , 233.11 , 0.0388516 , 6e+21 , -4.05615 , -2.25499 , 0.0427059 , 0.0259309 , 0.0259415 , 0.0258246
2.15e-07 , 233.11 , 0.0388516 , 6e+21 , -4.05615 , -2.25499 , 0.0427059 , 0.0259309 , 0.0259415 , 0.0258246
2.2e-07 , 233.11 , 0.0388516 , 6e+21 , -4.05615 , -2.25499 , 0.0427059 , 0.0259309 , 0.0259415 , 0.0258246
2.25e-07 , 233.11 , 0.0388516 , 6e+21 , -4.05615 , -2.25499 , 0.0427059 , 0.0259309 , 0.0259415 , 0.0258246
2.3e-07 , 233.11 , 0.0388516 , 6e+21 , -4.05615 , -2.25499 , 0.0427059 , 0.0259309 , 0.0259415 , 0.0258246
2.35e-07 , 233.11 , 0.0388516 , 6e+21 , -4.05615 , -2.25499 , 0.0427059 , 0.0259309 , 0.0259415 , 0.0258246
2.4e-07 , 233.11 , 0.0388516 , 6e+21 , -4.05615 , -2.25499 , 0.0427059 , 0.0259309 , 0.0259415 , 0.0258246
2.45e-07 , 233.11 , 0.0388516 , 6e+21 , -4.05615 , -2.25499 , 0.0427059 , 0.0259309 , 0.0259415 , 0.0258246
2.5e-07 , 233.11 , 0.0388516 , 6e+21 , -4.05615 , -2.25499 , 0.0427059 , 0.0259309 , 0.0259415 , 0.0258246
2.55e-07 , 233.11 , 0.0388516 , 6e+21 , -4.05615 , -2.25499 , 0.0427059 , 0.0259309 , 0.0259415 , 0.0258246
2.6e-07 , 233.11 , 0.0388516 , 6e+21 , -4.05615 , -2.25499 , 0.0427059 , 0.0259309 , 0.0259415 , 0.0258246
2.65e-07 , 233.11 , 0.0388516 , 6e+21 , -4.05615 , -2.25499 , 0.0427059 , 0.0259309 , 0.0259415 , 0.0258246
2.7e-07 , 233.11 , 0.0388516 , 6e+21 , -4.05615 , -2.25499 , 0.0427059 , 0.0259309 , 0.0259415 , 0.0258246
2.75e-07 , 233.11 , 0.0388516 , 6e+21 , -4.05615 , -2.25499 , 0.0427059 , 0.0259309 , 0.0259415 , 0.0258246
2.8e-07 , 233.11 , 0.0388516 , 6e+21 , -4.05615 , -2.25499 , 0.0427059 , 0.0259309 , 0.0259415 , 0.0258246
2.85e-07 , 233.11 , 0.0388516 , 6e+21 , -4.05615 , -2.25499 , 0.0427059 , 0.0259309 , 0.0259415 , 0.0258246
2.9e-07 , 233.11 , 0.0388516 , 6e+21 , -4.05615 , -2.25499 , 0.0427059 , 0.0259309 , 0.0259415 , 0.0258246
2.95e-07 , 233.11 , 0.0388516 , 6e+21 , -4.05615 , -2.25499 , 0.0427059 , 0.0259309 , 0.0259415 , 0.0258246
3e-07 , 233.11 , 0.0388516 , 6e+21 , -4.05615 , -2.25499 , 0.0427059 , 0.0259309 , 0.0259415 , 0.0258246
3.05e-07 , 233.11 , 0.0388516 , 6e+21 , -4.05615 , -2.25499 , 0.0427059 , 0.0259309 , 0.0259415 , 0.0258246
3.1e-07 , 233.11 , 0.0388516 , 6e+21 , -4.05615 , -2.25499 , 0.0427059 , 0.0259309 , 0.0259415 , 0.0258246
3.15e-07 , 233.11 , 0.0388516 , 6e+21 , -4.05615 , -2.25499 , 0.0427059 , 0.0259309 , 0.0259415 , 0.0258246
3.2e-07 , 233.11 , 0.0388516 , 6e+21 , -4.05615 , -2.25499 , 0.0427059 , 0.0259309 , 0.0259415 , 0.0258246
3.25e-07 , 233.11 , 0.0388516 , 6e+21 , -4.05615 , -2.25499 , 0.0427059 , 0.0259309 , 0.0259415 , 0.0258246
3.3e-07 , 233.11 , 0.0388516 , 6e+21 , -4.05615 , -2.25499 , 0.0427059 , 0.0259309 , 0.0259415 , 0.0258246
3.35e-07 , 233.11 , 0.0388516 , 6e+21 , -4.05615 , -2.25499 , 0.0427059 , 0.0259309 , 0.0259415 , 0.0258246
3.4e-07 , 233.11 , 0.0388516 , 6e+21 , -4.05615 , -2.25499 , 0.0427059 , 0.0259309 , 0.0259415 , 0.0258246
3.45e-07 , 233.11 , 0.0388516 , 6e+21 , -4.05615 , -2.25499 , 0.0427059 , 0.0259309 , 0.0259415 , 0.0258246
3.5e-07 , 233.11 , 0.0388516 , 6e+21 , -4.05615 , -2.25499 , 0.0427059 , 0.0259309 , 0.0259415 , 0.0258246
3.55e-07 , 233.11 , 0.0388516 , 6e+21 , -4.05615 , -2.25499 , 0.0427059 , 0.0259309 , 0.0259415 , 0.0258246
3.6e-07 , 233.11 , 0.0388516 , 6e+21 , -4.05615 , -2.25499 , 0.0427059 , 0.0259309 , 0.0259415 , 0.0258246
3.65e-07 , 233.11 , 0.0388516 , 6e+21 , -4.05615 , -2.25499 , 0.0427059 , 0.0259309 , 0.0259415 , 0.0258246
3.7e-07 , 233.11 , 0.0388516 , 6e+21 , -4.05615 , -2.25499 , 0.0427059 , 0.0259309 , 0.0259415 , 0.0258246
3.75e-07 , 233.11 , 0.0388516 , 6e+21 , -4.05615 , -2.25499 , 0.0427059 , 0.0259309 , 0.0259415 , 0.0258246
3.8e-07 , 233.11 , 0.0388516 , 6e+21 , -4.05615 , -2.25499 , 0.0427059 , 0.0259309 , 0.0259415 , 0.0258246
3.85e-07 , 233.11 , 0.0388516 , 6e+21 , -4.05615 , -2.25499 , 0.0427059 , 0.0259309 , 0.0259415 , 0.0258246
3.9e-07 , 233.11 , 0.0388516 , 6e+21 , -4.05615 , -2.25499 , 0.0427059 , 0.0259309 , 0.0259415 , 0.0258246
3.95e-07 , 233.11 , 0.0388516 , 6e+21 , -4.05615 , -2.25499 , 0.0427059 , 0.0259309 , 0.0259415 , 0.0258246
4e-07 , 233.11 , 0.0388516 , 6e+21 , -4.05615 , -2.25499 , 0.0427059 , 0.0259309 , 0.0259415 , 0.0258246
4.05e-07 , 233.11 , 0.0388516 , 6e+21 , -4.05615 , -2.25499 , 0.0427059 , 0.0259309 , 0.0259415 , 0.0258246
4.1e-07 , 233.11 , 0.0388516 , 6e+21 , -4.05615 , -2.25499 , 0.0427059 , 0.0259309 , 0.0259415 , 0.0258246
4.15e-07 , 233.11 , 0.0388516 , 6e+21 , -4.05615 , -2.25499 , 0.0427059 , 0.0259309 , 0.0259415 , 0.0258246
4.2e-07 , 233.11 , 0.0388516 , 6e+21 , -4.05615 , -2.25499 , 0.0427059 , 0.0259309 , 0.0259415 , 0.0258246
4.25e-07 , 233.11 , 0.0388516 , 6e+21 , -4.05615 , -2.25499 , 0.0427059 , 0.0259309 , 0.0259415 , 0.0258246
4.3e-07 , 233.11 , 0.0388516 , 6e+21 , -4.05615 , -2.25499 , 0.0427059 , 0.0259309 , 0.0259415 , 0.0258246
4.35e-07 , 233.11 , 0.0388516 , 6e+21 , -4.05615 , -2.25499 , 0.0427059 , 0.0259309 , 0.0259415 , 0.0258246
4.4e-07 , 233.11 , 0.0388516 , 6e+21 , -4.05615 , -2.25499 , 0.0427059 , 0.0259309 , 0.0259415 , 0.0258246
4.45e-07 , 233.11 , 0.0388516 , 6e+21 , -4.05615 , -2.25499 , 0.0427059 , 0.0259309 , 0.0259415 , 0.0258246
4.5e-07 , 233.11 , 0.0388516 , 6e+21 , -4.05615 , -2.25499 , 0.0427059 , 0.0259309 , 0.0259415 , 0.0258246
4.55e-07 , 233.11 , 0.0388516 , 6e+21 , -4.05615 , -2.25499 , 0.0427059 , 0.0259309 , 0.0259415 , 0.0258246
4.6e-07 , 233.11 , 0.0388516 , 6e+21 , -4.05615 , -2.25499 , 0.0427059 , 0.0259309 , 0.0259415 , 0.0258246
4.65e-07 , 233.11 , 0.0388516 , 6e+21 , -4.05615 , -2.25499 , 0.0427059 , 0.0259309 , 0.0259415 , 0.0258246
4.7e-07 , 233.11 , 0.0388516 , 6e+21 , -4.05615 , -2.25499 , 0.0427059 , 0.0259309 , 0.0259415 , 0.0258246
4.75e-07 , 233.11 , 0.0388516 , 6e+21 , -4.05615 , -2.25499 , 0.0427059 , 0.0259309 , 0.0259415 , 0.0258246
4.8e-07 , 233.11 , 0.0388516 , 6e+21 , -4.05615 , -2.25499 , 0.0427059 , 0.0259309 , 0.0259415 , 0.0258246
4.85e-07 , 233.11 , 0.0388516 , 6e+21 , -4.05615 , -2.25499 , 0.0427059 , 0.0259309 , 0.0259415 , 0.0258246
4.9e-07 , 233.11 , 0.0388516 , 6e+21 , -4.05615 , -2.25499 , 0.0427059 , 0.0259309 , 0.0259415 , 0.0258246
4.95e-07 , 233.11 , 0.0388516 , 6e+21 , -4.05615 , -2.25499 , 0.0427059 , 0.0259309 , 0.0259415 , 0.0258246
5e-07 , 233.11 , 0.0388516 , 6e+21 , -4.05615 , -2.25499 , 0.0427059 , 0.0259309 , 0.0259415 , 0.0258246
5.05e-07 , 233.11 , 0.0388516 , 6e+21 , -4.05615 , -2.25499 , 0.0427059 , 0.0259309 , 0.0259415 , 0.0258246
5.1e-07 , 233.11 , 0.0388516 , 6e+21 , -4.05615 , -2.25499 , 0.0427059 , 0.0259309 , 0.0259415 , 0.0258246
5.15e-07 , 233.11 , 0.0388516 , 6e+21 , -4.05615 , -2.25499 , 0.0427059 , 0.0259309 , 0.0259415 , 0.0258246
5.2e-07 , 233.11 , 0.0388516 , 6e+21 , -4.05615 , -2.25499 , 0.0427059 , 0.0259309 , 0.0259415 , 0.0258246
5.25e-07 , 233.11 , 0.0388516 , 6e+21 , -4.05615 , -2.25499 , 0.0427059 , 0.0259309 , 0.0259415 , 0.0258246
5.3e-07 , 233.11 , 0.0388516 , 6e+21 , -4.05615 , -2.25499 , 0.0427059 , 0.0259309 , 0.0259415 , 0.0258246
5.35e-07 , 233.11 , 0.0388516 , 6e+21 , -4.05615 , -2.25499 , 0.0427059 , 0.0259309 , 0.0259415 , 0.0258246
5.4e-07 , 233.11 , 0.0388516 , 6e+21 , -4.05615 , -2.25499 , 0.0427059 , 0.0259309 , 0.0259415 , 0.0258246
5.45e-07 , 233.11 , 0.0388516 , 6e+21 , -4.05615 , -2.25499 , 0.0427059 , 0.0259309 , 0.0259415 , 0.0258246
5.5e-07 , 233.11 , 0.0388516 , 6e+21 , -4.05615 , -2.25499 , 0.0427059 , 0.0259309 , 0.0259415 , 0.0258246
5.55e-07 , 233.11 , 0.0388516 , 6e+21 , -4.05615 , -2.25499 , 0.0427059 , 0.0259309 , 0.0259415 , 0.0258246
5.6e-07 , 233.11 , 0.0388516 , 6e+21 , -4.05615 , -2.25499 , 0.0427059 , 0.0259309 , 0.0259415 , 0.0258246
5.65e-07 , 233.11 , 0.0388516 , 6e+21 , -4.05615 , -2.25499 , 0.0427059 , 0.0259309 , 0.0259415 , 0.0258246
5.7e-07 , 233.11 , 0.0388516 , 6e+21 , -4.05615 , -2.25499 , 0.0427059 , 0.0259309 , 0.0259415 , 0.0258246
5.75e-07 , 233.11 , 0.0388516 , 6e+21 , -4.05615 , -2.25499 , 0.0427059 , 0.0259309 , 0.0259415 , 0.0258246
5.8e-07 , 233.11 , 0.0388516 , 6e+21 , -4.05615 , -2.25499 , 0.0427059 , 0.0259309 , 0.0259415 , 0.0258246
5.85e-07 , 233.11 , 0.0388516 , 6e+21 , -4.05615 , -2.25499 , 0.0427059 , 0.0259309 , 0.0259415 , 0.0258246
5.9e-07 , 233.11 , 0.0388516 , 6e+21 , -4.05615 , -2.25499 , 0.0427059 , 0.0259309 , 0.0259415 , 0.0258246
5.95e-07 , 233.11 , 0.0388516 , 6e+21 , -4.05615 , -2.25499 , 0.0427059 , 0.0259309 , 0.0259415 , 0.0258246
6e-07 , 233.11 , 0.0388516 , 6e+21 , -4.05615 , -2.25499 , 0.0427059 , 0.0259309 , 0.0259415 , 0.0258246
6.05e-07 , 233.11 , 0.0388516 , 6e+21 , -4.05615 , -2.25499 , 0.0427059 , 0.0259309 , 0.0259415 , 0.0258246
6.1e-07 , 233.11 , 0.0388516 , 6e+21 , -4.05615 , -2.25499 , 0.0427059 , 0.0259309 , 0.0259415 , 0.0258246
6.15e-07 , 233.11 , 0.0388516 , 6e+21 , -4.05615 , -2.25499 , 0.0427059 , 0.0259309 , 0.0259415 , 0.0258246
6.2e-07 , 233.11 , 0.0388516 , 6e+21 , -4.05615 , -2.25499 , 0.0427059 , 0.0259309 , 0.0259415 , 0.0258246
6.25e-07 , 233.11 , 0.0388516 , 6e+21 , -4.05615 , -2.25499 , 0.0427059 , 0.0259309 , 0.0259415 , 0.0258246
6.3e-07 , 233.11 , 0.0388516 , 6e+21 , -4.05615 , -2.25499 , 0.0427059 , 0.0259309 , 0.0259415 , 0.0258246
6.35e-07 , 233.11 , 0.0388516 , 6e+21 , -4.05615 , -2.25499 , 0.0427059 , 0.0259309 , 0.0259415 , 0.0258246
6.4e-07 , 233.11 , 0.0388516 , 6e+21 , -4.05615 , -2.25499 , 0.0427059 , 0.0259309 , 0.0259415 , 0.0258246
6.45e-07 , 233.11 , 0.0388516 , 6e+21 , -4.05615 , -2.25499 , 0.0427059 , 0.0259309 , 0.0259415 , 0.0258246
6.5e-07 , 233.11 , 0.0388516 , 6e+21 , -4.05615 , -2.25499 , 0.0427059 , 0.0259309 , 0.0259415 , 0.0258246
6.55e-07 , 233.11 , 0.0388516 , 6e+21 , -4.05615 , -2.25499 , 0.0427059 , 0.0259309 , 0.0259415 , 0.0258246
6.6e-07 , 233.11 , 0.0388516 , 6e+21 , -4.05615 , -2.25499 , 0.0427059 , 0.0259309 , 0.0259415 , 0.0258246
6.65e-07 , 233.11 , 0.0388516 , 6e+21 , -4.05615 , -2.25499 , 0.0427059 , 0.0259309 , 0.0259415 , 0.0258246
6.7e-07 , 233.11 , 0.0388516 , 6e+21 , -4.05615 , -2.25499 , 0.0427059 , 0.0259309 , 0.0259415 , 0.0258246
6.75e-07 , 233.11 , 0.0388516 , 6e+21 , -4.05615 , -2.25499 , 0.0427059 , 0.0259309 , 0.0259415 , 0.0258246
6.8e-07 , 233.11 , 0.0388516 , 6e+21 , -4.05615 , -2.25499 , 0.0427059 , 0.0259309 , 0.0259415 , 0.0258246
6.85e-07 , 233.11 , 0.0388516 , 6e+21 , -4.05615 , -2.25499 , 0.0427059 , 0.0259309 , 0.0259415 , 0.0258246
6.9e-07 , 233.11 , 0.0388516 , 6e+21 , -4.05615 , -2.25499 , 0.0427059 , 0.0259309 , 0.0259415 , 0.0258246
6.95e-07 , 233.11 , 0.0388516 , 6e+21 , -4.05615 , -2.25499 , 0.0427059 , 0.0259309 , 0.0259415 , 0.0258246
7e-07 , 233.11 , 0.0388516 , 6e+21 , -4.05615 , -2.25499 , 0.0427059 , 0.0259309 , 0.0259415 , 0.0258246
7.05e-07 , 233.11 , 0.0388516 , 6e+21 , -4.05615 , -2.25499 , 0.0427059 , 0.0259309 , 0.0259415 , 0.0258246
7.1e-07 , 233.11 , 0.0388516 , 6e+21 , -4.05615 , -2.25499 , 0.0427059 , 0.0259309 , 0.0259415 , 0.0258246
7.15e-07 , 233.11 , 0.0388516 , 6e+21 , -4.05615 , -2.25499 , 0.0427059 , 0.0259309 , 0.0259415 , 0.0258246
7.2e-07 , 233.11 , 0.0388516 , 6e+21 , -4.05615 , -2.25499 , 0.0427059 , 0.0259309 , 0.0259415 , 0.0258246
7.25e-07 , 233.11 , 0.0388516 , 6e+21 , -4.05615 , -2.25499 , 0.0427059 , 0.0259309 , 0.0259415 , 0.0258246
7.3e-07 , 233.11 , 0.0388516 , 6e+21 , -4.05615 , -2.25499 , 0.0427059 , 0.0259309 , 0.0259415 , 0.0258246
7.35e-07 , 233.11 , 0.0388516 , 6e+21 , -4.05615 , -2.25499 , 0.0427059 , 0.0259309 , 0.0259415 , 0.0258246
7.4e-07 , 233.11 , 0.0388516 , 6e+21 , -4.05615 , -2.25499 , 0.0427059 , 0.0259309 , 0.0259415 , 0.0258246
7.45e-07 , 233.11 , 0.0388516 , 6e+21 , -4.05615 , -2.25499 , 0.0427059 , 0.0259309 , 0.0259415 , 0.0258246
7.5e-07 , 233.11 , 0.0388516 , 6e+21 , -4.05615 , -2.25499 , 0.0427059 , 0.0259309 , 0.0259415 , 0.0258246
7.55e-07 , 233.11 , 0.0388516 , 6e+21 , -4.05615 , -2.25499 , 0.0427059 , 0.0259309 , 0.0259415 , 0.0258246
7.6e-07 , 233.11 , 0.0388516 , 6e+21 , -4.05615 , -2.25499 , 0.0427059 , 0.0259309 , 0.0259415 , 0.0258246
7.65e-07 , 233.11 , 0.0388516 , 6e+21 , -4.05615 , -2.25499 , 0.0427059 , 0.0259309 , 0.0259415 , 0.0258246
7.7e-07 , 233.11 , 0.0388516 , 6e+21 , -4.05615 , -2.25499 , 0.0427059 , 0.0259309 , 0.0259415 , 0.0258246
7.75e-07 , 233.11 , 0.0388516 , 6e+21 , -4.05615 , -2.25499 , 0.0427059 , 0.0259309 , 0.0259415 , 0.0258246
7.8e-07 , 233.11 , 0.0388516 , 6e+21 , -4.05615 , -2.25499 , 0.0427059 , 0.0259309 , 0.0259415 , 0.0258246
7.85e-07 , 233.11 , 0.0388516 , 6e+21 , -4.05615 , -2.25499 , 0.0427059 , 0.0259309 , 0.0259415 , 0.0258246
7.9e-07 , 233.11 , 0.0388516 , 6e+21 , -4.05615 , -2.25499 , 0.0427059 , 0.0259309 , 0.0259415 , 0.0258246
7.95e-07 , 233.11 , 0.0388516 , 6e+21 , -4.05615 , -2.25499 , 0.0427059 , 0.0259309 , 0.0259415 , 0.0258246
8e-07 , 233.11 , 0.0388516 , 6e+21 , -4.05615 , -2.25499 , 0.0427059 , 0.0259309 , 0.0259415 , 0.0258246
8.05e-07 , 233.11 , 0.0388516 , 6e+21 , -4.05615 , -2.25499 , 0.0427059 , 0.0259309 , 0.0259415 , 0.0258246
8.1e-07 , 233.11 , 0.0388516 , 6e+21 , -4.05615 , -2.25499 , 0.0427059 , 0.0259309 , 0.0259415 , 0.0258246
8.15e-07 , 233.11 , 0.0388516 , 6e+21 , -4.05615 , -2.25499 , 0.0427059 , 0.0259309 , 0.0259415 , 0.0258246
8.2e-07 , 233.11 , 0.0388516 , 6e+21 , -4.05615 , -2.25499 , 0.0427059 , 0.0259309 , 0.0259415 , 0.0258246
8.25e-07 , 233.11 , 0.0388516 , 6e+21 , -4.05615 , -2.25499 , 0.0427059 , 0.0259309 , 0.0259415 , 0.0258246
8.3e-07 , 233.11 , 0.0388516 , 6e+21 , -4.05615 , -2.25499 , 0.0427059 , 0.0259309 , 0.0259415 , 0.0258246
8.35e-07 , 233.11 , 0.0388516 , 6e+21 , -4.05615 , -2.25499 , 0.0427059 , 0.0259309 , 0.0259415 , 0.0258246
8.4e-07 , 233.11 , 0.0388516 , 6e+21 , -4.05615 , -2.25499 , 0.0427059 , 0.0259309 , 0.0259415 , 0.0258246
8.45e-07 , 233.11 , 0.0388516 , 6e+21 , -4.05615 , -2.25499 , 0.0427059 , 0.0259309 , 0.0259415 , 0.0258246
8.5e-07 , 233.11 , 0.0388516 , 6e+21 , -4.05615 , -2.25499 , 0.0427059 , 0.0259309 , 0.0259415 , 0.0258246
8.55e-07 , 233.11 , 0.0388516 , 6e+21 , -4.05615 , -2.25499 , 0.0427059 , 0.0259309 , 0.0259415 , 0.0258246
8.6e-07 , 233.11 , 0.0388516 , 6e+21 , -4.05615 , -2.25499 , 0.0427059 , 0.0259309 , 0.0259415 , 0.0258246
8.65e-07 , 233.11 , 0.0388516 , 6e+21 , -4.05615 , -2.25499 , 0.0427059 , 0.0259309 , 0.0259415 , 0.0258246
8.7e-07 , 233.11 , 0.0388516 , 6e+21 , -4.05615 , -2.25499 , 0.0427059 , 0.0259309 , 0.0259415 , 0.0258246
8.75e-07 , 233.11 , 0.0388516 , 6e+21 , -4.05615 , -2.25499 , 0.0427059 , 0.0259309 , 0.0259415 , 0.0258246
8.8e-07 , 233.11 , 0.0388516 , 6e+21 , -4.05615 , -2.25499 , 0.0427059 , 0.0259309 , 0.0259415 , 0.0258246
8.85e-07 , 233.11 , 0.0388516 , 6e+21 , -4.05615 , -2.25499 , 0.0427059 , 0.0259309 , 0.0259415 , 0.0258246
8.9e-07 , 233.11 , 0.0388516 , 6e+21 , -4.05615 , -2.25499 , 0.0427059 , 0.0259309 , 0.0259415 , 0.0258246
8.95e-07 , 233.11 , 0.0388516 , 6e+21 , -4.05615 , -2.25499 , 0.0427059 , 0.0259309 , 0.0259415 , 0.0258246
9e-07 , 233.11 , 0.0388516 , 6e+21 , -4.05615 , -2.25499 , 0.0427059 , 0.0259309 , 0.0259415 , 0.0258246
9.05e-07 , 233.11 , 0.0388516 , 6e+21 , -4.05615 , -2.25499 , 0.0427059 , 0.0259309 , 0.0259415 , 0.0258246
9.1e-07 , 233.11 , 0.0388516 , 6e+21 , -4.05615 , -2.25499 , 0.0427059 , 0.0259309 , 0.0259415 , 0.0258246
9.15e-07 , 233.11 , 0.0388516 , 6e+21 , -4.05615 , -2.25499 , 0.0427059 , 0.0259309 , 0.0259415 , 0.0258246
9.2e-07 , 233.11 , 0.0388516 , 6e+21 , -4.05615 , -2.25499 , 0.0427059 , 0.0259309 , 0.0259415 , 0.0258246
9.25e-07 , 233.11 , 0.0388516 , 6e+21 , -4.05615 , -2.25499 , 0.0427059 , 0.0259309 , 0.0259415 , 0.0258246
9.3e-07 , 233.11 , 0.0388516 , 6e+21 , -4.05615 , -2.25499 , 0.0427059 , 0.0259309 , 0.0259415 , 0.0258246
9.35e-07 , 233.11 , 0.0388516 , 6e+21 , -4.05615 , -2.25499 , 0.0427059 , 0.0259309 , 0.0259415 , 0.0258246
9.4e-07 , 233.11 , 0.0388516 , 6e+21 , -4.05615 , -2.25499 , 0.0427059 , 0.0259309 , 0.0259415 , 0.0258246
9.45e-07 , 233.11 , 0.0388516 , 6e+21 , -4.05615 , -2.25499 , 0.0427059 , 0.0259309 , 0.0259415 , 0.0258246
9.5e-07 , 233.11 , 0.0388516 , 6e+21 , -4.05615 , -2.25499 , 0.0427059 , 0.0259309 , 0.0259415 , 0.0258246
9.55e-07 , 233.11 , 0.0388516 , 6e+21 , -4.05615 , -2.25499 , 0.0427059 , 0.0259309 , 0.0259415 , 0.0258246
9.6e-07 , 233.11 , 0.0388516 , 6e+21 , -4.05615 , -2.25499 , 0.0427059 , 0.0259309 , 0.0259415 , 0.0258246
9.65e-07 , 233.11 , 0.0388516 , 6e+21 , -4.05615 , -2.25499 , 0.0427059 , 0.0259309 , 0.0259415 , 0.0258246
9.7e-07 , 233.11 , 0.0388516 , 6e+21 , -4.05615 , -2.25499 , 0.0427059 , 0.0259309 , 0.0259415 , 0.0258246
9.75e-07 , 233.11 , 0.0388516 , 6e+21 , -4.05615 , -2.25499 , 0.0427059 , 0.0259309 , 0.0259415 , 0.0258246
9.8e-07 , 233.11 , 0.0388516 , 6e+21 , -4.05615 , -2.25499 , 0.0427059 , 0.0259309 , 0.0259415 , 0.0258246
9.85e-07 , 233.11 , 0.0388516 , 6e+21 , -4.05615 , -2.25499 , 0.0427059 , 0.0259309 , 0.0259415 , 0.0258246
9.9e-07 , 233.11 , 0.0388516 , 6e+21 , -4.05615 , -2.25499 , 0.0427059 , 0.0259309 , 0.0259415 , 0.0258246
9.95e-07 , 233.11 , 0.0388516 , 6e+21 , -4.05615 , -2.25499 , 0.0427059 , 0.0259309 , 0.0259415 , 0.0258246
1e-06 , 233.11 , 0.0388516 , 6e+21 , -4.05615 , -2.25499 , 0.0427059 , 0.0259309 , 0.0259415 , 0.0258246
1.005e-06 , 233.11 , 0.0388516 , 6e+21 , -4.05615 , -2.25499 , 0.0427059 , 0.0259309 , 0.0259415 , 0.0258246
1.01e-06 , 233.11 , 0.0388516 , 6e+21 , -4.05615 , -2.25499 , 0.0427059 , 0.0259309 , 0.0259415 , 0.0258246
1.015e-06 , 233.11 , 0.0388516 , 6e+21 , -4.05615 , -2.25499 , 0.0427059 , 0.0259309 , 0.0259415 , 0.0258246
1.02e-06 , 233.11 , 0.0388516 , 6e+21 , -4.05615 , -2.25499 , 0.0427059 , 0.0259309 , 0.0259415 , 0.0258246
1.025e-06 , 233.11 , 0.0388516 , 6e+21 , -4.05615 , -2.25499 , 0.0427059 , 0.0259309 , 0.0259415 , 0.0258246
1.03e-06 , 233.11 , 0.0388516 , 6e+21 , -4.05615 , -2.25499 , 0.0427059 , 0.0259309 , 0.0259415 , 0.0258246
1.035e-06 , 233.11 , 0.0388516 , 6e+21 , -4.05615 , -2.25499 , 0.0427059 , 0.0259309 , 0.0259415 , 0.0258246
1.04e-06 , 233.11 , 0.0388516 , 6e+21 , -4.05615 , -2.25499 , 0.0427059 , 0.0259309 , 0.0259415 , 0.0258246
1.045e-06 , 233.11 , 0.0388516 , 6e+21 , -4.05615 , -2.25499 , 0.0427059 , 0.0259309 , 0.0259415 , 0.0258246
1.05e-06 , 233.11 , 0.0388516 , 6e+21 , -4.05615 , -2.25499 , 0.0427059 , 0.0259309 , 0.0259415 , 0.0258246
1.055e-06 , 233.11 , 0.0388516 , 6e+21 , -4.05615 , -2.25499 , 0.0427059 , 0.0259309 , 0.0259415 , 0.0258246
1.06e-06 , 233.11 , 0.0388516 , 6e+21 , -4.05615 , -2.25499 , 0.0427059 , 0.0259309 , 0.0259415 , 0.0258246
1.065e-06 , 233.11 , 0.0388516 , 6e+21 , -4.05615 , -2.25499 , 0.0427059 , 0.0259309 , 0.0259415 , 0.0258246
1.07e-06 , 233.11 , 0.0388516 , 6e+21 , -4.05615 , -2.25499 , 0.0427059 , 0.0259309 , 0.0259415 , 0.0258246
1.075e-06 , 233.11 , 0.0388516 , 6e+21 , -4.05615 , -2.25499 , 0.0427059 , 0.0259309 , 0.0259415 , 0.0258246
1.08e-06 , 233.11 , 0.0388516 , 6e+21 , -4.05615 , -2.25499 , 0.0427059 , 0.0259309 , 0.0259415 , 0.0258246
1.085e-06 , 233.11 , 0.0388516 , 6e+21 , -4.05615 , -2.25499 , 0.0427059 , 0.0259309 , 0.0259415 , 0.0258246
1.09e-06 , 233.11 , 0.0388516 , 6e+21 , -4.05615 , -2.25499 , 0.0427059 , 0.0259309 , 0.0259415 , 0.0258246
1.095e-06 , 233.11 , 0.0388516 , 6e+21 , -4.05615 , -2.25499 , 0.0427059 , 0.0259309 , 0.0259415 , 0.0258246
1.1e-06 , 233.11 , 0.0388516 , 6e+21 , -4.05615 , -2.25499 , 0.0427059 , 0.0259309 , 0.0259415 , 0.0258246
1.105e-06 , 233.11 , 0.0388516 , 6e+21 , -4.05615 , -2.25499 , 0.0427059 , 0.0259309 , 0.0259415 , 0.0258246
1.11e-06 , 233.11 , 0.0388516 , 6e+21 , -4.05615 , -2.25499 , 0.0427059 , 0.0259309 , 0.0259415 , 0.0258246
1.115e-06 , 233.11 , 0.0388516 , 6e+21 , -4.05615 , -2.25499 , 0.0427059 , 0.0259309 , 0.0259415 , 0.0258246
1.12e-06 , 233.11 , 0.0388516 , 6e+21 , -4.05615 , -2.25499 , 0.0427059 , 0.0259309 , 0.0259415 , 0.0258246
1.125e-06 , 233.11 , 0.0388516 , 6e+21 , -4.05615 , -2.25499 , 0.0427059 , 0.0259309 , 0.0259415 , 0.0258246
1.13e-06 , 233.11 , 0.0388516 , 6e+21 , -4.05615 , -2.25499 , 0.0427059 , 0.0259309 , 0.0259415 , 0.0258246
1.135e-06 , 233.11 , 0.0388516 , 6e+21 , -4.05615 , -2.25499 , 0.0427059 , 0.0259309 , 0.0259415 , 0.0258246
1.14e-06 , 233.11 , 0.0388516 , 6e+21 , -4.05615 , -2.25499 , 0.0427059 , 0.0259309 , 0.0259415 , 0.0258246
1.145e-06 , 233.11 , 0.0388516 , 6e+21 , -4.05615 , -2.25499 , 0.0427059 , 0.0259309 , 0.0259415 , 0.0258246
1.15e-06 , 233.11 , 0.0388516 , 6e+21 , -4.05615 , -2.25499 , 0.0427059 , 0.0259309 , 0.0259415 , 0.0258246
1.155e-06 , 233.11 , 0.0388516 , 6e+21 , -4.05615 , -2.25499 , 0.0427059 , 0.0259309 , 0.0259415 , 0.0258246
1.16e-06 , 233.11 , 0.0388516 , 6e+21 , -4.05615 , -2.25499 , 0.0427059 , 0.0259309 , 0.0259415 , 0.0258246
1.165e-06 , 233.11 , 0.0388516 , 6e+21 , -4.05615 , -2.25499 , 0.0427059 , 0.0259309 , 0.0259415 , 0.0258246
1.17e-06 , 233.11 , 0.0388516 , 6e+21 , -4.05615 , -2.25499 , 0.0427059 , 0.0259309 , 0.0259415 , 0.0258246
1.175e-06 , 233.11 , 0.0388516 , 6e+21 , -4.05615 , -2.25499 , 0.0427059 , 0.0259309 , 0.0259415 , 0.0258246
1.18e-06 , 233.11 , 0.0388516 , 6e+21 , -4.05615 , -2.25499 , 0.0427059 , 0.0259309 , 0.0259415 , 0.0258246
1.185e-06 , 233.11 , 0.0388516 , 6e+21 , -4.05615 , -2.25499 , 0.0427059 , 0.0259309 , 0.0259415 , 0.0258246
1.19e-06 , 233.11 , 0.0388516 , 6e+21 , -4.05615 , -2.25499 , 0.0427059 , 0.0259309 , 0.0259415 , 0.0258246
1.195e-06 , 233.11 , 0.0388516 , 6e+21 , -4.05615 , -2.25499 , 0.0427059 , 0.0259309 , 0.0259415 , 0.0258246
1.2e-06 , 233.11 , 0.0388516 , 6e+21 , -4.05615 , -2.25499 , 0.0427059 , 0.0259309 , 0.0259415 , 0.0258246
1.205e-06 , 233.11 , 0.0388516 , 6e+21 , -4.05615 , -2.25499 , 0.0427059 , 0.0259309 , 0.0259415 , 0.0258246
1.21e-06 , 233.11 , 0.0388516 , 6e+21 , -4.05615 , -2.25499 , 0.0427059 , 0.0259309 , 0.0259415 , 0.0258246
1.215e-06 , 233.11 , 0.0388516 , 6e+21 , -4.05615 , -2.25499 , 0.0427059 , 0.0259309 , 0.0259415 , 0.0258246
1.22e-06 , 233.11 , 0.0388516 , 6e+21 , -4.05615 , -2.25499 , 0.0427059 , 0.0259309 , 0.0259415 , 0.0258246
1.225e-06 , 233.11 , 0.0388516 , 6e+21 , -4.05615 , -2.25499 , 0.0427059 , 0.0259309 , 0.0259415 , 0.0258246
1.23e-06 , 233.11 , 0.0388516 , 6e+21 , -4.05615 , -2.25499 , 0.0427059 , 0.0259309 , 0.0259415 , 0.0258246
1.235e-06 , 233.11 , 0.0388516 , 6e+21 , -4.05615 , -2.25499 , 0.0427059 , 0.0259309 , 0.0259415 , 0.0258246
1.24e-06 , 233.11 , 0.0388516 , 6e+21 , -4.05615 , -2.25499 , 0.0427059 , 0.0259309 , 0.0259415 , 0.0258246
1.245e-06 , 233.11 , 0.0388516 , 6e+21 , -4.05615 , -2.25499 , 0.0427059 , 0.0259309 , 0.0259415 , 0.0258246
1.25e-06 , 233.11 , 0.0388516 , 6e+21 , -4.05615 , -2.25499 , 0.0427059 , 0.0259309 , 0.0259415 , 0.0258246
1.255e-06 , 233.11 , 0.0388516 , 6e+21 , -4.05615 , -2.25499 , 0.0427059 , 0.0259309 , 0.0259415 , 0.0258246
1.26e-06 , 233.11 , 0.0388516 , 6e+21 , -4.05615 , -2.25499 , 0.0427059 , 0.0259309 , 0.0259415 , 0.0258246
1.265e-06 , 233.11 , 0.0388516 , 6e+21 , -4.05615 , -2.25499 , 0.0427059 , 0.0259309 , 0.0259415 , 0.0258246
1.27e-06 , 233.11 , 0.0388516 , 6e+21 , -4.05615 , -2.25499 , 0.0427059 , 0.0259309 , 0.0259415 , 0.0258246
1.275e-06 , 233.11 , 0.0388516 , 6e+21 , -4.05615 , -2.25499 , 0.0427059 , 0.0259309 , 0.0259415 , 0.0258246
1.28e-06 , 233.11 , 0.0388516 , 6e+21 , -4.05615 , -2.25499 , 0.0427059 , 0.0259309 , 0.0259415 , 0.0258246
1.285e-06 , 233.11 , 0.0388516 , 6e+21 , -4.05615 , -2.25499 , 0.0427059 , 0.0259309 , 0.0259415 , 0.0258246
1.29e-06 , 233.11 , 0.0388516 , 6e+21 , -4.05615 , -2.25499 , 0.0427059 , 0.0259309 , 0.0259415 , 0.0258246
1.295e-06 , 233.11 , 0.0388516 , 6e+21 , -4.05615 , -2.25499 , 0.0427059 , 0.0259309 , 0.0259415 , 0.0258246
1.3e-06 , 233.11 , 0.0388516 , 6e+21 , -4.05615 , -2.25499 , 0.0427059 , 0.0259309 , 0.0259415 , 0.0258246
1.305e-06 , 233.11 , 0.0388516 , 6e+21 , -4.05615 , -2.25499 , 0.0427059 , 0.0259309 , 0.0259415 , 0.0258246
1.31e-06 , 233.11 , 0.0388516 , 6e+21 , -4.05615 , -2.25499 , 0.0427059 , 0.0259309 , 0.0259415 , 0.0258246
1.315e-06 , 233.11 , 0.0388516 , 6e+21 , -4.05615 , -2.25499 , 0.0427059 , 0.0259309 , 0.0259415 , 0.0258246
1.32e-06 , 233.11 , 0.0388516 , 6e+21 , -4.05615 , -2.25499 , 0.0427059 , 0.0259309 , 0.0259415 , 0.0258246
1.325e-06 , 233.11 , 0.0388516 , 6e+21 , -4.05615 , -2.25499 , 0.0427059 , 0.0259309 , 0.0259415 , 0.0258246
1.33e-06 , 233.11 , 0.0388516 , 6e+21 , -4.05615 , -2.25499 , 0.0427059 , 0.0259309 , 0.0259415 , 0.0258246
1.335e-06 , 233.11 , 0.0388516 , 6e+21 , -4.05615 , -2.25499 , 0.0427059 , 0.0259309 , 0.0259415 , 0.0258246
1.34e-06 , 233.11 , 0.0388516 , 6e+21 , -4.05615 , -2.25499 , 0.0427059 , 0.0259309 , 0.0259415 , 0.0258246
1.345e-06 , 233.11 , 0.0388516 , 6e+21 , -4.05615 , -2.25499 , 0.0427059 , 0.0259309 , 0.0259415 , 0.0258246
1.35e-06 , 233.11 , 0.0388516 , 6e+21 , -4.05615 , -2.25499 , 0.0427059 , 0.0259309 , 0.0259415 , 0.0258246
1.355e-06 , 233.11 , 0.0388516 , 6e+21 , -4.05615 , -2.25499 , 0.0427059 , 0.0259309 , 0.0259415 , 0.0258246
1.36e-06 , 233.11 , 0.0388516 , 6e+21 , -4.05615 , -2.25499 , 0.0427059 , 0.0259309 , 0.0259415 , 0.0258246
1.365e-06 , 233.11 , 0.0388516 , 6e+21 , -4.05615 , -2.25499 , 0.0427059 , 0.0259309 , 0.0259415 , 0.0258246
1.37e-06 , 233.11 , 0.0388516 , 6e+21 , -4.05615 , -2.25499 , 0.0427059 , 0.0259309 , 0.0259415 , 0.0258246
1.375e-06 , 233.11 , 0.0388516 , 6e+21 , -4.05615 , -2.25499 , 0.0427059 , 0.0259309 , 0.0259415 , 0.0258246
1.38e-06 , 233.11 , 0.0388516 , 6e+21 , -4.05615 , -2.25499 , 0.0427059 , 0.0259309 , 0.0259415 , 0.0258246
1.385e-06 , 233.11 , 0.0388516 , 6e+21 , -4.05615 , -2.25499 , 0.0427059 , 0.0259309 , 0.0259415 , 0.0258246
1.39e-06 , 233.11 , 0.0388516 , 6e+21 , -4.05615 , -2.25499 , 0.0427059 , 0.0259309 , 0.0259415 , 0.0258246
1.395e-06 , 233.11 , 0.0388516 , 6e+21 , -4.05615 , -2.25499 , 0.0427059 , 0.0259309 , 0.0259415 , 0.0258246
1.4e-06 , 233.11 , 0.0388516 , 6e+21 , -4.05615 , -2.25499 , 0.0427059 , 0.0259309 , 0.0259415 , 0.0258246
1.405e-06 , 233.11 , 0.0388516 , 6e+21 , -4.05615 , -2.25499 , 0.0427059 , 0.0259309 , 0.0259415 , 0.0258246
1.41e-06 , 233.11 , 0.0388516 , 6e+21 , -4.05615 , -2.25499 , 0.0427059 , 0.0259309 , 0.0259415 , 0.0258246
1.415e-06 , 233.11 , 0.0388516 , 6e+21 , -4.05615 , -2.25499 , 0.0427059 , 0.0259309 , 0.0259415 , 0.0258246
1.42e-06 , 233.11 , 0.0388516 , 6e+21 , -4.05615 , -2.25499 , 0.0427059 , 0.0259309 , 0.0259415 , 0.0258246
1.425e-06 , 233.11 , 0.0388516 , 6e+21 , -4.05615 , -2.25499 , 0.0427059 , 0.0259309 , 0.0259415 , 0.0258246
1.43e-06 , 233.11 , 0.0388516 , 6e+21 , -4.05615 , -2.25499 , 0.0427059 , 0.0259309 , 0.0259415 , 0.0258246
1.435e-06 , 233.11 , 0.0388516 , 6e+21 , -4.05615 , -2.25499 , 0.0427059 , 0.0259309 , 0.0259415 , 0.0258246
1.44e-06 , 233.11 , 0.0388516 , 6e+21 , -4.05615 , -2.25499 , 0.0427059 , 0.0259309 , 0.0259415 , 0.0258246
1.445e-06 , 233.11 , 0.0388516 , 6e+21 , -4.05615 , -2.25499 , 0.0427059 , 0.0259309 , 0.0259415 , 0.0258246
1.45e-06 , 233.11 , 0.0388516 , 6e+21 , -4.05615 , -2.25499 , 0.0427059 , 0.0259309 , 0.0259415 , 0.0258246
1.455e-06 , 233.11 , 0.0388516 , 6e+21 , -4.05615 , -2.25499 , 0.0427059 , 0.0259309 , 0.0259415 , 0.0258246
1.46e-06 , 233.11 , 0.0388516 , 6e+21 , -4.05615 , -2.25499 , 0.0427059 , 0.0259309 , 0.0259415 , 0.0258246
1.465e-06 , 233.11 , 0.0388516 , 6e+21 , -4.05615 , -2.25499 , 0.0427059 , 0.0259309 , 0.0259415 , 0.0258246
1.47e-06 , 233.11 , 0.0388516 , 6e+21 , -4.05615 , -2.25499 , 0.0427059 , 0.0259309 , 0.0259415 , 0.0258246
1.475e-06 , 233.11 , 0.0388516 , 6e+21 , -4.05615 , -2.25499 , 0.0427059 , 0.0259309 , 0.0259415 , 0.0258246
1.48e-06 , 233.11 , 0.0388516 , 6e+21 , -4.05615 , -2.25499 , 0.0427059 , 0.0259309 , 0.0259415 , 0.0258246
1.485e-06 , 233.11 , 0.0388516 , 6e+21 , -4.05615 , -2.25499 , 0.0427059 , 0.0259309 , 0.0259415 , 0.0258246
1.49e-06 , 233.11 , 0.0388516 , 6e+21 , -4.05615 , -2.25499 , 0.0427059 , 0.0259309 , 0.0259415 , 0.0258246
1.495e-06 , 233.11 , 0.0388516 , 6e+21 , -4.05615 , -2.25499 , 0.0427059 , 0.0259309 , 0.0259415 , 0.0258246
1.5e-06 , 233.11 , 0.0388516 , 6e+21 , -4.05615 , -2.25499 , 0.0427059 , 0.0259309 , 0.0259415 , 0.0258246
1.505e-06 , 233.11 , 0.0388516 , 6e+21 , -4.05615 , -2.25499 , 0.0427059 , 0.0259309 , 0.0259415 , 0.0258246
1.51e-06 , 233.11 , 0.0388516 , 6e+21 , -4.05615 , -2.25499 , 0.0427059 , 0.0259309 , 0.0259415 , 0.0258246
1.515e-06 , 233.11 , 0.0388516 , 6e+21 , -4.05615 , -2.25499 , 0.0427059 , 0.0259309 , 0.0259415 , 0.0258246
1.52e-06 , 233.11 , 0.0388516 , 6e+21 , -4.05615 , -2.25499 , 0.0427059 , 0.0259309 , 0.0259415 , 0.0258246
1.525e-06 , 233.11 , 0.0388516 , 6e+21 , -4.05615 , -2.25499 , 0.0427059 , 0.0259309 , 0.0259415 , 0.0258246
1.53e-06 , 233.11 , 0.0388516 , 6e+21 , -4.05615 , -2.25499 , 0.0427059 , 0.0259309 , 0.0259415 , 0.0258246
1.535e-06 , 233.11 , 0.0388516 , 6e+21 , -4.05615 , -2.25499 , 0.0427059 , 0.0259309 , 0.0259415 , 0.0258246
1.54e-06 , 233.11 , 0.0388516 , 6e+21 , -4.05615 , -2.25499 , 0.0427059 , 0.0259309 , 0.0259415 , 0.0258246
1.545e-06 , 233.11 , 0.0388516 , 6e+21 , -4.05615 , -2.25499 , 0.0427059 , 0.0259309 , 0.0259415 , 0.0258246
1.55e-06 , 233.11 , 0.0388516 , 6e+21 , -4.05615 , -2.25499 , 0.0427059 , 0.0259309 , 0.0259415 , 0.0258246
1.555e-06 , 233.11 , 0.0388516 , 6e+21 , -4.05615 , -2.25499 , 0.0427059 , 0.0259309 , 0.0259415 , 0.0258246
1.56e-06 , 233.11 , 0.0388516 , 6e+21 , -4.05615 , -2.25499 , 0.0427059 , 0.0259309 , 0.0259415 , 0.0258246
1.565e-06 , 233.11 , 0.0388516 , 6e+21 , -4.05615 , -2.25499 , 0.0427059 , 0.0259309 , 0.0259415 , 0.0258246
1.57e-06 , 233.11 , 0.0388516 , 6e+21 , -4.05615 , -2.25499 , 0.0427059 , 0.0259309 , 0.0259415 , 0.0258246
1.575e-06 , 233.11 , 0.0388516 , 6e+21 , -4.05615 , -2.25499 , 0.0427059 , 0.0259309 , 0.0259415 , 0.0258246
1.58e-06 , 233.11 , 0.0388516 , 6e+21 , -4.05615 , -2.25499 , 0.0427059 , 0.0259309 , 0.0259415 , 0.0258246
1.585e-06 , 233.11 , 0.0388516 , 6e+21 , -4.05615 , -2.25499 , 0.0427059 , 0.0259309 , 0.0259415 , 0.0258246
1.59e-06 , 233.11 , 0.0388516 , 6e+21 , -4.05615 , -2.25499 , 0.0427059 , 0.0259309 , 0.0259415 , 0.0258246
1.595e-06 , 233.11 , 0.0388516 , 6e+21 , -4.05615 , -2.25499 , 0.0427059 , 0.0259309 , 0.0259415 , 0.0258246
1.6e-06 , 233.11 , 0.0388516 , 6e+21 , -4.05615 , -2.25499 , 0.0427059 , 0.0259309 , 0.0259415 , 0.0258246
1.605e-06 , 233.11 , 0.0388516 , 6e+21 , -4.05615 , -2.25499 , 0.0427059 , 0.0259309 , 0.0259415 , 0.0258246
1.61e-06 , 233.11 , 0.0388516 , 6e+21 , -4.05615 , -2.25499 , 0.0427059 , 0.0259309 , 0.0259415 , 0.0258246
1.615e-06 , 233.11 , 0.0388516 , 6e+21 , -4.05615 , -2.25499 , 0.0427059 , 0.0259309 , 0.0259415 , 0.0258246
1.62e-06 , 233.11 , 0.0388516 , 6e+21 , -4.05615 , -2.25499 , 0.0427059 , 0.0259309 , 0.0259415 , 0.0258246
1.625e-06 , 233.11 , 0.0388516 , 6e+21 , -4.05615 , -2.25499 , 0.0427059 , 0.0259309 , 0.0259415 , 0.0258246
1.63e-06 , 233.11 , 0.0388516 , 6e+21 , -4.05615 , -2.25499 , 0.0427059 , 0.0259309 , 0.0259415 , 0.0258246
1.635e-06 , 233.11 , 0.0388516 , 6e+21 , -4.05615 , -2.25499 , 0.0427059 , 0.0259309 , 0.0259415 , 0.0258246
1.64e-06 , 233.11 , 0.0388516 , 6e+21 , -4.05615 , -2.25499 , 0.0427059 , 0.0259309 , 0.0259415 , 0.0258246
1.645e-06 , 233.11 , 0.0388516 , 6e+21 , -4.05615 , -2.25499 , 0.0427059 , 0.0259309 , 0.0259415 , 0.0258246
1.65e-06 , 233.11 , 0.0388516 , 6e+21 , -4.05615 , -2.25499 , 0.0427059 , 0.0259309 , 0.0259415 , 0.0258246
1.655e-06 , 233.11 , 0.0388516 , 6e+21 , -4.05615 , -2.25499 , 0.0427059 , 0.0259309 , 0.0259415 , 0.0258246
1.66e-06 , 233.11 , 0.0388516 , 6e+21 , -4.05615 , -2.25499 , 0.0427059 , 0.0259309 , 0.0259415 , 0.0258246
1.665e-06 , 233.11 , 0.0388516 , 6e+21 , -4.05615 , -2.25499 , 0.0427059 , 0.0259309 , 0.0259415 , 0.0258246
1.67e-06 , 233.11 , 0.0388516 , 6e+21 , -4.05615 , -2.25499 , 0.0427059 , 0.0259309 , 0.0259415 , 0.0258246
1.675e-06 , 233.11 , 0.0388516 , 6e+21 , -4.05615 , -2.25499 , 0.0427059 , 0.0259309 , 0.0259415 , 0.0258246
1.68e-06 , 233.11 , 0.0388516 , 6e+21 , -4.05615 , -2.25499 , 0.0427059 , 0.0259309 , 0.0259415 , 0.0258246
1.685e-06 , 233.11 , 0.0388516 , 6e+21 , -4.05615 , -2.25499 , 0.0427059 , 0.0259309 , 0.0259415 , 0.0258246
1.69e-06 , 233.11 , 0.0388516 , 6e+21 , -4.05615 , -2.25499 , 0.0427059 , 0.0259309 , 0.0259415 , 0.0258246
1.695e-06 , 233.11 , 0.0388516 , 6e+21 , -4.05615 , -2.25499 , 0.0427059 , 0.0259309 , 0.0259415 , 0.0258246
1.7e-06 , 233.11 , 0.0388516 , 6e+21 , -4.05615 , -2.25499 , 0.0427059 , 0.0259309 , 0.0259415 , 0.0258246
1.705e-06 , 233.11 , 0.0388516 , 6e+21 , -4.05615 , -2.25499 , 0.0427059 , 0.0259309 , 0.0259415 , 0.0258246
1.71e-06 , 233.11 , 0.0388516 , 6e+21 , -4.05615 , -2.25499 , 0.0427059 , 0.0259309 , 0.0259415 , 0.0258246
1.715e-06 , 233.11 , 0.0388516 , 6e+21 , -4.05615 , -2.25499 , 0.0427059 , 0.0259309 , 0.0259415 , 0.0258246
1.72e-06 , 233.11 , 0.0388516 , 6e+21 , -4.05615 , -2.25499 , 0.0427059 , 0.0259309 , 0.0259415 , 0.0258246
1.725e-06 , 233.11 , 0.0388516 , 6e+21 , -4.05615 , -2.25499 , 0.0427059 , 0.0259309 , 0.0259415 , 0.0258246
1.73e-06 , 233.11 , 0.0388516 , 6e+21 , -4.05615 , -2.25499 , 0.0427059 , 0.0259309 , 0.0259415 , 0.0258246
1.735e-06 , 233.11 , 0.0388516 , 6e+21 , -4.05615 , -2.25499 , 0.0427059 , 0.0259309 , 0.0259415 , 0.0258246
1.74e-06 , 233.11 , 0.0388516 , 6e+21 , -4.05615 , -2.25499 , 0.0427059 , 0.0259309 , 0.0259415 , 0.0258246
1.745e-06 , 233.11 , 0.0388516 , 6e+21 , -4.05615 , -2.25499 , 0.0427059 , 0.0259309 , 0.0259415 , 0.0258246
1.75e-06 , 233.11 , 0.0388516 , 6e+21 , -4.05615 , -2.25499 , 0.0427059 , 0.0259309 , 0.0259415 , 0.0258246
1.755e-06 , 233.11 , 0.0388516 , 6e+21 , -4.05615 , -2.25499 , 0.0427059 , 0.0259309 , 0.0259415 , 0.0258246
1.76e-06 , 233.11 , 0.0388516 , 6e+21 , -4.05615 , -2.25499 , 0.0427059 , 0.0259309 , 0.0259415 , 0.0258246
1.765e-06 , 233.11 , 0.0388516 , 6e+21 , -4.05615 , -2.25499 , 0.0427059 , 0.0259309 , 0.0259415 , 0.0258246
1.77e-06 , 233.11 , 0.0388516 , 6e+21 , -4.05615 , -2.25499 , 0.0427059 , 0.0259309 , 0.0259415 , 0.0258246
1.775e-06 , 233.11 , 0.0388516 , 6e+21 , -4.05615 , -2.25499 , 0.0427059 , 0.0259309 , 0.0259415 , 0.0258246
1.78e-06 , 233.11 , 0.0388516 , 6e+21 , -4.05615 , -2.25499 , 0.0427059 , 0.0259309 , 0.0259415 , 0.0258246
1.785e-06 , 233.11 , 0.0388516 , 6e+21 , -4.05615 , -2.25499 , 0.0427059 , 0.0259309 , 0.0259415 , 0.0258246
1.79e-06 , 233.11 , 0.0388516 , 6e+21 , -4.05615 , -2.25499 , 0.0427059 , 0.0259309 , 0.0259415 , 0.0258246
1.795e-06 , 233.11 , 0.0388516 , 6e+21 , -4.05615 , -2.25499 , 0.0427059 , 0.0259309 , 0.0259415 , 0.0258246
1.8e-06 , 233.11 , 0.0388516 , 6e+21 , -4.05615 , -2.25499 , 0.0427059 , 0.0259309 , 0.0259415 , 0.0258246
1.805e-06 , 233.11 , 0.0388516 , 6e+21 , -4.05615 , -2.25499 , 0.0427059 , 0.0259309 , 0.0259415 , 0.0258246
1.81e-06 , 233.11 , 0.0388516 , 6e+21 , -4.05615 , -2.25499 , 0.0427059 , 0.0259309 , 0.0259415 , 0.0258246
1.815e-06 , 233.11 , 0.0388516 , 6e+21 , -4.05615 , -2.25499 , 0.0427059 , 0.0259309 , 0.0259415 , 0.0258246
1.82e-06 , 233.11 , 0.0388516 , 6e+21 , -4.05615 , -2.25499 , 0.0427059 , 0.0259309 , 0.0259415 , 0.0258246
1.825e-06 , 233.11 , 0.0388516 , 6e+21 , -4.05615 , -2.25499 , 0.0427059 , 0.0259309 , 0.0259415 , 0.0258246
1.83e-06 , 233.11 , 0.0388516 , 6e+21 , -4.05615 , -2.25499 , 0.0427059 , 0.0259309 , 0.0259415 , 0.0258246
1.835e-06 , 233.11 , 0.0388516 , 6e+21 , -4.05615 , -2.25499 , 0.0427059 , 0.0259309 , 0.0259415 , 0.0258246
1.84e-06 , 233.11 , 0.0388516 , 6e+21 , -4.05615 , -2.25499 , 0.0427059 , 0.0259309 , 0.0259415 , 0.0258246
1.845e-06 , 233.11 , 0.0388516 , 6e+21 , -4.05615 , -2.25499 , 0.0427059 , 0.0259309 , 0.0259415 , 0.0258246
1.85e-06 , 233.11 , 0.0388516 , 6e+21 , -4.05615 , -2.25499 , 0.0427059 , 0.0259309 , 0.0259415 , 0.0258246
1.855e-06 , 233.11 , 0.0388516 , 6e+21 , -4.05615 , -2.25499 , 0.0427059 , 0.0259309 , 0.0259415 , 0.0258246
1.86e-06 , 233.11 , 0.0388516 , 6e+21 , -4.05615 , -2.25499 , 0.0427059 , 0.0259309 , 0.0259415 , 0.0258246
1.865e-06 , 233.11 , 0.0388516 , 6e+21 , -4.05615 , -2.25499 , 0.0427059 , 0.0259309 , 0.0259415 , 0.0258246
1.87e-06 , 233.11 , 0.0388516 , 6e+21 , -4.05615 , -2.25499 , 0.0427059 , 0.0259309 , 0.0259415 , 0.0258246
1.875e-06 , 233.11 , 0.0388516 , 6e+21 , -4.05615 , -2.25499 , 0.0427059 , 0.0259309 , 0.0259415 , 0.0258246
1.88e-06 , 233.11 , 0.0388516 , 6e+21 , -4.05615 , -2.25499 , 0.0427059 , 0.0259309 , 0.0259415 , 0.0258246
1.885e-06 , 233.11 , 0.0388516 , 6e+21 , -4.05615 , -2.25499 , 0.0427059 , 0.0259309 , 0.0259415 , 0.0258246
1.89e-06 , 233.11 , 0.0388516 , 6e+21 , -4.05615 , -2.25499 , 0.0427059 , 0.0259309 , 0.0259415 , 0.0258246
1.895e-06 , 233.11 , 0.0388516 , 6e+21 , -4.05615 , -2.25499 , 0.0427059 , 0.0259309 , 0.0259415 , 0.0258246
1.9e-06 , 233.11 , 0.0388516 , 6e+21 , -4.05615 , -2.25499 , 0.0427059 , 0.0259309 , 0.0259415 , 0.0258246
1.905e-06 , 233.11 , 0.0388516 , 6e+21 , -4.05615 , -2.25499 , 0.0427059 , 0.0259309 , 0.0259415 , 0.0258246
1.91e-06 , 233.11 , 0.0388516 , 6e+21 , -4.05615 , -2.25499 , 0.0427059 , 0.0259309 , 0.0259415 , 0.0258246
1.915e-06 , 233.11 , 0.0388516 , 6e+21 , -4.05615 , -2.25499 , 0.0427059 , 0.0259309 , 0.0259415 , 0.0258246
1.92e-06 , 233.11 , 0.0388516 , 6e+21 , -4.05615 , -2.25499 , 0.0427059 , 0.0259309 , 0.0259415 , 0.0258246
1.925e-06 , 233.11 , 0.0388516 , 6e+21 , -4.05615 , -2.25499 , 0.0427059 , 0.0259309 , 0.0259415 , 0.0258246
1.93e-06 , 233.11 , 0.0388516 , 6e+21 , -4.05615 , -2.25499 , 0.0427059 , 0.0259309 , 0.0259415 , 0.0258246
1.935e-06 , 233.11 , 0.0388516 , 6e+21 , -4.05615 , -2.25499 , 0.0427059 , 0.0259309 , 0.0259415 , 0.0258246
1.94e-06 , 233.11 , 0.0388516 , 6e+21 , -4.05615 , -2.25499 , 0.0427059 , 0.0259309 , 0.0259415 , 0.0258246
1.945e-06 , 233.11 , 0.0388516 , 6e+21 , -4.05615 , -2.25499 , 0.0427059 , 0.0259309 , 0.0259415 , 0.0258246
1.95e-06 , 233.11 , 0.0388516 , 6e+21 , -4.05615 , -2.25499 , 0.0427059 , 0.0259309 , 0.0259415 , 0.0258246
1.955e-06 , 233.11 , 0.0388516 , 6e+21 , -4.05615 , -2.25499 , 0.0427059 , 0.0259309 , 0.0259415 , 0.0258246
1.96e-06 , 233.11 , 0.0388516 , 6e+21 , -4.05615 , -2.25499 , 0.0427059 , 0.0259309 , 0.0259415 , 0.0258246
1.965e-06 , 233.11 , 0.0388516 , 6e+21 , -4.05615 , -2.25499 , 0.0427059 , 0.0259309 , 0.0259415 , 0.0258246
1.97e-06 , 233.11 , 0.0388516 , 6e+21 , -4.05615 , -2.25499 , 0.0427059 , 0.0259309 , 0.0259415 , 0.0258246
1.975e-06 , 233.11 , 0.0388516 , 6e+21 , -4.05615 , -2.25499 , 0.0427059 , 0.0259309 , 0.0259415 , 0.0258246
1.98e-06 , 233.11 , 0.0388516 , 6e+21 , -4.05615 , -2.25499 , 0.0427059 , 0.0259309 , 0.0259415 , 0.0258246
1.985e-06 , 233.11 , 0.0388516 , 6e+21 , -4.05615 , -2.25499 , 0.0427059 , 0.0259309 , 0.0259415 , 0.0258246
1.99e-06 , 233.11 , 0.0388516 , 6e+21 , -4.05615 , -2.25499 , 0.0427059 , 0.0259309 , 0.0259415 , 0.0258246
1.995e-06 , 233.11 , 0.0388516 , 6e+21 , -4.05615 , -2.25499 , 0.0427059 , 0.0259309 , 0.0259415 , 0.0258246
2e-06 , 233.11 , 0.0388516 , 6e+21 , -4.05615 , -2.25499 , 0.0427059 , 0.0259309 , 0.0259415 , 0.0258246
2.005e-06 , 233.11 , 0.0388516 , 6e+21 , -4.05615 , -2.25499 , 0.0427059 , 0.0259309 , 0.0259415 , 0.0258246
2.01e-06 , 233.11 , 0.0388516 , 6e+21 , -4.05615 , -2.25499 , 0.0427059 , 0.0259309 , 0.0259415 , 0.0258246
2.015e-06 , 233.11 , 0.0388516 , 6e+21 , -4.05615 , -2.25499 , 0.0427059 , 0.0259309 , 0.0259415 , 0.0258246
2.02e-06 , 233.11 , 0.0388516 , 6e+21 , -4.05615 , -2.25499 , 0.0427059 , 0.0259309 , 0.0259415 , 0.0258246
2.025e-06 , 233.11 , 0.0388516 , 6e+21 , -4.05615 , -2.25499 , 0.0427059 , 0.0259309 , 0.0259415 , 0.0258246
2.03e-06 , 233.11 , 0.0388516 , 6e+21 , -4.05615 , -2.25499 , 0.0427059 , 0.0259309 , 0.0259415 , 0.0258246
2.035e-06 , 233.11 , 0.0388516 , 6e+21 , -4.05615 , -2.25499 , 0.0427059 , 0.0259309 , 0.0259415 , 0.0258246
2.04e-06 , 233.11 , 0.0388516 , 6e+21 , -4.05615 , -2.25499 , 0.0427059 , 0.0259309 , 0.0259415 , 0.0258246
2.045e-06 , 233.11 , 0.0388516 , 6e+21 , -4.05615 , -2.25499 , 0.0427059 , 0.0259309 , 0.0259415 , 0.0258246
2.05e-06 , 233.11 , 0.0388516 , 6e+21 , -4.05615 , -2.25499 , 0.0427059 , 0.0259309 , 0.0259415 , 0.0258246
2.055e-06 , 233.11 , 0.0388516 , 6e+21 , -4.05615 , -2.25499 , 0.0427059 , 0.0259309 , 0.0259415 , 0.0258246
2.06e-06 , 233.11 , 0.0388516 , 6e+21 , -4.05615 , -2.25499 , 0.0427059 , 0.0259309 , 0.0259415 , 0.0258246
2.065e-06 , 233.11 , 0.0388516 , 6e+21 , -4.05615 , -2.25499 , 0.0427059 , 0.0259309 , 0.0259415 , 0.0258246
2.07e-06 , 233.11 , 0.0388516 , 6e+21 , -4.05615 , -2.25499 , 0.0427059 , 0.0259309 , 0.0259415 , 0.0258246
2.075e-06 , 233.11 , 0.0388516 , 6e+21 , -4.05615 , -2.25499 , 0.0427059 , 0.0259309 , 0.0259415 , 0.0258246
2.08e-06 , 233.11 , 0.0388516 , 6e+21 , -4.05615 , -2.25499 , 0.0427059 , 0.0259309 , 0.0259415 , 0.0258246
2.085e-06 , 233.11 , 0.0388516 , 6e+21 , -4.05615 , -2.25499 , 0.0427059 , 0.0259309 , 0.0259415 , 0.0258246
2.09e-06 , 233.11 , 0.0388516 , 6e+21 , -4.05615 , -2.25499 , 0.0427059 , 0.0259309 , 0.0259415 , 0.0258246
2.095e-06 , 233.11 , 0.0388516 , 6e+21 , -4.05615 , -2.25499 , 0.0427059 , 0.0259309 , 0.0259415 , 0.0258246
2.1e-06 , 233.11 , 0.0388516 , 6e+21 , -4.05615 , -2.25499 , 0.0427059 , 0.0259309 , 0.0259415 , 0.0258246
2.105e-06 , 233.11 , 0.0388516 , 6e+21 , -4.05615 , -2.25499 , 0.0427059 , 0.0259309 , 0.0259415 , 0.0258246
2.11e-06 , 233.11 , 0.0388516 , 6e+21 , -4.05615 , -2.25499 , 0.0427059 , 0.0259309 , 0.0259415 , 0.0258246
2.115e-06 , 233.11 , 0.0388516 , 6e+21 , -4.05615 , -2.25499 , 0.0427059 , 0.0259309 , 0.0259415 , 0.0258246
2.12e-06 , 233.11 , 0.0388516 , 6e+21 , -4.05615 , -2.25499 , 0.0427059 , 0.0259309 , 0.0259415 , 0.0258246
2.125e-06 , 233.11 , 0.0388516 , 6e+21 , -4.05615 , -2.25499 , 0.0427059 , 0.0259309 , 0.0259415 , 0.0258246
2.13e-06 , 233.11 , 0.0388516 , 6e+21 , -4.05615 , -2.25499 , 0.0427059 , 0.0259309 , 0.0259415 , 0.0258246
2.135e-06 , 233.11 , 0.0388516 , 6e+21 , -4.05615 , -2.25499 , 0.0427059 , 0.0259309 , 0.0259415 , 0.0258246
2.14e-06 , 233.11 , 0.0388516 , 6e+21 , -4.05615 , -2.25499 , 0.0427059 , 0.0259309 , 0.0259415 , 0.0258246
2.145e-06 , 233.11 , 0.0388516 , 6e+21 , -4.05615 , -2.25499 , 0.0427059 , 0.0259309 , 0.0259415 , 0.0258246
2.15e-06 , 233.11 , 0.0388516 , 6e+21 , -4.05615 , -2.25499 , 0.0427059 , 0.0259309 , 0.0259415 , 0.0258246
2.155e-06 , 233.11 , 0.0388516 , 6e+21 , -4.05615 , -2.25499 , 0.0427059 , 0.0259309 , 0.0259415 , 0.0258246
2.16e-06 , 233.11 , 0.0388516 , 6e+21 , -4.05615 , -2.25499 , 0.0427059 , 0.0259309 , 0.0259415 , 0.0258246
2.165e-06 , 233.11 , 0.0388516 , 6e+21 , -4.05615 , -2.25499 , 0.0427059 , 0.0259309 , 0.0259415 , 0.0258246
2.17e-06 , 233.11 , 0.0388516 , 6e+21 , -4.05615 , -2.25499 , 0.0427059 , 0.0259309 , 0.0259415 , 0.0258246
2.175e-06 , 233.11 , 0.0388516 , 6e+21 , -4.05615 , -2.25499 , 0.0427059 , 0.0259309 , 0.0259415 , 0.0258246
2.18e-06 , 233.11 , 0.0388516 , 6e+21 , -4.05615 , -2.25499 , 0.0427059 , 0.0259309 , 0.0259415 , 0.0258246
2.185e-06 , 233.11 , 0.0388516 , 6e+21 , -4.05615 , -2.25499 , 0.0427059 , 0.0259309 , 0.0259415 , 0.0258246
2.19e-06 , 233.11 , 0.0388516 , 6e+21 , -4.05615 , -2.25499 , 0.0427059 , 0.0259309 , 0.0259415 , 0.0258246
2.195e-06 , 233.11 , 0.0388516 , 6e+21 , -4.05615 , -2.25499 , 0.0427059 , 0.0259309 , 0.0259415 , 0.0258246
2.2e-06 , 233.11 , 0.0388516 , 6e+21 , -4.05615 , -2.25499 , 0.0427059 , 0.0259309 , 0.0259415 , 0.0258246
2.205e-06 , 233.11 , 0.0388516 , 6e+21 , -4.05615 , -2.25499 , 0.0427059 , 0.0259309 , 0.0259415 , 0.0258246
2.21e-06 , 233.11 , 0.0388516 , 6e+21 , -4.05615 , -2.25499 , 0.0427059 , 0.0259309 , 0.0259415 , 0.0258246
2.215e-06 , 233.11 , 0.0388516 , 6e+21 , -4.05615 , -2.25499 , 0.0427059 , 0.0259309 , 0.0259415 , 0.0258246
2.22e-06 , 233.11 , 0.0388516 , 6e+21 , -4.05615 , -2.25499 , 0.0427059 , 0.0259309 , 0.0259415 , 0.0258246
2.225e-06 , 233.11 , 0.0388516 , 6e+21 , -4.05615 , -2.25499 , 0.0427059 , 0.0259309 , 0.0259415 , 0.0258246
2.23e-06 , 233.11 , 0.0388516 , 6e+21 , -4.05615 , -2.25499 , 0.0427059 , 0.0259309 , 0.0259415 , 0.0258246
2.235e-06 , 233.11 , 0.0388516 , 6e+21 , -4.05615 , -2.25499 , 0.0427059 , 0.0259309 , 0.0259415 , 0.0258246
2.24e-06 , 233.11 , 0.0388516 , 6e+21 , -4.05615 , -2.25499 , 0.0427059 , 0.0259309 , 0.0259415 , 0.0258246
2.245e-06 , 233.11 , 0.0388516 , 6e+21 , -4.05615 , -2.25499 , 0.0427059 , 0.0259309 , 0.0259415 , 0.0258246
2.25e-06 , 233.11 , 0.0388516 , 6e+21 , -4.05615 , -2.25499 , 0.0427059 , 0.0259309 , 0.0259415 , 0.0258246
2.255e-06 , 233.11 , 0.0388516 , 6e+21 , -4.05615 , -2.25499 , 0.0427059 , 0.0259309 , 0.0259415 , 0.0258246
2.26e-06 , 233.11 , 0.0388516 , 6e+21 , -4.05615 , -2.25499 , 0.0427059 , 0.0259309 , 0.0259415 , 0.0258246
2.265e-06 , 233.11 , 0.0388516 , 6e+21 , -4.05615 , -2.25499 , 0.0427059 , 0.0259309 , 0.0259415 , 0.0258246
2.27e-06 , 233.11 , 0.0388516 , 6e+21 , -4.05615 , -2.25499 , 0.0427059 , 0.0259309 , 0.0259415 , 0.0258246
2.275e-06 , 233.11 , 0.0388516 , 6e+21 , -4.05615 , -2.25499 , 0.0427059 , 0.0259309 , 0.0259415 , 0.0258246
2.28e-06 , 233.11 , 0.0388516 , 6e+21 , -4.05615 , -2.25499 , 0.0427059 , 0.0259309 , 0.0259415 , 0.0258246
2.285e-06 , 233.11 , 0.0388516 , 6e+21 , -4.05615 , -2.25499 , 0.0427059 , 0.0259309 , 0.0259415 , 0.0258246
2.29e-06 , 233.11 , 0.0388516 , 6e+21 , -4.05615 , -2.25499 , 0.0427059 , 0.0259309 , 0.0259415 , 0.0258246
2.295e-06 , 233.11 , 0.0388516 , 6e+21 , -4.05615 , -2.25499 , 0.0427059 , 0.0259309 , 0.0259415 , 0.0258246
2.3e-06 , 233.11 , 0.0388516 , 6e+21 , -4.05615 , -2.25499 , 0.0427059 , 0.0259309 , 0.0259415 , 0.0258246
2.305e-06 , 233.11 , 0.0388516 , 6e+21 , -4.05615 , -2.25499 , 0.0427059 , 0.0259309 , 0.0259415 , 0.0258246
2.31e-06 , 233.11 , 0.0388516 , 6e+21 , -4.05615 , -2.25499 , 0.0427059 , 0.0259309 , 0.0259415 , 0.0258246
2.315e-06 , 233.11 , 0.0388516 , 6e+21 , -4.05615 , -2.25499 , 0.0427059 , 0.0259309 , 0.0259415 , 0.0258246
2.32e-06 , 233.11 , 0.0388516 , 6e+21 , -4.05615 , -2.25499 , 0.0427059 , 0.0259309 , 0.0259415 , 0.0258246
2.325e-06 , 233.11 , 0.0388516 , 6e+21 , -4.05615 , -2.25499 , 0.0427059 , 0.0259309 , 0.0259415 , 0.0258246
2.33e-06 , 233.11 , 0.0388516 , 6e+21 , -4.05615 , -2.25499 , 0.0427059 , 0.0259309 , 0.0259415 , 0.0258246
2.335e-06 , 233.11 , 0.0388516 , 6e+21 , -4.05615 , -2.25499 , 0.0427059 , 0.0259309 , 0.0259415 , 0.0258246
2.34e-06 , 233.11 , 0.0388516 , 6e+21 , -4.05615 , -2.25499 , 0.0427059 , 0.0259309 , 0.0259415 , 0.0258246
2.345e-06 , 233.11 , 0.0388516 , 6e+21 , -4.05615 , -2.25499 , 0.0427059 , 0.0259309 , 0.0259415 , 0.0258246
2.35e-06 , 233.11 , 0.0388516 , 6e+21 , -4.05615 , -2.25499 , 0.0427059 , 0.0259309 , 0.0259415 , 0.0258246
2.355e-06 , 233.11 , 0.0388516 , 6e+21 , -4.05615 , -2.25499 , 0.0427059 , 0.0259309 , 0.0259415 , 0.0258246
2.36e-06 , 233.11 , 0.0388516 , 6e+21 , -4.05615 , -2.25499 , 0.0427059 , 0.0259309 , 0.0259415 , 0.0258246
2.365e-06 , 233.11 , 0.0388516 , 6e+21 , -4.05615 , -2.25499 , 0.0427059 , 0.0259309 , 0.0259415 , 0.0258246
2.37e-06 , 233.11 , 0.0388516 , 6e+21 , -4.05615 , -2.25499 , 0.0427059 , 0.0259309 , 0.0259415 , 0.0258246
2.375e-06 , 233.11 , 0.0388516 , 6e+21 , -4.05615 , -2.25499 , 0.0427059 , 0.0259309 , 0.0259415 , 0.0258246
2.38e-06 , 233.11 , 0.0388516 , 6e+21 , -4.05615 , -2.25499 , 0.0427059 , 0.0259309 , 0.0259415 , 0.0258246
2.385e-06 , 233.11 , 0.0388516 , 6e+21 , -4.05615 , -2.25499 , 0.0427059 , 0.0259309 , 0.0259415 , 0.0258246
2.39e-06 , 233.11 , 0.0388516 , 6e+21 , -4.05615 , -2.25499 , 0.0427059 , 0.0259309 , 0.0259415 , 0.0258246
2.395e-06 , 233.11 , 0.0388516 , 6e+21 , -4.05615 , -2.25499 , 0.0427059 , 0.0259309 , 0.0259415 , 0.0258246
2.4e-06 , 233.11 , 0.0388516 , 6e+21 , -4.05615 , -2.25499 , 0.0427059 , 0.0259309 , 0.0259415 , 0.0258246
2.405e-06 , 233.11 , 0.0388516 , 6e+21 , -4.05615 , -2.25499 , 0.0427059 , 0.0259309 , 0.0259415 , 0.0258246
2.41e-06 , 233.11 , 0.0388516 , 6e+21 , -4.05615 , -2.25499 , 0.0427059 , 0.0259309 , 0.0259415 , 0.0258246
2.415e-06 , 233.11 , 0.0388516 , 6e+21 , -4.05615 , -2.25499 , 0.0427059 , 0.0259309 , 0.0259415 , 0.0258246
2.42e-06 , 233.11 , 0.0388516 , 6e+21 , -4.05615 , -2.25499 , 0.0427059 , 0.0259309 , 0.0259415 , 0.0258246
2.425e-06 , 233.11 , 0.0388516 , 6e+21 , -4.05615 , -2.25499 , 0.0427059 , 0.0259309 , 0.0259415 , 0.0258246
2.43e-06 , 233.11 , 0.0388516 , 6e+21 , -4.05615 , -2.25499 , 0.0427059 , 0.0259309 , 0.0259415 , 0.0258246
2.435e-06 , 233.11 , 0.0388516 , 6e+21 , -4.05615 , -2.25499 , 0.0427059 , 0.0259309 , 0.0259415 , 0.0258246
2.44e-06 , 233.11 , 0.0388516 , 6e+21 , -4.05615 , -2.25499 , 0.0427059 , 0.0259309 , 0.0259415 , 0.0258246
2.445e-06 , 233.11 , 0.0388516 , 6e+21 , -4.05615 , -2.25499 , 0.0427059 , 0.0259309 , 0.0259415 , 0.0258246
2.45e-06 , 233.11 , 0.0388516 , 6e+21 , -4.05615 , -2.25499 , 0.0427059 , 0.0259309 , 0.0259415 , 0.0258246
2.455e-06 , 233.11 , 0.0388516 , 6e+21 , -4.05615 , -2.25499 , 0.0427059 , 0.0259309 , 0.0259415 , 0.0258246
2.46e-06 , 233.11 , 0.0388516 , 6e+21 , -4.05615 , -2.25499 , 0.0427059 , 0.0259309 , 0.0259415 , 0.0258246
2.465e-06 , 233.11 , 0.0388516 , 6e+21 , -4.05615 , -2.25499 , 0.0427059 , 0.0259309 , 0.0259415 , 0.0258246
2.47e-06 , 233.11 , 0.0388516 , 6e+21 , -4.05615 , -2.25499 , 0.0427059 , 0.0259309 , 0.0259415 , 0.0258246
2.475e-06 , 233.11 , 0.0388516 , 6e+21 , -4.05615 , -2.25499 , 0.0427059 , 0.0259309 , 0.0259415 , 0.0258246
2.48e-06 , 233.11 , 0.0388516 , 6e+21 , -4.05615 , -2.25499 , 0.0427059 , 0.0259309 , 0.0259415 , 0.0258246
2.485e-06 , 233.11 , 0.0388516 , 6e+21 , -4.05615 , -2.25499 , 0.0427059 , 0.0259309 , 0.0259415 , 0.0258246
2.49e-06 , 233.11 , 0.0388516 , 6e+21 , -4.05615 , -2.25499 , 0.0427059 , 0.0259309 , 0.0259415 , 0.0258246
2.495e-06 , 233.11 , 0.0388516 , 6e+21 , -4.05615 , -2.25499 , 0.0427059 , 0.0259309 , 0.0259415 , 0.0258246
2.5e-06 , 233.11 , 0.0388516 , 6e+21 , -4.05615 , -2.25499 , 0.0427059 , 0.0259309 , 0.0259415 , 0.0258246
2.505e-06 , 233.11 , 0.0388516 , 6e+21 , -4.05615 , -2.25499 , 0.0427059 , 0.0259309 , 0.0259415 , 0.0258246
2.51e-06 , 233.11 , 0.0388516 , 6e+21 , -4.05615 , -2.25499 , 0.0427059 , 0.0259309 , 0.0259415 , 0.0258246
2.515e-06 , 233.11 , 0.0388516 , 6e+21 , -4.05615 , -2.25499 , 0.0427059 , 0.0259309 , 0.0259415 , 0.0258246
2.52e-06 , 233.11 , 0.0388516 , 6e+21 , -4.05615 , -2.25499 , 0.0427059 , 0.0259309 , 0.0259415 , 0.0258246
2.525e-06 , 233.11 , 0.0388516 , 6e+21 , -4.05615 , -2.25499 , 0.0427059 , 0.0259309 , 0.0259415 , 0.0258246
2.53e-06 , 233.11 , 0.0388516 , 6e+21 , -4.05615 , -2.25499 , 0.0427059 , 0.0259309 , 0.0259415 , 0.0258246
2.535e-06 , 233.11 , 0.0388516 , 6e+21 , -4.05615 , -2.25499 , 0.0427059 , 0.0259309 , 0.0259415 , 0.0258246
2.54e-06 , 233.11 , 0.0388516 , 6e+21 , -4.05615 , -2.25499 , 0.0427059 , 0.0259309 , 0.0259415 , 0.0258246
2.545e-06 , 233.11 , 0.0388516 , 6e+21 , -4.05615 , -2.25499 , 0.0427059 , 0.0259309 , 0.0259415 , 0.0258246
2.55e-06 , 233.11 , 0.0388516 , 6e+21 , -4.05615 , -2.25499 , 0.0427059 , 0.0259309 , 0.0259415 , 0.0258246
2.555e-06 , 233.11 , 0.0388516 , 6e+21 , -4.05615 , -2.25499 , 0.0427059 , 0.0259309 , 0.0259415 , 0.0258246
2.56e-06 , 233.11 , 0.0388516 , 6e+21 , -4.05615 , -2.25499 , 0.0427059 , 0.0259309 , 0.0259415 , 0.0258246
2.565e-06 , 233.11 , 0.0388516 , 6e+21 , -4.05615 , -2.25499 , 0.0427059 , 0.0259309 , 0.0259415 , 0.0258246
2.57e-06 , 233.11 , 0.0388516 , 6e+21 , -4.05615 , -2.25499 , 0.0427059 , 0.0259309 , 0.0259415 , 0.0258246
2.575e-06 , 233.11 , 0.0388516 , 6e+21 , -4.05615 , -2.25499 , 0.0427059 , 0.0259309 , 0.0259415 , 0.0258246
2.58e-06 , 233.11 , 0.0388516 , 6e+21 , -4.05615 , -2.25499 , 0.0427059 , 0.0259309 , 0.0259415 , 0.0258246
2.585e-06 , 233.11 , 0.0388516 , 6e+21 , -4.05615 , -2.25499 , 0.0427059 , 0.0259309 , 0.0259415 , 0.0258246
2.59e-06 , 233.11 , 0.0388516 , 6e+21 , -4.05615 , -2.25499 , 0.0427059 , 0.0259309 , 0.0259415 , 0.0258246
2.595e-06 , 233.11 , 0.0388516 , 6e+21 , -4.05615 , -2.25499 , 0.0427059 , 0.0259309 , 0.0259415 , 0.0258246
2.6e-06 , 233.11 , 0.0388516 , 6e+21 , -4.05615 , -2.25499 , 0.0427059 , 0.0259309 , 0.0259415 , 0.0258246
2.605e-06 , 233.11 , 0.0388516 , 6e+21 , -4.05615 , -2.25499 , 0.0427059 , 0.0259309 , 0.0259415 , 0.0258246
2.61e-06 , 233.11 , 0.0388516 , 6e+21 , -4.05615 , -2.25499 , 0.0427059 , 0.0259309 , 0.0259415 , 0.0258246
2.615e-06 , 233.11 , 0.0388516 , 6e+21 , -4.05615 , -2.25499 , 0.0427059 , 0.0259309 , 0.0259415 , 0.0258246
2.62e-06 , 233.11 , 0.0388516 , 6e+21 , -4.05615 , -2.25499 , 0.0427059 , 0.0259309 , 0.0259415 , 0.0258246
2.625e-06 , 233.11 , 0.0388516 , 6e+21 , -4.05615 , -2.25499 , 0.0427059 , 0.0259309 , 0.0259415 , 0.0258246
2.63e-06 , 233.11 , 0.0388516 , 6e+21 , -4.05615 , -2.25499 , 0.0427059 , 0.0259309 , 0.0259415 , 0.0258246
2.635e-06 , 233.11 , 0.0388516 , 6e+21 , -4.05615 , -2.25499 , 0.0427059 , 0.0259309 , 0.0259415 , 0.0258246
2.64e-06 , 233.11 , 0.0388516 , 6e+21 , -4.05615 , -2.25499 , 0.0427059 , 0.0259309 , 0.0259415 , 0.0258246
2.645e-06 , 233.11 , 0.0388516 , 6e+21 , -4.05615 , -2.25499 , 0.0427059 , 0.0259309 , 0.0259415 , 0.0258246
2.65e-06 , 233.11 , 0.0388516 , 6e+21 , -4.05615 , -2.25499 , 0.0427059 , 0.0259309 , 0.0259415 , 0.0258246
2.655e-06 , 233.11 , 0.0388516 , 6e+21 , -4.05615 , -2.25499 , 0.0427059 , 0.0259309 , 0.0259415 , 0.0258246
2.66e-06 , 233.11 , 0.0388516 , 6e+21 , -4.05615 , -2.25499 , 0.0427059 , 0.0259309 , 0.0259415 , 0.0258246
2.665e-06 , 233.11 , 0.0388516 , 6e+21 , -4.05615 , -2.25499 , 0.0427059 , 0.0259309 , 0.0259415 , 0.0258246
2.67e-06 , 233.11 , 0.0388516 , 6e+21 , -4.05615 , -2.25499 , 0.0427059 , 0.0259309 , 0.0259415 , 0.0258246
2.675e-06 , 233.11 , 0.0388516 , 6e+21 , -4.05615 , -2.25499 , 0.0427059 , 0.0259309 , 0.0259415 , 0.0258246
2.68e-06 , 233.11 , 0.0388516 , 6e+21 , -4.05615 , -2.25499 , 0.0427059 , 0.0259309 , 0.0259415 , 0.0258246
2.685e-06 , 233.11 , 0.0388516 , 6e+21 , -4.05615 , -2.25499 , 0.0427059 , 0.0259309 , 0.0259415 , 0.0258246
2.69e-06 , 233.11 , 0.0388516 , 6e+21 , -4.05615 , -2.25499 , 0.0427059 , 0.0259309 , 0.0259415 , 0.0258246
2.695e-06 , 233.11 , 0.0388516 , 6e+21 , -4.05615 , -2.25499 , 0.0427059 , 0.0259309 , 0.0259415 , 0.0258246
2.7e-06 , 233.11 , 0.0388516 , 6e+21 , -4.05615 , -2.25499 , 0.0427059 , 0.0259309 , 0.0259415 , 0.0258246
2.705e-06 , 233.11 , 0.0388516 , 6e+21 , -4.05615 , -2.25499 , 0.0427059 , 0.0259309 , 0.0259415 , 0.0258246
2.71e-06 , 233.11 , 0.0388516 , 6e+21 , -4.05615 , -2.25499 , 0.0427059 , 0.0259309 , 0.0259415 , 0.0258246
2.715e-06 , 233.11 , 0.0388516 , 6e+21 , -4.05615 , -2.25499 , 0.0427059 , 0.0259309 , 0.0259415 , 0.0258246
2.72e-06 , 233.11 , 0.0388516 , 6e+21 , -4.05615 , -2.25499 , 0.0427059 , 0.0259309 , 0.0259415 , 0.0258246
2.725e-06 , 233.11 , 0.0388516 , 6e+21 , -4.05615 , -2.25499 , 0.0427059 , 0.0259309 , 0.0259415 , 0.0258246
2.73e-06 , 233.11 , 0.0388516 , 6e+21 , -4.05615 , -2.25499 , 0.0427059 , 0.0259309 , 0.0259415 , 0.0258246
2.735e-06 , 233.11 , 0.0388516 , 6e+21 , -4.05615 , -2.25499 , 0.0427059 , 0.0259309 , 0.0259415 , 0.0258246
2.74e-06 , 233.11 , 0.0388516 , 6e+21 , -4.05615 , -2.25499 , 0.0427059 , 0.0259309 , 0.0259415 , 0.0258246
2.745e-06 , 233.11 , 0.0388516 , 6e+21 , -4.05615 , -2.25499 , 0.0427059 , 0.0259309 , 0.0259415 , 0.0258246
2.75e-06 , 233.11 , 0.0388516 , 6e+21 , -4.05615 , -2.25499 , 0.0427059 , 0.0259309 , 0.0259415 , 0.0258246
2.755e-06 , 233.11 , 0.0388516 , 6e+21 , -4.05615 , -2.25499 , 0.0427059 , 0.0259309 , 0.0259415 , 0.0258246
2.76e-06 , 233.11 , 0.0388516 , 6e+21 , -4.05615 , -2.25499 , 0.0427059 , 0.0259309 , 0.0259415 , 0.0258246
2.765e-06 , 233.11 , 0.0388516 , 6e+21 , -4.05615 , -2.25499 , 0.0427059 , 0.0259309 , 0.0259415 , 0.0258246
2.77e-06 , 233.11 , 0.0388516 , 6e+21 , -4.05615 , -2.25499 , 0.0427059 , 0.0259309 , 0.0259415 , 0.0258246
2.775e-06 , 233.11 , 0.0388516 , 6e+21 , -4.05615 , -2.25499 , 0.0427059 , 0.0259309 , 0.0259415 , 0.0258246
2.78e-06 , 233.11 , 0.0388516 , 6e+21 , -4.05615 , -2.25499 , 0.0427059 , 0.0259309 , 0.0259415 , 0.0258246
2.785e-06 , 233.11 , 0.0388516 , 6e+21 , -4.05615 , -2.25499 , 0.0427059 , 0.0259309 , 0.0259415 , 0.0258246
2.79e-06 , 233.11 , 0.0388516 , 6e+21 , -4.05615 , -2.25499 , 0.0427059 , 0.0259309 , 0.0259415 , 0.0258246
2.795e-06 , 233.11 , 0.0388516 , 6e+21 , -4.05615 , -2.25499 , 0.0427059 , 0.0259309 , 0.0259415 , 0.0258246
2.8e-06 , 233.11 , 0.0388516 , 6e+21 , -4.05615 , -2.25499 , 0.0427059 , 0.0259309 , 0.0259415 , 0.0258246
2.805e-06 , 233.11 , 0.0388516 , 6e+21 , -4.05615 , -2.25499 , 0.0427059 , 0.0259309 , 0.0259415 , 0.0258246
2.81e-06 , 233.11 , 0.0388516 , 6e+21 , -4.05615 , -2.25499 , 0.0427059 , 0.0259309 , 0.0259415 , 0.0258246
2.815e-06 , 233.11 , 0.0388516 , 6e+21 , -4.05615 , -2.25499 , 0.0427059 , 0.0259309 , 0.0259415 , 0.0258246
2.82e-06 , 233.11 , 0.0388516 , 6e+21 , -4.05615 , -2.25499 , 0.0427059 , 0.0259309 , 0.0259415 , 0.0258246
2.825e-06 , 233.11 , 0.0388516 , 6e+21 , -4.05615 , -2.25499 , 0.0427059 , 0.0259309 , 0.0259415 , 0.0258246
2.83e-06 , 233.11 , 0.0388516 , 6e+21 , -4.05615 , -2.25499 , 0.0427059 , 0.0259309 , 0.0259415 , 0.0258246
2.835e-06 , 233.11 , 0.0388516 , 6e+21 , -4.05615 , -2.25499 , 0.0427059 , 0.0259309 , 0.0259415 , 0.0258246
2.84e-06 , 233.11 , 0.0388516 , 6e+21 , -4.05615 , -2.25499 , 0.0427059 , 0.0259309 , 0.0259415 , 0.0258246
2.845e-06 , 233.11 , 0.0388516 , 6e+21 , -4.05615 , -2.25499 , 0.0427059 , 0.0259309 , 0.0259415 , 0.0258246
2.85e-06 , 233.11 , 0.0388516 , 6e+21 , -4.05615 , -2.25499 , 0.0427059 , 0.0259309 , 0.0259415 , 0.0258246
2.855e-06 , 233.11 , 0.0388516 , 6e+21 , -4.05615 , -2.25499 , 0.0427059 , 0.0259309 , 0.0259415 , 0.0258246
2.86e-06 , 233.11 , 0.0388516 , 6e+21 , -4.05615 , -2.25499 , 0.0427059 , 0.0259309 , 0.0259415 , 0.0258246
2.865e-06 , 233.11 , 0.0388516 , 6e+21 , -4.05615 , -2.25499 , 0.0427059 , 0.0259309 , 0.0259415 , 0.0258246
2.87e-06 , 233.11 , 0.0388516 , 6e+21 , -4.05615 , -2.25499 , 0.0427059 , 0.0259309 , 0.0259415 , 0.0258246
2.875e-06 , 233.11 , 0.0388516 , 6e+21 , -4.05615 , -2.25499 , 0.0427059 , 0.0259309 , 0.0259415 , 0.0258246
2.88e-06 , 233.11 , 0.0388516 , 6e+21 , -4.05615 , -2.25499 , 0.0427059 , 0.0259309 , 0.0259415 , 0.0258246
2.885e-06 , 233.11 , 0.0388516 , 6e+21 , -4.05615 , -2.25499 , 0.0427059 , 0.0259309 , 0.0259415 , 0.0258246
2.89e-06 , 233.11 , 0.0388516 , 6e+21 , -4.05615 , -2.25499 , 0.0427059 , 0.0259309 , 0.0259415 , 0.0258246
2.895e-06 , 233.11 , 0.0388516 , 6e+21 , -4.05615 , -2.25499 , 0.0427059 , 0.0259309 , 0.0259415 , 0.0258246
2.9e-06 , 233.11 , 0.0388516 , 6e+21 , -4.05615 , -2.25499 , 0.0427059 , 0.0259309 , 0.0259415 , 0.0258246
2.905e-06 , 233.11 , 0.0388516 , 6e+21 , -4.05615 , -2.25499 , 0.0427059 , 0.0259309 , 0.0259415 , 0.0258246
2.91e-06 , 233.11 , 0.0388516 , 6e+21 , -4.05615 , -2.25499 , 0.0427059 , 0.0259309 , 0.0259415 , 0.0258246
2.915e-06 , 233.11 , 0.0388516 , 6e+21 , -4.05615 , -2.25499 , 0.0427059 , 0.0259309 , 0.0259415 , 0.0258246
2.92e-06 , 233.11 , 0.0388516 , 6e+21 , -4.05615 , -2.25499 , 0.0427059 , 0.0259309 , 0.0259415 , 0.0258246
2.925e-06 , 233.11 , 0.0388516 , 6e+21 , -4.05615 , -2.25499 , 0.0427059 , 0.0259309 , 0.0259415 , 0.0258246
2.93e-06 , 233.11 , 0.0388516 , 6e+21 , -4.05615 , -2.25499 , 0.0427059 , 0.0259309 , 0.0259415 , 0.0258246
2.935e-06 , 233.11 , 0.0388516 , 6e+21 , -4.05615 , -2.25499 , 0.0427059 , 0.0259309 , 0.0259415 , 0.0258246
2.94e-06 , 233.11 , 0.0388516 , 6e+21 , -4.05615 , -2.25499 , 0.0427059 , 0.0259309 , 0.0259415 , 0.0258246
2.945e-06 , 233.11 , 0.0388516 , 6e+21 , -4.05615 , -2.25499 , 0.0427059 , 0.0259309 , 0.0259415 , 0.0258246
2.95e-06 , 233.11 , 0.0388516 , 6e+21 , -4.05615 , -2.25499 , 0.0427059 , 0.0259309 , 0.0259415 , 0.0258246
2.955e-06 , 233.11 , 0.0388516 , 6e+21 , -4.05615 , -2.25499 , 0.0427059 , 0.0259309 , 0.0259415 , 0.0258246
2.96e-06 , 233.11 , 0.0388516 , 6e+21 , -4.05615 , -2.25499 , 0.0427059 , 0.0259309 , 0.0259415 , 0.0258246
2.965e-06 , 233.11 , 0.0388516 , 6e+21 , -4.05615 , -2.25499 , 0.0427059 , 0.0259309 , 0.0259415 , 0.0258246
2.97e-06 , 233.11 , 0.0388516 , 6e+21 , -4.05615 , -2.25499 , 0.0427059 , 0.0259309 , 0.0259415 , 0.0258246
2.975e-06 , 233.11 , 0.0388516 , 6e+21 , -4.05615 , -2.25499 , 0.0427059 , 0.0259309 , 0.0259415 , 0.0258246
2.98e-06 , 233.11 , 0.0388516 , 6e+21 , -4.05615 , -2.25499 , 0.0427059 , 0.0259309 , 0.0259415 , 0.0258246
2.985e-06 , 233.11 , 0.0388516 , 6e+21 , -4.05615 , -2.25499 , 0.0427059 , 0.0259309 , 0.0259415 , 0.0258246
2.99e-06 , 233.11 , 0.0388516 , 6e+21 , -4.05615 , -2.25499 , 0.0427059 , 0.0259309 , 0.0259415 , 0.0258246
2.995e-06 , 233.11 , 0.0388516 , 6e+21 , -4.05615 , -2.25499 , 0.0427059 , 0.0259309 , 0.0259415 , 0.0258246
3e-06 , 233.11 , 0.0388516 , 6e+21 , -4.05615 , -2.25499 , 0.0427059 , 0.0259309 , 0.0259415 , 0.0258246
3.005e-06 , 233.11 , 0.0388516 , 6e+21 , -4.05615 , -2.25499 , 0.0427059 , 0.0259309 , 0.0259415 , 0.0258246
3.01e-06 , 233.11 , 0.0388516 , 6e+21 , -4.05615 , -2.25499 , 0.0427059 , 0.0259309 , 0.0259415 , 0.0258246
3.015e-06 , 233.11 , 0.0388516 , 6e+21 , -4.05615 , -2.25499 , 0.0427059 , 0.0259309 , 0.0259415 , 0.0258246
3.02e-06 , 233.11 , 0.0388516 , 6e+21 , -4.05615 , -2.25499 , 0.0427059 , 0.0259309 , 0.0259415 , 0.0258246
3.025e-06 , 233.11 , 0.0388516 , 6e+21 , -4.05615 , -2.25499 , 0.0427059 , 0.0259309 , 0.0259415 , 0.0258246
3.03e-06 , 233.11 , 0.0388516 , 6e+21 , -4.05615 , -2.25499 , 0.0427059 , 0.0259309 , 0.0259415 , 0.0258246
3.035e-06 , 233.11 , 0.0388516 , 6e+21 , -4.05615 , -2.25499 , 0.0427059 , 0.0259309 , 0.0259415 , 0.0258246
3.04e-06 , 233.11 , 0.0388516 , 6e+21 , -4.05615 , -2.25499 , 0.0427059 , 0.0259309 , 0.0259415 , 0.0258246
3.045e-06 , 233.11 , 0.0388516 , 6e+21 , -4.05615 , -2.25499 , 0.0427059 , 0.0259309 , 0.0259415 , 0.0258246
3.05e-06 , 233.11 , 0.0388516 , 6e+21 , -4.05615 , -2.25499 , 0.0427059 , 0.0259309 , 0.0259415 , 0.0258246
3.055e-06 , 233.11 , 0.0388516 , 6e+21 , -4.05615 , -2.25499 , 0.0427059 , 0.0259309 , 0.0259415 , 0.0258246
3.06e-06 , 233.11 , 0.0388516 , 6e+21 , -4.05615 , -2.25499 , 0.0427059 , 0.0259309 , 0.0259415 , 0.0258246
3.065e-06 , 233.11 , 0.0388516 , 6e+21 , -4.05615 , -2.25499 , 0.0427059 , 0.0259309 , 0.0259415 , 0.0258246
3.07e-06 , 233.11 , 0.0388516 , 6e+21 , -4.05615 , -2.25499 , 0.0427059 , 0.0259309 , 0.0259415 , 0.0258246
3.075e-06 , 233.11 , 0.0388516 , 6e+21 , -4.05615 , -2.25499 , 0.0427059 , 0.0259309 , 0.0259415 , 0.0258246
3.08e-06 , 233.11 , 0.0388516 , 6e+21 , -4.05615 , -2.25499 , 0.0427059 , 0.0259309 , 0.0259415 , 0.0258246
3.085e-06 , 233.11 , 0.0388516 , 6e+21 , -4.05615 , -2.25499 , 0.0427059 , 0.0259309 , 0.0259415 , 0.0258246
3.09e-06 , 233.11 , 0.0388516 , 6e+21 , -4.05615 , -2.25499 , 0.0427059 , 0.0259309 , 0.0259415 , 0.0258246
3.095e-06 , 233.11 , 0.0388516 , 6e+21 , -4.05615 , -2.25499 , 0.0427059 , 0.0259309 , 0.0259415 , 0.0258246
3.1e-06 , 233.11 , 0.0388516 , 6e+21 , -4.05615 , -2.25499 , 0.0427059 , 0.0259309 , 0.0259415 , 0.0258246
3.105e-06 , 233.11 , 0.0388516 , 6e+21 , -4.05615 , -2.25499 , 0.0427059 , 0.0259309 , 0.0259415 , 0.0258246
3.11e-06 , 233.11 , 0.0388516 , 6e+21 , -4.05615 , -2.25499 , 0.0427059 , 0.0259309 , 0.0259415 , 0.0258246
3.115e-06 , 233.11 , 0.0388516 , 6e+21 , -4.05615 , -2.25499 , 0.0427059 , 0.0259309 , 0.0259415 , 0.0258246
3.12e-06 , 233.11 , 0.0388516 , 6e+21 , -4.05615 , -2.25499 , 0.0427059 , 0.0259309 , 0.0259415 , 0.0258246
3.125e-06 , 233.11 , 0.0388516 , 6e+21 , -4.05615 , -2.25499 , 0.0427059 , 0.0259309 , 0.0259415 , 0.0258246
3.13e-06 , 233.11 , 0.0388516 , 6e+21 , -4.05615 , -2.25499 , 0.0427059 , 0.0259309 , 0.0259415 , 0.0258246
3.135e-06 , 233.11 , 0.0388516 , 6e+21 , -4.05615 , -2.25499 , 0.0427059 , 0.0259309 , 0.0259415 , 0.0258246
3.14e-06 , 233.11 , 0.0388516 , 6e+21 , -4.05615 , -2.25499 , 0.0427059 , 0.0259309 , 0.0259415 , 0.0258246
3.145e-06 , 233.11 , 0.0388516 , 6e+21 , -4.05615 , -2.25499 , 0.0427059 , 0.0259309 , 0.0259415 , 0.0258246
3.15e-06 , 233.11 , 0.0388516 , 6e+21 , -4.05615 , -2.25499 , 0.0427059 , 0.0259309 , 0.0259415 , 0.0258246
3.155e-06 , 233.11 , 0.0388516 , 6e+21 , -4.05615 , -2.25499 , 0.0427059 , 0.0259309 , 0.0259415 , 0.0258246
3.16e-06 , 233.11 , 0.0388516 , 6e+21 , -4.05615 , -2.25499 , 0.0427059 , 0.0259309 , 0.0259415 , 0.0258246
3.165e-06 , 233.11 , 0.0388516 , 6e+21 , -4.05615 , -2.25499 , 0.0427059 , 0.0259309 , 0.0259415 , 0.0258246
3.17e-06 , 233.11 , 0.0388516 , 6e+21 , -4.05615 , -2.25499 , 0.0427059 , 0.0259309 , 0.0259415 , 0.0258246
3.175e-06 , 233.11 , 0.0388516 , 6e+21 , -4.05615 , -2.25499 , 0.0427059 , 0.0259309 , 0.0259415 , 0.0258246
3.18e-06 , 233.11 , 0.0388516 , 6e+21 , -4.05615 , -2.25499 , 0.0427059 , 0.0259309 , 0.0259415 , 0.0258246
3.185e-06 , 233.11 , 0.0388516 , 6e+21 , -4.05615 , -2.25499 , 0.0427059 , 0.0259309 , 0.0259415 , 0.0258246
3.19e-06 , 233.11 , 0.0388516 , 6e+21 , -4.05615 , -2.25499 , 0.0427059 , 0.0259309 , 0.0259415 , 0.0258246
3.195e-06 , 233.11 , 0.0388516 , 6e+21 , -4.05615 , -2.25499 , 0.0427059 , 0.0259309 , 0.0259415 , 0.0258246
3.2e-06 , 233.11 , 0.0388516 , 6e+21 , -4.05615 , -2.25499 , 0.0427059 , 0.0259309 , 0.0259415 , 0.0258246
3.205e-06 , 233.11 , 0.0388516 , 6e+21 , -4.05615 , -2.25499 , 0.0427059 , 0.0259309 , 0.0259415 , 0.0258246
3.21e-06 , 233.11 , 0.0388516 , 6e+21 , -4.05615 , -2.25499 , 0.0427059 , 0.0259309 , 0.0259415 , 0.0258246
3.215e-06 , 233.11 , 0.0388516 , 6e+21 , -4.05615 , -2.25499 , 0.0427059 , 0.0259309 , 0.0259415 , 0.0258246
3.22e-06 , 233.11 , 0.0388516 , 6e+21 , -4.05615 , -2.25499 , 0.0427059 , 0.0259309 , 0.0259415 , 0.0258246
3.225e-06 , 233.11 , 0.0388516 , 6e+21 , -4.05615 , -2.25499 , 0.0427059 , 0.0259309 , 0.0259415 , 0.0258246
3.23e-06 , 233.11 , 0.0388516 , 6e+21 , -4.05615 , -2.25499 , 0.0427059 , 0.0259309 , 0.0259415 , 0.0258246
3.235e-06 , 233.11 , 0.0388516 , 6e+21 , -4.05615 , -2.25499 , 0.0427059 , 0.0259309 , 0.0259415 , 0.0258246
3.24e-06 , 233.11 , 0.0388516 , 6e+21 , -4.05615 , -2.25499 , 0.0427059 , 0.0259309 , 0.0259415 , 0.0258246
3.245e-06 , 233.11 , 0.0388516 , 6e+21 , -4.05615 , -2.25499 , 0.0427059 , 0.0259309 , 0.0259415 , 0.0258246
3.25e-06 , 233.11 , 0.0388516 , 6e+21 , -4.05615 , -2.25499 , 0.0427059 , 0.0259309 , 0.0259415 , 0.0258246
3.255e-06 , 233.11 , 0.0388516 , 6e+21 , -4.05615 , -2.25499 , 0.0427059 , 0.0259309 , 0.0259415 , 0.0258246
3.26e-06 , 233.11 , 0.0388516 , 6e+21 , -4.05615 , -2.25499 , 0.0427059 , 0.0259309 , 0.0259415 , 0.0258246
3.265e-06 , 233.11 , 0.0388516 , 6e+21 , -4.05615 , -2.25499 , 0.0427059 , 0.0259309 , 0.0259415 , 0.0258246
3.27e-06 , 233.11 , 0.0388516 , 6e+21 , -4.05615 , -2.25499 , 0.0427059 , 0.0259309 , 0.0259415 , 0.0258246
3.275e-06 , 233.11 , 0.0388516 , 6e+21 , -4.05615 , -2.25499 , 0.0427059 , 0.0259309 , 0.0259415 , 0.0258246
3.28e-06 , 233.11 , 0.0388516 , 6e+21 , -4.05615 , -2.25499 , 0.0427059 , 0.0259309 , 0.0259415 , 0.0258246
3.285e-06 , 233.11 , 0.0388516 , 6e+21 , -4.05615 , -2.25499 , 0.0427059 , 0.0259309 , 0.0259415 , 0.0258246
3.29e-06 , 233.11 , 0.0388516 , 6e+21 , -4.05615 , -2.25499 , 0.0427059 , 0.0259309 , 0.0259415 , 0.0258246
3.295e-06 , 233.11 , 0.0388516 , 6e+21 , -4.05615 , -2.25499 , 0.0427059 , 0.0259309 , 0.0259415 , 0.0258246
3.3e-06 , 233.11 , 0.0388516 , 6e+21 , -4.05615 , -2.25499 , 0.0427059 , 0.0259309 , 0.0259415 , 0.0258246
3.305e-06 , 233.11 , 0.0388516 , 6e+21 , -4.05615 , -2.25499 , 0.0427059 , 0.0259309 , 0.0259415 , 0.0258246
3.31e-06 , 233.11 , 0.0388516 , 6e+21 , -4.05615 , -2.25499 , 0.0427059 , 0.0259309 , 0.0259415 , 0.0258246
3.315e-06 , 233.11 , 0.0388516 , 6e+21 , -4.05615 , -2.25499 , 0.0427059 , 0.0259309 , 0.0259415 , 0.0258246
3.32e-06 , 233.11 , 0.0388516 , 6e+21 , -4.05615 , -2.25499 , 0.0427059 , 0.0259309 , 0.0259415 , 0.0258246
3.325e-06 , 233.11 , 0.0388516 , 6e+21 , -4.05615 , -2.25499 , 0.0427059 , 0.0259309 , 0.0259415 , 0.0258246
3.33e-06 , 233.11 , 0.0388516 , 6e+21 , -4.05615 , -2.25499 , 0.0427059 , 0.0259309 , 0.0259415 , 0.0258246
3.335e-06 , 233.11 , 0.0388516 , 6e+21 , -4.05615 , -2.25499 , 0.0427059 , 0.0259309 , 0.0259415 , 0.0258246
3.34e-06 , 233.11 , 0.0388516 , 6e+21 , -4.05615 , -2.25499 , 0.0427059 , 0.0259309 , 0.0259415 , 0.0258246
3.345e-06 , 233.11 , 0.0388516 , 6e+21 , -4.05615 , -2.25499 , 0.0427059 , 0.0259309 , 0.0259415 , 0.0258246
3.35e-06 , 233.11 , 0.0388516 , 6e+21 , -4.05615 , -2.25499 , 0.0427059 , 0.0259309 , 0.0259415 , 0.0258246
3.355e-06 , 233.11 , 0.0388516 , 6e+21 , -4.05615 , -2.25499 , 0.0427059 , 0.0259309 , 0.0259415 , 0.0258246
3.36e-06 , 233.11 , 0.0388516 , 6e+21 , -4.05615 , -2.25499 , 0.0427059 , 0.0259309 , 0.0259415 , 0.0258246
3.365e-06 , 233.11 , 0.0388516 , 6e+21 , -4.05615 , -2.25499 , 0.0427059 , 0.0259309 , 0.0259415 , 0.0258246
3.37e-06 , 233.11 , 0.0388516 , 6e+21 , -4.05615 , -2.25499 , 0.0427059 , 0.0259309 , 0.0259415 , 0.0258246
3.375e-06 , 233.11 , 0.0388516 , 6e+21 , -4.05615 , -2.25499 , 0.0427059 , 0.0259309 , 0.0259415 , 0.0258246
3.38e-06 , 233.11 , 0.0388516 , 6e+21 , -4.05615 , -2.25499 , 0.0427059 , 0.0259309 , 0.0259415 , 0.0258246
3.385e-06 , 233.11 , 0.0388516 , 6e+21 , -4.05615 , -2.25499 , 0.0427059 , 0.0259309 , 0.0259415 , 0.0258246
3.39e-06 , 233.11 , 0.0388516 , 6e+21 , -4.05615 , -2.25499 , 0.0427059 , 0.0259309 , 0.0259415 , 0.0258246
3.395e-06 , 233.11 , 0.0388516 , 6e+21 , -4.05615 , -2.25499 , 0.0427059 , 0.0259309 , 0.0259415 , 0.0258246
3.4e-06 , 233.11 , 0.0388516 , 6e+21 , -4.05615 , -2.25499 , 0.0427059 , 0.0259309 , 0.0259415 , 0.0258246
3.405e-06 , 233.11 , 0.0388516 , 6e+21 , -4.05615 , -2.25499 , 0.0427059 , 0.0259309 , 0.0259415 , 0.0258246
3.41e-06 , 233.11 , 0.0388516 , 6e+21 , -4.05615 , -2.25499 , 0.0427059 , 0.0259309 , 0.0259415 , 0.0258246
3.415e-06 , 233.11 , 0.0388516 , 6e+21 , -4.05615 , -2.25499 , 0.0427059 , 0.0259309 , 0.0259415 , 0.0258246
3.42e-06 , 233.11 , 0.0388516 , 6e+21 , -4.05615 , -2.25499 , 0.0427059 , 0.0259309 , 0.0259415 , 0.0258246
3.425e-06 , 233.11 , 0.0388516 , 6e+21 , -4.05615 , -2.25499 , 0.0427059 , 0.0259309 , 0.0259415 , 0.0258246
3.43e-06 , 233.11 , 0.0388516 , 6e+21 , -4.05615 , -2.25499 , 0.0427059 , 0.0259309 , 0.0259415 , 0.0258246
3.435e-06 , 233.11 , 0.0388516 , 6e+21 , -4.05615 , -2.25499 , 0.0427059 , 0.0259309 , 0.0259415 , 0.0258246
3.44e-06 , 233.11 , 0.0388516 , 6e+21 , -4.05615 , -2.25499 , 0.0427059 , 0.0259309 , 0.0259415 , 0.0258246
3.445e-06 , 233.11 , 0.0388516 , 6e+21 , -4.05615 , -2.25499 , 0.0427059 , 0.0259309 , 0.0259415 , 0.0258246
3.45e-06 , 233.11 , 0.0388516 , 6e+21 , -4.05615 , -2.25499 , 0.0427059 , 0.0259309 , 0.0259415 , 0.0258246
3.455e-06 , 233.11 , 0.0388516 , 6e+21 , -4.05615 , -2.25499 , 0.0427059 , 0.0259309 , 0.0259415 , 0.0258246
3.46e-06 , 233.11 , 0.0388516 , 6e+21 , -4.05615 , -2.25499 , 0.0427059 , 0.0259309 , 0.0259415 , 0.0258246
3.465e-06 , 233.11 , 0.0388516 , 6e+21 , -4.05615 , -2.25499 , 0.0427059 , 0.0259309 , 0.0259415 , 0.0258246
3.47e-06 , 233.11 , 0.0388516 , 6e+21 , -4.05615 , -2.25499 , 0.0427059 , 0.0259309 , 0.0259415 , 0.0258246
3.475e-06 , 233.11 , 0.0388516 , 6e+21 , -4.05615 , -2.25499 , 0.0427059 , 0.0259309 , 0.0259415 , 0.0258246
3.48e-06 , 233.11 , 0.0388516 , 6e+21 , -4.05615 , -2.25499 , 0.0427059 , 0.0259309 , 0.0259415 , 0.0258246
3.485e-06 , 233.11 , 0.0388516 , 6e+21 , -4.05615 , -2.25499 , 0.0427059 , 0.0259309 , 0.0259415 , 0.0258246
3.49e-06 , 233.11 , 0.0388516 , 6e+21 , -4.05615 , -2.25499 , 0.0427059 , 0.0259309 , 0.0259415 , 0.0258246
3.495e-06 , 233.11 , 0.0388516 , 6e+21 , -4.05615 , -2.25499 , 0.0427059 , 0.0259309 , 0.0259415 , 0.0258246
3.5e-06 , 233.11 , 0.0388516 , 6e+21 , -4.05615 , -2.25499 , 0.0427059 , 0.0259309 , 0.0259415 , 0.0258246
3.505e-06 , 233.11 , 0.0388516 , 6e+21 , -4.05615 , -2.25499 , 0.0427059 , 0.0259309 , 0.0259415 , 0.0258246
3.51e-06 , 233.11 , 0.0388516 , 6e+21 , -4.05615 , -2.25499 , 0.0427059 , 0.0259309 , 0.0259415 , 0.0258246
3.515e-06 , 233.11 , 0.0388516 , 6e+21 , -4.05615 , -2.25499 , 0.0427059 , 0.0259309 , 0.0259415 , 0.0258246
3.52e-06 , 233.11 , 0.0388516 , 6e+21 , -4.05615 , -2.25499 , 0.0427059 , 0.0259309 , 0.0259415 , 0.0258246
3.525e-06 , 233.11 , 0.0388516 , 6e+21 , -4.05615 , -2.25499 , 0.0427059 , 0.0259309 , 0.0259415 , 0.0258246
3.53e-06 , 233.11 , 0.0388516 , 6e+21 , -4.05615 , -2.25499 , 0.0427059 , 0.0259309 , 0.0259415 , 0.0258246
3.535e-06 , 233.11 , 0.0388516 , 6e+21 , -4.05615 , -2.25499 , 0.0427059 , 0.0259309 , 0.0259415 , 0.0258246
3.54e-06 , 233.11 , 0.0388516 , 6e+21 , -4.05615 , -2.25499 , 0.0427059 , 0.0259309 , 0.0259415 , 0.0258246
3.545e-06 , 233.11 , 0.0388516 , 6e+21 , -4.05615 , -2.25499 , 0.0427059 , 0.0259309 , 0.0259415 , 0.0258246
3.55e-06 , 233.11 , 0.0388516 , 6e+21 , -4.05615 , -2.25499 , 0.0427059 , 0.0259309 , 0.0259415 , 0.0258246
3.555e-06 , 233.11 , 0.0388516 , 6e+21 , -4.05615 , -2.25499 , 0.0427059 , 0.0259309 , 0.0259415 , 0.0258246
3.56e-06 , 233.11 , 0.0388516 , 6e+21 , -4.05615 , -2.25499 , 0.0427059 , 0.0259309 , 0.0259415 , 0.0258246
3.565e-06 , 233.11 , 0.0388516 , 6e+21 , -4.05615 , -2.25499 , 0.0427059 , 0.0259309 , 0.0259415 , 0.0258246
3.57e-06 , 233.11 , 0.0388516 , 6e+21 , -4.05615 , -2.25499 , 0.0427059 , 0.0259309 , 0.0259415 , 0.0258246
3.575e-06 , 233.11 , 0.0388516 , 6e+21 , -4.05615 , -2.25499 , 0.0427059 , 0.0259309 , 0.0259415 , 0.0258246
3.58e-06 , 233.11 , 0.0388516 , 6e+21 , -4.05615 , -2.25499 , 0.0427059 , 0.0259309 , 0.0259415 , 0.0258246
3.585e-06 , 233.11 , 0.0388516 , 6e+21 , -4.05615 , -2.25499 , 0.0427059 , 0.0259309 , 0.0259415 , 0.0258246
3.59e-06 , 233.11 , 0.0388516 , 6e+21 , -4.05615 , -2.25499 , 0.0427059 , 0.0259309 , 0.0259415 , 0.0258246
3.595e-06 , 233.11 , 0.0388516 , 6e+21 , -4.05615 , -2.25499 , 0.0427059 , 0.0259309 , 0.0259415 , 0.0258246
3.6e-06 , 233.11 , 0.0388516 , 6e+21 , -4.05615 , -2.25499 , 0.0427059 , 0.0259309 , 0.0259415 , 0.0258246
3.605e-06 , 233.11 , 0.0388516 , 6e+21 , -4.05615 , -2.25499 , 0.0427059 , 0.0259309 , 0.0259415 , 0.0258246
3.61e-06 , 233.11 , 0.0388516 , 6e+21 , -4.05615 , -2.25499 , 0.0427059 , 0.0259309 , 0.0259415 , 0.0258246
3.615e-06 , 233.11 , 0.0388516 , 6e+21 , -4.05615 , -2.25499 , 0.0427059 , 0.0259309 , 0.0259415 , 0.0258246
3.62e-06 , 233.11 , 0.0388516 , 6e+21 , -4.05615 , -2.25499 , 0.0427059 , 0.0259309 , 0.0259415 , 0.0258246
3.625e-06 , 233.11 , 0.0388516 , 6e+21 , -4.05615 , -2.25499 , 0.0427059 , 0.0259309 , 0.0259415 , 0.0258246
3.63e-06 , 233.11 , 0.0388516 , 6e+21 , -4.05615 , -2.25499 , 0.0427059 , 0.0259309 , 0.0259415 , 0.0258246
3.635e-06 , 233.11 , 0.0388516 , 6e+21 , -4.05615 , -2.25499 , 0.0427059 , 0.0259309 , 0.0259415 , 0.0258246
3.64e-06 , 233.11 , 0.0388516 , 6e+21 , -4.05615 , -2.25499 , 0.0427059 , 0.0259309 , 0.0259415 , 0.0258246
3.645e-06 , 233.11 , 0.0388516 , 6e+21 , -4.05615 , -2.25499 , 0.0427059 , 0.0259309 , 0.0259415 , 0.0258246
3.65e-06 , 233.11 , 0.0388516 , 6e+21 , -4.05615 , -2.25499 , 0.0427059 , 0.0259309 , 0.0259415 , 0.0258246
3.655e-06 , 233.11 , 0.0388516 , 6e+21 , -4.05615 , -2.25499 , 0.0427059 , 0.0259309 , 0.0259415 , 0.0258246
3.66e-06 , 233.11 , 0.0388516 , 6e+21 , -4.05615 , -2.25499 , 0.0427059 , 0.0259309 , 0.0259415 , 0.0258246
3.665e-06 , 233.11 , 0.0388516 , 6e+21 , -4.05615 , -2.25499 , 0.0427059 , 0.0259309 , 0.0259415 , 0.0258246
3.67e-06 , 233.11 , 0.0388516 , 6e+21 , -4.05615 , -2.25499 , 0.0427059 , 0.0259309 , 0.0259415 , 0.0258246
3.675e-06 , 233.11 , 0.0388516 , 6e+21 , -4.05615 , -2.25499 , 0.0427059 , 0.0259309 , 0.0259415 , 0.0258246
3.68e-06 , 233.11 , 0.0388516 , 6e+21 , -4.05615 , -2.25499 , 0.0427059 , 0.0259309 , 0.0259415 , 0.0258246
3.685e-06 , 233.11 , 0.0388516 , 6e+21 , -4.05615 , -2.25499 , 0.0427059 , 0.0259309 , 0.0259415 , 0.0258246
3.69e-06 , 233.11 , 0.0388516 , 6e+21 , -4.05615 , -2.25499 , 0.0427059 , 0.0259309 , 0.0259415 , 0.0258246
3.695e-06 , 233.11 , 0.0388516 , 6e+21 , -4.05615 , -2.25499 , 0.0427059 , 0.0259309 , 0.0259415 , 0.0258246
3.7e-06 , 233.11 , 0.0388516 , 6e+21 , -4.05615 , -2.25499 , 0.0427059 , 0.0259309 , 0.0259415 , 0.0258246
3.705e-06 , 233.11 , 0.0388516 , 6e+21 , -4.05615 , -2.25499 , 0.0427059 , 0.0259309 , 0.0259415 , 0.0258246
3.71e-06 , 233.11 , 0.0388516 , 6e+21 , -4.05615 , -2.25499 , 0.0427059 , 0.0259309 , 0.0259415 , 0.0258246
3.715e-06 , 233.11 , 0.0388516 , 6e+21 , -4.05615 , -2.25499 , 0.0427059 , 0.0259309 , 0.0259415 , 0.0258246
3.72e-06 , 233.11 , 0.0388516 , 6e+21 , -4.05615 , -2.25499 , 0.0427059 , 0.0259309 , 0.0259415 , 0.0258246
3.725e-06 , 233.11 , 0.0388516 , 6e+21 , -4.05615 , -2.25499 , 0.0427059 , 0.0259309 , 0.0259415 , 0.0258246
3.73e-06 , 233.11 , 0.0388516 , 6e+21 , -4.05615 , -2.25499 , 0.0427059 , 0.0259309 , 0.0259415 , 0.0258246
3.735e-06 , 233.11 , 0.0388516 , 6e+21 , -4.05615 , -2.25499 , 0.0427059 , 0.0259309 , 0.0259415 , 0.0258246
3.74e-06 , 233.11 , 0.0388516 , 6e+21 , -4.05615 , -2.25499 , 0.0427059 , 0.0259309 , 0.0259415 , 0.0258246
3.745e-06 , 233.11 , 0.0388516 , 6e+21 , -4.05615 , -2.25499 , 0.0427059 , 0.0259309 , 0.0259415 , 0.0258246
3.75e-06 , 233.11 , 0.0388516 , 6e+21 , -4.05615 , -2.25499 , 0.0427059 , 0.0259309 , 0.0259415 , 0.0258246
3.755e-06 , 233.11 , 0.0388516 , 6e+21 , -4.05615 , -2.25499 , 0.0427059 , 0.0259309 , 0.0259415 , 0.0258246
3.76e-06 , 233.11 , 0.0388516 , 6e+21 , -4.05615 , -2.25499 , 0.0427059 , 0.0259309 , 0.0259415 , 0.0258246
3.765e-06 , 233.11 , 0.0388516 , 6e+21 , -4.05615 , -2.25499 , 0.0427059 , 0.0259309 , 0.0259415 , 0.0258246
3.77e-06 , 233.11 , 0.0388516 , 6e+21 , -4.05615 , -2.25499 , 0.0427059 , 0.0259309 , 0.0259415 , 0.0258246
3.775e-06 , 233.11 , 0.0388516 , 6e+21 , -4.05615 , -2.25499 , 0.0427059 , 0.0259309 , 0.0259415 , 0.0258246
3.78e-06 , 233.11 , 0.0388516 , 6e+21 , -4.05615 , -2.25499 , 0.0427059 , 0.0259309 , 0.0259415 , 0.0258246
3.785e-06 , 233.11 , 0.0388516 , 6e+21 , -4.05615 , -2.25499 , 0.0427059 , 0.0259309 , 0.0259415 , 0.0258246
3.79e-06 , 233.11 , 0.0388516 , 6e+21 , -4.05615 , -2.25499 , 0.0427059 , 0.0259309 , 0.0259415 , 0.0258246
3.795e-06 , 233.11 , 0.0388516 , 6e+21 , -4.05615 , -2.25499 , 0.0427059 , 0.0259309 , 0.0259415 , 0.0258246
3.8e-06 , 233.11 , 0.0388516 , 6e+21 , -4.05615 , -2.25499 , 0.0427059 , 0.0259309 , 0.0259415 , 0.0258246
3.805e-06 , 233.11 , 0.0388516 , 6e+21 , -4.05615 , -2.25499 , 0.0427059 , 0.0259309 , 0.0259415 , 0.0258246
3.81e-06 , 233.11 , 0.0388516 , 6e+21 , -4.05615 , -2.25499 , 0.0427059 , 0.0259309 , 0.0259415 , 0.0258246
3.815e-06 , 233.11 , 0.0388516 , 6e+21 , -4.05615 , -2.25499 , 0.0427059 , 0.0259309 , 0.0259415 , 0.0258246
3.82e-06 , 233.11 , 0.0388516 , 6e+21 , -4.05615 , -2.25499 , 0.0427059 , 0.0259309 , 0.0259415 , 0.0258246
3.825e-06 , 233.11 , 0.0388516 , 6e+21 , -4.05615 , -2.25499 , 0.0427059 , 0.0259309 , 0.0259415 , 0.0258246
3.83e-06 , 233.11 , 0.0388516 , 6e+21 , -4.05615 , -2.25499 , 0.0427059 , 0.0259309 , 0.0259415 , 0.0258246
3.835e-06 , 233.11 , 0.0388516 , 6e+21 , -4.05615 , -2.25499 , 0.0427059 , 0.0259309 , 0.0259415 , 0.0258246
3.84e-06 , 233.11 , 0.0388516 , 6e+21 , -4.05615 , -2.25499 , 0.0427059 , 0.0259309 , 0.0259415 , 0.0258246
3.845e-06 , 233.11 , 0.0388516 , 6e+21 , -4.05615 , -2.25499 , 0.0427059 , 0.0259309 , 0.0259415 , 0.0258246
3.85e-06 , 233.11 , 0.0388516 , 6e+21 , -4.05615 , -2.25499 , 0.0427059 , 0.0259309 , 0.0259415 , 0.0258246
3.855e-06 , 233.11 , 0.0388516 , 6e+21 , -4.05615 , -2.25499 , 0.0427059 , 0.0259309 , 0.0259415 , 0.0258246
3.86e-06 , 233.11 , 0.0388516 , 6e+21 , -4.05615 , -2.25499 , 0.0427059 , 0.0259309 , 0.0259415 , 0.0258246
3.865e-06 , 233.11 , 0.0388516 , 6e+21 , -4.05615 , -2.25499 , 0.0427059 , 0.0259309 , 0.0259415 , 0.0258246
3.87e-06 , 233.11 , 0.0388516 , 6e+21 , -4.05615 , -2.25499 , 0.0427059 , 0.0259309 , 0.0259415 , 0.0258246
3.875e-06 , 233.11 , 0.0388516 , 6e+21 , -4.05615 , -2.25499 , 0.0427059 , 0.0259309 , 0.0259415 , 0.0258246
3.88e-06 , 233.11 , 0.0388516 , 6e+21 , -4.05615 , -2.25499 , 0.0427059 , 0.0259309 , 0.0259415 , 0.0258246
3.885e-06 , 233.11 , 0.0388516 , 6e+21 , -4.05615 , -2.25499 , 0.0427059 , 0.0259309 , 0.0259415 , 0.0258246
3.89e-06 , 233.11 , 0.0388516 , 6e+21 , -4.05615 , -2.25499 , 0.0427059 , 0.0259309 , 0.0259415 , 0.0258246
3.895e-06 , 233.11 , 0.0388516 , 6e+21 , -4.05615 , -2.25499 , 0.0427059 , 0.0259309 , 0.0259415 , 0.0258246
3.9e-06 , 233.11 , 0.0388516 , 6e+21 , -4.05615 , -2.25499 , 0.0427059 , 0.0259309 , 0.0259415 , 0.0258246
3.905e-06 , 233.11 , 0.0388516 , 6e+21 , -4.05615 , -2.25499 , 0.0427059 , 0.0259309 , 0.0259415 , 0.0258246
3.91e-06 , 233.11 , 0.0388516 , 6e+21 , -4.05615 , -2.25499 , 0.0427059 , 0.0259309 , 0.0259415 , 0.0258246
3.915e-06 , 233.11 , 0.0388516 , 6e+21 , -4.05615 , -2.25499 , 0.0427059 , 0.0259309 , 0.0259415 , 0.0258246
3.92e-06 , 233.11 , 0.0388516 , 6e+21 , -4.05615 , -2.25499 , 0.0427059 , 0.0259309 , 0.0259415 , 0.0258246
3.925e-06 , 233.11 , 0.0388516 , 6e+21 , -4.05615 , -2.25499 , 0.0427059 , 0.0259309 , 0.0259415 , 0.0258246
3.93e-06 , 233.11 , 0.0388516 , 6e+21 , -4.05615 , -2.25499 , 0.0427059 , 0.0259309 , 0.0259415 , 0.0258246
3.935e-06 , 233.11 , 0.0388516 , 6e+21 , -4.05615 , -2.25499 , 0.0427059 , 0.0259309 , 0.0259415 , 0.0258246
3.94e-06 , 233.11 , 0.0388516 , 6e+21 , -4.05615 , -2.25499 , 0.0427059 , 0.0259309 , 0.0259415 , 0.0258246
3.945e-06 , 233.11 , 0.0388516 , 6e+21 , -4.05615 , -2.25499 , 0.0427059 , 0.0259309 , 0.0259415 , 0.0258246
3.95e-06 , 233.11 , 0.0388516 , 6e+21 , -4.05615 , -2.25499 , 0.0427059 , 0.0259309 , 0.0259415 , 0.0258246
3.955e-06 , 233.11 , 0.0388516 , 6e+21 , -4.05615 , -2.25499 , 0.0427059 , 0.0259309 , 0.0259415 , 0.0258246
3.96e-06 , 233.11 , 0.0388516 , 6e+21 , -4.05615 , -2.25499 , 0.0427059 , 0.0259309 , 0.0259415 , 0.0258246
3.965e-06 , 233.11 , 0.0388516 , 6e+21 , -4.05615 , -2.25499 , 0.0427059 , 0.0259309 , 0.0259415 , 0.0258246
3.97e-06 , 233.11 , 0.0388516 , 6e+21 , -4.05615 , -2.25499 , 0.0427059 , 0.0259309 , 0.0259415 , 0.0258246
3.975e-06 , 233.11 , 0.0388516 , 6e+21 , -4.05615 , -2.25499 , 0.0427059 , 0.0259309 , 0.0259415 , 0.0258246
3.98e-06 , 233.11 , 0.0388516 , 6e+21 , -4.05615 , -2.25499 , 0.0427059 , 0.0259309 , 0.0259415 , 0.0258246
3.985e-06 , 233.11 , 0.0388516 , 6e+21 , -4.05615 , -2.25499 , 0.0427059 , 0.0259309 , 0.0259415 , 0.0258246
3.99e-06 , 233.11 , 0.0388516 , 6e+21 , -4.05615 , -2.25499 , 0.0427059 , 0.0259309 , 0.0259415 , 0.0258246
3.995e-06 , 233.11 , 0.0388516 , 6e+21 , -4.05615 , -2.25499 , 0.0427059 , 0.0259309 , 0.0259415 , 0.0258246
4e-06 , 233.11 , 0.0388516 , 6e+21 , -4.05615 , -2.25499 , 0.0427059 , 0.0259309 , 0.0259415 , 0.0258246
