t , Ki , Mi , Ni , Vxi , Vyi , Vzi , Txi , Tyi , Tzi
0 , 117.696 , 0.0392318 , 3e+21 , 1.37722 , -9.97177 , 1.83203 , 0.0253939 , 0.0263853 , 0.0266541
4e-09 , 117.696 , 0.0392318 , 3e+21 , 1.37722 , -9.97177 , 1.83203 , 0.0253939 , 0.0263853 , 0.0266541
8e-09 , 117.696 , 0.0392318 , 3e+21 , 1.37722 , -9.97177 , 1.83203 , 0.0253939 , 0.0263853 , 0.0266541
1.2e-08 , 117.696 , 0.0392318 , 3e+21 , 1.37722 , -9.97177 , 1.83203 , 0.0253939 , 0.0263853 , 0.0266541
1.6e-08 , 117.696 , 0.0392318 , 3e+21 , 1.37722 , -9.97177 , 1.83203 , 0.0253939 , 0.0263853 , 0.0266541
2e-08 , 117.696 , 0.0392318 , 3e+21 , 1.37722 , -9.97177 , 1.83203 , 0.0253939 , 0.0263853 , 0.0266541
2.4e-08 , 117.696 , 0.0392318 , 3e+21 , 1.37722 , -9.97177 , 1.83203 , 0.0253939 , 0.0263853 , 0.0266541
2.8e-08 , 117.696 , 0.0392318 , 3e+21 , 1.37722 , -9.97177 , 1.83203 , 0.0253939 , 0.0263853 , 0.0266541
3.2e-08 , 117.696 , 0.0392318 , 3e+21 , 1.37722 , -9.97177 , 1.83203 , 0.0253939 , 0.0263853 , 0.0266541
3.6e-08 , 117.696 , 0.0392318 , 3e+21 , 1.37722 , -9.97177 , 1.83203 , 0.0253939 , 0.0263853 , 0.0266541
4e-08 , 117.696 , 0.0392318 , 3e+21 , 1.37722 , -9.97177 , 1.83203 , 0.0253939 , 0.0263853 , 0.0266541
4.4e-08 , 117.696 , 0.0392318 , 3e+21 , 1.37722 , -9.97177 , 1.83203 , 0.0253939 , 0.0263853 , 0.0266541
4.8e-08 , 117.696 , 0.0392318 , 3e+21 , 1.37722 , -9.97177 , 1.83203 , 0.0253939 , 0.0263853 , 0.0266541
5.2e-08 , 117.696 , 0.0392318 , 3e+21 , 1.37722 , -9.97177 , 1.83203 , 0.0253939 , 0.0263853 , 0.0266541
5.6e-08 , 117.696 , 0.0392318 , 3e+21 , 1.37722 , -9.97177 , 1.83203 , 0.0253939 , 0.0263853 , 0.0266541
6e-08 , 117.696 , 0.0392318 , 3e+21 , 1.37722 , -9.97177 , 1.83203 , 0.0253939 , 0.0263853 , 0.0266541
6.4e-08 , 117.696 , 0.0392318 , 3e+21 , 1.37722 , -9.97177 , 1.83203 , 0.0253939 , 0.0263853 , 0.0266541
6.8e-08 , 117.696 , 0.0392318 , 3e+21 , 1.37722 , -9.97177 , 1.83203 , 0.0253939 , 0.0263853 , 0.0266541
7.2e-08 , 117.696 , 0.0392318 , 3e+21 , 1.37722 , -9.97177 , 1.83203 , 0.0253939 , 0.0263853 , 0.0266541
7.6e-08 , 117.696 , 0.0392318 , 3e+21 , 1.37722 , -9.97177 , 1.83203 , 0.0253939 , 0.0263853 , 0.0266541
8e-08 , 117.696 , 0.0392318 , 3e+21 , 1.37722 , -9.97177 , 1.83203 , 0.0253939 , 0.0263853 , 0.0266541
8.4e-08 , 117.696 , 0.0392318 , 3e+21 , 1.37722 , -9.97177 , 1.83203 , 0.0253939 , 0.0263853 , 0.0266541
8.8e-08 , 117.696 , 0.0392318 , 3e+21 , 1.37722 , -9.97177 , 1.83203 , 0.0253939 , 0.0263853 , 0.0266541
9.2e-08 , 117.696 , 0.0392318 , 3e+21 , 1.37722 , -9.97177 , 1.83203 , 0.0253939 , 0.0263853 , 0.0266541
9.6e-08 , 117.696 , 0.0392318 , 3e+21 , 1.37722 , -9.97177 , 1.83203 , 0.0253939 , 0.0263853 , 0.0266541
1e-07 , 117.696 , 0.0392318 , 3e+21 , 1.37722 , -9.97177 , 1.83203 , 0.0253939 , 0.0263853 , 0.0266541
1.04e-07 , 117.696 , 0.0392318 , 3e+21 , 1.37722 , -9.97177 , 1.83203 , 0.0253939 , 0.0263853 , 0.0266541
1.08e-07 , 117.696 , 0.0392318 , 3e+21 , 1.37722 , -9.97177 , 1.83203 , 0.0253939 , 0.0263853 , 0.0266541
1.12e-07 , 117.696 , 0.0392318 , 3e+21 , 1.37722 , -9.97177 , 1.83203 , 0.0253939 , 0.0263853 , 0.0266541
1.16e-07 , 117.696 , 0.0392318 , 3e+21 , 1.37722 , -9.97177 , 1.83203 , 0.0253939 , 0.0263853 , 0.0266541
1.2e-07 , 117.696 , 0.0392318 , 3e+21 , 1.37722 , -9.97177 , 1.83203 , 0.0253939 , 0.0263853 , 0.0266541
1.24e-07 , 117.696 , 0.0392318 , 3e+21 , 1.37722 , -9.97177 , 1.83203 , 0.0253939 , 0.0263853 , 0.0266541
1.28e-07 , 117.696 , 0.0392318 , 3e+21 , 1.37722 , -9.97177 , 1.83203 , 0.0253939 , 0.0263853 , 0.0266541
1.32e-07 , 117.696 , 0.0392318 , 3e+21 , 1.37722 , -9.97177 , 1.83203 , 0.0253939 , 0.0263853 , 0.0266541
1.36e-07 , 117.696 , 0.0392318 , 3e+21 , 1.37722 , -9.97177 , 1.83203 , 0.0253939 , 0.0263853 , 0.0266541
1.4e-07 , 117.696 , 0.0392318 , 3e+21 , 1.37722 , -9.97177 , 1.83203 , 0.0253939 , 0.0263853 , 0.0266541
1.44e-07 , 117.696 , 0.0392318 , 3e+21 , 1.37722 , -9.97177 , 1.83203 , 0.0253939 , 0.0263853 , 0.0266541
1.48e-07 , 117.696 , 0.0392318 , 3e+21 , 1.37722 , -9.97177 , 1.83203 , 0.0253939 , 0.0263853 , 0.0266541
1.52e-07 , 117.696 , 0.0392318 , 3e+21 , 1.37722 , -9.97177 , 1.83203 , 0.0253939 , 0.0263853 , 0.0266541
1.56e-07 , 117.696 , 0.0392318 , 3e+21 , 1.37722 , -9.97177 , 1.83203 , 0.0253939 , 0.0263853 , 0.0266541
1.6e-07 , 117.696 , 0.0392318 , 3e+21 , 1.37722 , -9.97177 , 1.83203 , 0.0253939 , 0.0263853 , 0.0266541
1.64e-07 , 117.696 , 0.0392318 , 3e+21 , 1.37722 , -9.97177 , 1.83203 , 0.0253939 , 0.0263853 , 0.0266541
1.68e-07 , 117.696 , 0.0392318 , 3e+21 , 1.37722 , -9.97177 , 1.83203 , 0.0253939 , 0.0263853 , 0.0266541
1.72e-07 , 117.696 , 0.0392318 , 3e+21 , 1.37722 , -9.97177 , 1.83203 , 0.0253939 , 0.0263853 , 0.0266541
1.76e-07 , 117.696 , 0.0392318 , 3e+21 , 1.37722 , -9.97177 , 1.83203 , 0.0253939 , 0.0263853 , 0.0266541
1.8e-07 , 117.696 , 0.0392318 , 3e+21 , 1.37722 , -9.97177 , 1.83203 , 0.0253939 , 0.0263853 , 0.0266541
1.84e-07 , 117.696 , 0.0392318 , 3e+21 , 1.37722 , -9.97177 , 1.83203 , 0.0253939 , 0.0263853 , 0.0266541
1.88e-07 , 117.696 , 0.0392318 , 3e+21 , 1.37722 , -9.97177 , 1.83203 , 0.0253939 , 0.0263853 , 0.0266541
1.92e-07 , 117.696 , 0.0392318 , 3e+21 , 1.37722 , -9.97177 , 1.83203 , 0.0253939 , 0.0263853 , 0.0266541
1.96e-07 , 117.696 , 0.0392318 , 3e+21 , 1.37722 , -9.97177 , 1.83203 , 0.0253939 , 0.0263853 , 0.0266541
2e-07 , 117.696 , 0.0392318 , 3e+21 , 1.37722 , -9.97177 , 1.83203 , 0.0253939 , 0.0263853 , 0.0266541
2.04e-07 , 117.696 , 0.0392318 , 3e+21 , 1.37722 , -9.97177 , 1.83203 , 0.0253939 , 0.0263853 , 0.0266541
2.08e-07 , 117.696 , 0.0392318 , 3e+21 , 1.37722 , -9.97177 , 1.83203 , 0.0253939 , 0.0263853 , 0.0266541
2.12e-07 , 117.696 , 0.0392318 , 3e+21 , 1.37722 , -9.97177 , 1.83203 , 0.0253939 , 0.0263853 , 0.0266541
2.16e-07 , 117.696 , 0.0392318 , 3e+21 , 1.37722 , -9.97177 , 1.83203 , 0.0253939 , 0.0263853 , 0.0266541
2.2e-07 , 117.696 , 0.0392318 , 3e+21 , 1.37722 , -9.97177 , 1.83203 , 0.0253939 , 0.0263853 , 0.0266541
2.24e-07 , 117.696 , 0.0392318 , 3e+21 , 1.37722 , -9.97177 , 1.83203 , 0.0253939 , 0.0263853 , 0.0266541
2.28e-07 , 117.696 , 0.0392318 , 3e+21 , 1.37722 , -9.97177 , 1.83203 , 0.0253939 , 0.0263853 , 0.0266541
2.32e-07 , 117.696 , 0.0392318 , 3e+21 , 1.37722 , -9.97177 , 1.83203 , 0.0253939 , 0.0263853 , 0.0266541
2.36e-07 , 117.696 , 0.0392318 , 3e+21 , 1.37722 , -9.97177 , 1.83203 , 0.0253939 , 0.0263853 , 0.0266541
2.4e-07 , 117.696 , 0.0392318 , 3e+21 , 1.37722 , -9.97177 , 1.83203 , 0.0253939 , 0.0263853 , 0.0266541
2.44e-07 , 117.696 , 0.0392318 , 3e+21 , 1.37722 , -9.97177 , 1.83203 , 0.0253939 , 0.0263853 , 0.0266541
2.48e-07 , 117.696 , 0.0392318 , 3e+21 , 1.37722 , -9.97177 , 1.83203 , 0.0253939 , 0.0263853 , 0.0266541
2.52e-07 , 117.696 , 0.0392318 , 3e+21 , 1.37722 , -9.97177 , 1.83203 , 0.0253939 , 0.0263853 , 0.0266541
2.56e-07 , 117.696 , 0.0392318 , 3e+21 , 1.37722 , -9.97177 , 1.83203 , 0.0253939 , 0.0263853 , 0.0266541
2.6e-07 , 117.696 , 0.0392318 , 3e+21 , 1.37722 , -9.97177 , 1.83203 , 0.0253939 , 0.0263853 , 0.0266541
2.64e-07 , 117.696 , 0.0392318 , 3e+21 , 1.37722 , -9.97177 , 1.83203 , 0.0253939 , 0.0263853 , 0.0266541
2.68e-07 , 117.696 , 0.0392318 , 3e+21 , 1.37722 , -9.97177 , 1.83203 , 0.0253939 , 0.0263853 , 0.0266541
2.72e-07 , 117.696 , 0.0392318 , 3e+21 , 1.37722 , -9.97177 , 1.83203 , 0.0253939 , 0.0263853 , 0.0266541
2.76e-07 , 117.696 , 0.0392318 , 3e+21 , 1.37722 , -9.97177 , 1.83203 , 0.0253939 , 0.0263853 , 0.0266541
2.8e-07 , 117.696 , 0.0392318 , 3e+21 , 1.37722 , -9.97177 , 1.83203 , 0.0253939 , 0.0263853 , 0.0266541
2.84e-07 , 117.696 , 0.0392318 , 3e+21 , 1.37722 , -9.97177 , 1.83203 , 0.0253939 , 0.0263853 , 0.0266541
2.88e-07 , 117.696 , 0.0392318 , 3e+21 , 1.37722 , -9.97177 , 1.83203 , 0.0253939 , 0.0263853 , 0.0266541
2.92e-07 , 117.696 , 0.0392318 , 3e+21 , 1.37722 , -9.97177 , 1.83203 , 0.0253939 , 0.0263853 , 0.0266541
2.96e-07 , 117.696 , 0.0392318 , 3e+21 , 1.37722 , -9.97177 , 1.83203 , 0.0253939 , 0.0263853 , 0.0266541
3e-07 , 117.696 , 0.0392318 , 3e+21 , 1.37722 , -9.97177 , 1.83203 , 0.0253939 , 0.0263853 , 0.0266541
3.04e-07 , 117.696 , 0.0392318 , 3e+21 , 1.37722 , -9.97177 , 1.83203 , 0.0253939 , 0.0263853 , 0.0266541
3.08e-07 , 117.696 , 0.0392318 , 3e+21 , 1.37722 , -9.97177 , 1.83203 , 0.0253939 , 0.0263853 , 0.0266541
3.12e-07 , 117.696 , 0.0392318 , 3e+21 , 1.37722 , -9.97177 , 1.83203 , 0.0253939 , 0.0263853 , 0.0266541
3.16e-07 , 117.696 , 0.0392318 , 3e+21 , 1.37722 , -9.97177 , 1.83203 , 0.0253939 , 0.0263853 , 0.0266541
3.2e-07 , 117.696 , 0.0392318 , 3e+21 , 1.37722 , -9.97177 , 1.83203 , 0.0253939 , 0.0263853 , 0.0266541
3.24e-07 , 117.696 , 0.0392318 , 3e+21 , 1.37722 , -9.97177 , 1.83203 , 0.0253939 , 0.0263853 , 0.0266541
3.28e-07 , 117.696 , 0.0392318 , 3e+21 , 1.37722 , -9.97177 , 1.83203 , 0.0253939 , 0.0263853 , 0.0266541
3.32e-07 , 117.696 , 0.0392318 , 3e+21 , 1.37722 , -9.97177 , 1.83203 , 0.0253939 , 0.0263853 , 0.0266541
3.36e-07 , 117.696 , 0.0392318 , 3e+21 , 1.37722 , -9.97177 , 1.83203 , 0.0253939 , 0.0263853 , 0.0266541
3.4e-07 , 117.696 , 0.0392318 , 3e+21 , 1.37722 , -9.97177 , 1.83203 , 0.0253939 , 0.0263853 , 0.0266541
3.44e-07 , 117.696 , 0.0392318 , 3e+21 , 1.37722 , -9.97177 , 1.83203 , 0.0253939 , 0.0263853 , 0.0266541
3.48e-07 , 117.696 , 0.0392318 , 3e+21 , 1.37722 , -9.97177 , 1.83203 , 0.0253939 , 0.0263853 , 0.0266541
3.52e-07 , 117.696 , 0.0392318 , 3e+21 , 1.37722 , -9.97177 , 1.83203 , 0.0253939 , 0.0263853 , 0.0266541
3.56e-07 , 117.696 , 0.0392318 , 3e+21 , 1.37722 , -9.97177 , 1.83203 , 0.0253939 , 0.0263853 , 0.0266541
3.6e-07 , 117.696 , 0.0392318 , 3e+21 , 1.37722 , -9.97177 , 1.83203 , 0.0253939 , 0.0263853 , 0.0266541
3.64e-07 , 117.696 , 0.0392318 , 3e+21 , 1.37722 , -9.97177 , 1.83203 , 0.0253939 , 0.0263853 , 0.0266541
3.68e-07 , 117.696 , 0.0392318 , 3e+21 , 1.37722 , -9.97177 , 1.83203 , 0.0253939 , 0.0263853 , 0.0266541
3.72e-07 , 117.696 , 0.0392318 , 3e+21 , 1.37722 , -9.97177 , 1.83203 , 0.0253939 , 0.0263853 , 0.0266541
3.76e-07 , 117.696 , 0.0392318 , 3e+21 , 1.37722 , -9.97177 , 1.83203 , 0.0253939 , 0.0263853 , 0.0266541
3.8e-07 , 117.696 , 0.0392318 , 3e+21 , 1.37722 , -9.97177 , 1.83203 , 0.0253939 , 0.0263853 , 0.0266541
3.84e-07 , 117.696 , 0.0392318 , 3e+21 , 1.37722 , -9.97177 , 1.83203 , 0.0253939 , 0.0263853 , 0.0266541
3.88e-07 , 117.696 , 0.0392318 , 3e+21 , 1.37722 , -9.97177 , 1.83203 , 0.0253939 , 0.0263853 , 0.0266541
3.92e-07 , 117.696 , 0.0392318 , 3e+21 , 1.37722 , -9.97177 , 1.83203 , 0.0253939 , 0.0263853 , 0.0266541
3.96e-07 , 117.696 , 0.0392318 , 3e+21 , 1.37722 , -9.97177 , 1.83203 , 0.0253939 , 0.0263853 , 0.0266541
4e-07 , 117.696 , 0.0392318 , 3e+21 , 1.37722 , -9.97177 , 1.83203 , 0.0253939 , 0.0263853 , 0.0266541
4.04e-07 , 117.696 , 0.0392318 , 3e+21 , 1.37722 , -9.97177 , 1.83203 , 0.0253939 , 0.0263853 , 0.0266541
4.08e-07 , 117.696 , 0.0392318 , 3e+21 , 1.37722 , -9.97177 , 1.83203 , 0.0253939 , 0.0263853 , 0.0266541
4.12e-07 , 117.696 , 0.0392318 , 3e+21 , 1.37722 , -9.97177 , 1.83203 , 0.0253939 , 0.0263853 , 0.0266541
4.16e-07 , 117.696 , 0.0392318 , 3e+21 , 1.37722 , -9.97177 , 1.83203 , 0.0253939 , 0.0263853 , 0.0266541
4.2e-07 , 117.696 , 0.0392318 , 3e+21 , 1.37722 , -9.97177 , 1.83203 , 0.0253939 , 0.0263853 , 0.0266541
4.24e-07 , 117.696 , 0.0392318 , 3e+21 , 1.37722 , -9.97177 , 1.83203 , 0.0253939 , 0.0263853 , 0.0266541
4.28e-07 , 117.696 , 0.0392318 , 3e+21 , 1.37722 , -9.97177 , 1.83203 , 0.0253939 , 0.0263853 , 0.0266541
4.32e-07 , 117.696 , 0.0392318 , 3e+21 , 1.37722 , -9.97177 , 1.83203 , 0.0253939 , 0.0263853 , 0.0266541
4.36e-07 , 117.696 , 0.0392318 , 3e+21 , 1.37722 , -9.97177 , 1.83203 , 0.0253939 , 0.0263853 , 0.0266541
4.4e-07 , 117.696 , 0.0392318 , 3e+21 , 1.37722 , -9.97177 , 1.83203 , 0.0253939 , 0.0263853 , 0.0266541
4.44e-07 , 117.696 , 0.0392318 , 3e+21 , 1.37722 , -9.97177 , 1.83203 , 0.0253939 , 0.0263853 , 0.0266541
4.48e-07 , 117.696 , 0.0392318 , 3e+21 , 1.37722 , -9.97177 , 1.83203 , 0.0253939 , 0.0263853 , 0.0266541
4.52e-07 , 117.696 , 0.0392318 , 3e+21 , 1.37722 , -9.97177 , 1.83203 , 0.0253939 , 0.0263853 , 0.0266541
4.56e-07 , 117.696 , 0.0392318 , 3e+21 , 1.37722 , -9.97177 , 1.83203 , 0.0253939 , 0.0263853 , 0.0266541
4.6e-07 , 117.696 , 0.0392318 , 3e+21 , 1.37722 , -9.97177 , 1.83203 , 0.0253939 , 0.0263853 , 0.0266541
4.64e-07 , 117.696 , 0.0392318 , 3e+21 , 1.37722 , -9.97177 , 1.83203 , 0.0253939 , 0.0263853 , 0.0266541
4.68e-07 , 117.696 , 0.0392318 , 3e+21 , 1.37722 , -9.97177 , 1.83203 , 0.0253939 , 0.0263853 , 0.0266541
4.72e-07 , 117.696 , 0.0392318 , 3e+21 , 1.37722 , -9.97177 , 1.83203 , 0.0253939 , 0.0263853 , 0.0266541
4.76e-07 , 117.696 , 0.0392318 , 3e+21 , 1.37722 , -9.97177 , 1.83203 , 0.0253939 , 0.0263853 , 0.0266541
4.8e-07 , 117.696 , 0.0392318 , 3e+21 , 1.37722 , -9.97177 , 1.83203 , 0.0253939 , 0.0263853 , 0.0266541
4.84e-07 , 117.696 , 0.0392318 , 3e+21 , 1.37722 , -9.97177 , 1.83203 , 0.0253939 , 0.0263853 , 0.0266541
4.88e-07 , 117.696 , 0.0392318 , 3e+21 , 1.37722 , -9.97177 , 1.83203 , 0.0253939 , 0.0263853 , 0.0266541
4.92e-07 , 117.696 , 0.0392318 , 3e+21 , 1.37722 , -9.97177 , 1.83203 , 0.0253939 , 0.0263853 , 0.0266541
4.96e-07 , 117.696 , 0.0392318 , 3e+21 , 1.37722 , -9.97177 , 1.83203 , 0.0253939 , 0.0263853 , 0.0266541
5e-07 , 117.696 , 0.0392318 , 3e+21 , 1.37722 , -9.97177 , 1.83203 , 0.0253939 , 0.0263853 , 0.0266541
5.04e-07 , 117.696 , 0.0392318 , 3e+21 , 1.37722 , -9.97177 , 1.83203 , 0.0253939 , 0.0263853 , 0.0266541
5.08e-07 , 117.696 , 0.0392318 , 3e+21 , 1.37722 , -9.97177 , 1.83203 , 0.0253939 , 0.0263853 , 0.0266541
5.12e-07 , 117.696 , 0.0392318 , 3e+21 , 1.37722 , -9.97177 , 1.83203 , 0.0253939 , 0.0263853 , 0.0266541
5.16e-07 , 117.696 , 0.0392318 , 3e+21 , 1.37722 , -9.97177 , 1.83203 , 0.0253939 , 0.0263853 , 0.0266541
5.2e-07 , 117.696 , 0.0392318 , 3e+21 , 1.37722 , -9.97177 , 1.83203 , 0.0253939 , 0.0263853 , 0.0266541
5.24e-07 , 117.696 , 0.0392318 , 3e+21 , 1.37722 , -9.97177 , 1.83203 , 0.0253939 , 0.0263853 , 0.0266541
5.28e-07 , 117.696 , 0.0392318 , 3e+21 , 1.37722 , -9.97177 , 1.83203 , 0.0253939 , 0.0263853 , 0.0266541
5.32e-07 , 117.696 , 0.0392318 , 3e+21 , 1.37722 , -9.97177 , 1.83203 , 0.0253939 , 0.0263853 , 0.0266541
5.36e-07 , 117.696 , 0.0392318 , 3e+21 , 1.37722 , -9.97177 , 1.83203 , 0.0253939 , 0.0263853 , 0.0266541
5.4e-07 , 117.696 , 0.0392318 , 3e+21 , 1.37722 , -9.97177 , 1.83203 , 0.0253939 , 0.0263853 , 0.0266541
5.44e-07 , 117.696 , 0.0392318 , 3e+21 , 1.37722 , -9.97177 , 1.83203 , 0.0253939 , 0.0263853 , 0.0266541
5.48e-07 , 117.696 , 0.0392318 , 3e+21 , 1.37722 , -9.97177 , 1.83203 , 0.0253939 , 0.0263853 , 0.0266541
5.52e-07 , 117.696 , 0.0392318 , 3e+21 , 1.37722 , -9.97177 , 1.83203 , 0.0253939 , 0.0263853 , 0.0266541
5.56e-07 , 117.696 , 0.0392318 , 3e+21 , 1.37722 , -9.97177 , 1.83203 , 0.0253939 , 0.0263853 , 0.0266541
5.6e-07 , 117.696 , 0.0392318 , 3e+21 , 1.37722 , -9.97177 , 1.83203 , 0.0253939 , 0.0263853 , 0.0266541
5.64e-07 , 117.696 , 0.0392318 , 3e+21 , 1.37722 , -9.97177 , 1.83203 , 0.0253939 , 0.0263853 , 0.0266541
5.68e-07 , 117.696 , 0.0392318 , 3e+21 , 1.37722 , -9.97177 , 1.83203 , 0.0253939 , 0.0263853 , 0.0266541
5.72e-07 , 117.696 , 0.0392318 , 3e+21 , 1.37722 , -9.97177 , 1.83203 , 0.0253939 , 0.0263853 , 0.0266541
5.76e-07 , 117.696 , 0.0392318 , 3e+21 , 1.37722 , -9.97177 , 1.83203 , 0.0253939 , 0.0263853 , 0.0266541
5.8e-07 , 117.696 , 0.0392318 , 3e+21 , 1.37722 , -9.97177 , 1.83203 , 0.0253939 , 0.0263853 , 0.0266541
5.84e-07 , 117.696 , 0.0392318 , 3e+21 , 1.37722 , -9.97177 , 1.83203 , 0.0253939 , 0.0263853 , 0.0266541
5.88e-07 , 117.696 , 0.0392318 , 3e+21 , 1.37722 , -9.97177 , 1.83203 , 0.0253939 , 0.0263853 , 0.0266541
5.92e-07 , 117.696 , 0.0392318 , 3e+21 , 1.37722 , -9.97177 , 1.83203 , 0.0253939 , 0.0263853 , 0.0266541
5.96e-07 , 117.696 , 0.0392318 , 3e+21 , 1.37722 , -9.97177 , 1.83203 , 0.0253939 , 0.0263853 , 0.0266541
6e-07 , 117.696 , 0.0392318 , 3e+21 , 1.37722 , -9.97177 , 1.83203 , 0.0253939 , 0.0263853 , 0.0266541
6.04e-07 , 117.696 , 0.0392318 , 3e+21 , 1.37722 , -9.97177 , 1.83203 , 0.0253939 , 0.0263853 , 0.0266541
6.08e-07 , 117.696 , 0.0392318 , 3e+21 , 1.37722 , -9.97177 , 1.83203 , 0.0253939 , 0.0263853 , 0.0266541
6.12e-07 , 117.696 , 0.0392318 , 3e+21 , 1.37722 , -9.97177 , 1.83203 , 0.0253939 , 0.0263853 , 0.0266541
6.16e-07 , 117.696 , 0.0392318 , 3e+21 , 1.37722 , -9.97177 , 1.83203 , 0.0253939 , 0.0263853 , 0.0266541
6.2e-07 , 117.696 , 0.0392318 , 3e+21 , 1.37722 , -9.97177 , 1.83203 , 0.0253939 , 0.0263853 , 0.0266541
6.24e-07 , 117.696 , 0.0392318 , 3e+21 , 1.37722 , -9.97177 , 1.83203 , 0.0253939 , 0.0263853 , 0.0266541
6.28e-07 , 117.696 , 0.0392318 , 3e+21 , 1.37722 , -9.97177 , 1.83203 , 0.0253939 , 0.0263853 , 0.0266541
6.32e-07 , 117.696 , 0.0392318 , 3e+21 , 1.37722 , -9.97177 , 1.83203 , 0.0253939 , 0.0263853 , 0.0266541
6.36e-07 , 117.696 , 0.0392318 , 3e+21 , 1.37722 , -9.97177 , 1.83203 , 0.0253939 , 0.0263853 , 0.0266541
6.4e-07 , 117.696 , 0.0392318 , 3e+21 , 1.37722 , -9.97177 , 1.83203 , 0.0253939 , 0.0263853 , 0.0266541
6.44e-07 , 117.696 , 0.0392318 , 3e+21 , 1.37722 , -9.97177 , 1.83203 , 0.0253939 , 0.0263853 , 0.0266541
6.48e-07 , 117.696 , 0.0392318 , 3e+21 , 1.37722 , -9.97177 , 1.83203 , 0.0253939 , 0.0263853 , 0.0266541
6.52e-07 , 117.696 , 0.0392318 , 3e+21 , 1.37722 , -9.97177 , 1.83203 , 0.0253939 , 0.0263853 , 0.0266541
6.56e-07 , 117.696 , 0.0392318 , 3e+21 , 1.37722 , -9.97177 , 1.83203 , 0.0253939 , 0.0263853 , 0.0266541
6.6e-07 , 117.696 , 0.0392318 , 3e+21 , 1.37722 , -9.97177 , 1.83203 , 0.0253939 , 0.0263853 , 0.0266541
6.64e-07 , 117.696 , 0.0392318 , 3e+21 , 1.37722 , -9.97177 , 1.83203 , 0.0253939 , 0.0263853 , 0.0266541
6.68e-07 , 117.696 , 0.0392318 , 3e+21 , 1.37722 , -9.97177 , 1.83203 , 0.0253939 , 0.0263853 , 0.0266541
6.72e-07 , 117.696 , 0.0392318 , 3e+21 , 1.37722 , -9.97177 , 1.83203 , 0.0253939 , 0.0263853 , 0.0266541
6.76e-07 , 117.696 , 0.0392318 , 3e+21 , 1.37722 , -9.97177 , 1.83203 , 0.0253939 , 0.0263853 , 0.0266541
6.8e-07 , 117.696 , 0.0392318 , 3e+21 , 1.37722 , -9.97177 , 1.83203 , 0.0253939 , 0.0263853 , 0.0266541
6.84e-07 , 117.696 , 0.0392318 , 3e+21 , 1.37722 , -9.97177 , 1.83203 , 0.0253939 , 0.0263853 , 0.0266541
6.88e-07 , 117.696 , 0.0392318 , 3e+21 , 1.37722 , -9.97177 , 1.83203 , 0.0253939 , 0.0263853 , 0.0266541
6.92e-07 , 117.696 , 0.0392318 , 3e+21 , 1.37722 , -9.97177 , 1.83203 , 0.0253939 , 0.0263853 , 0.0266541
6.96e-07 , 117.696 , 0.0392318 , 3e+21 , 1.37722 , -9.97177 , 1.83203 , 0.0253939 , 0.0263853 , 0.0266541
7e-07 , 117.696 , 0.0392318 , 3e+21 , 1.37722 , -9.97177 , 1.83203 , 0.0253939 , 0.0263853 , 0.0266541
7.04e-07 , 117.696 , 0.0392318 , 3e+21 , 1.37722 , -9.97177 , 1.83203 , 0.0253939 , 0.0263853 , 0.0266541
7.08e-07 , 117.696 , 0.0392318 , 3e+21 , 1.37722 , -9.97177 , 1.83203 , 0.0253939 , 0.0263853 , 0.0266541
7.12e-07 , 117.696 , 0.0392318 , 3e+21 , 1.37722 , -9.97177 , 1.83203 , 0.0253939 , 0.0263853 , 0.0266541
7.16e-07 , 117.696 , 0.0392318 , 3e+21 , 1.37722 , -9.97177 , 1.83203 , 0.0253939 , 0.0263853 , 0.0266541
7.2e-07 , 117.696 , 0.0392318 , 3e+21 , 1.37722 , -9.97177 , 1.83203 , 0.0253939 , 0.0263853 , 0.0266541
7.24e-07 , 117.696 , 0.0392318 , 3e+21 , 1.37722 , -9.97177 , 1.83203 , 0.0253939 , 0.0263853 , 0.0266541
7.28e-07 , 117.696 , 0.0392318 , 3e+21 , 1.37722 , -9.97177 , 1.83203 , 0.0253939 , 0.0263853 , 0.0266541
7.32e-07 , 117.696 , 0.0392318 , 3e+21 , 1.37722 , -9.97177 , 1.83203 , 0.0253939 , 0.0263853 , 0.0266541
7.36e-07 , 117.696 , 0.0392318 , 3e+21 , 1.37722 , -9.97177 , 1.83203 , 0.0253939 , 0.0263853 , 0.0266541
7.4e-07 , 117.696 , 0.0392318 , 3e+21 , 1.37722 , -9.97177 , 1.83203 , 0.0253939 , 0.0263853 , 0.0266541
7.44e-07 , 117.696 , 0.0392318 , 3e+21 , 1.37722 , -9.97177 , 1.83203 , 0.0253939 , 0.0263853 , 0.0266541
7.48e-07 , 117.696 , 0.0392318 , 3e+21 , 1.37722 , -9.97177 , 1.83203 , 0.0253939 , 0.0263853 , 0.0266541
7.52e-07 , 117.696 , 0.0392318 , 3e+21 , 1.37722 , -9.97177 , 1.83203 , 0.0253939 , 0.0263853 , 0.0266541
7.56e-07 , 117.696 , 0.0392318 , 3e+21 , 1.37722 , -9.97177 , 1.83203 , 0.0253939 , 0.0263853 , 0.0266541
7.6e-07 , 117.696 , 0.0392318 , 3e+21 , 1.37722 , -9.97177 , 1.83203 , 0.0253939 , 0.0263853 , 0.0266541
7.64e-07 , 117.696 , 0.0392318 , 3e+21 , 1.37722 , -9.97177 , 1.83203 , 0.0253939 , 0.0263853 , 0.0266541
7.68e-07 , 117.696 , 0.0392318 , 3e+21 , 1.37722 , -9.97177 , 1.83203 , 0.0253939 , 0.0263853 , 0.0266541
7.72e-07 , 117.696 , 0.0392318 , 3e+21 , 1.37722 , -9.97177 , 1.83203 , 0.0253939 , 0.0263853 , 0.0266541
7.76e-07 , 117.696 , 0.0392318 , 3e+21 , 1.37722 , -9.97177 , 1.83203 , 0.0253939 , 0.0263853 , 0.0266541
7.8e-07 , 117.696 , 0.0392318 , 3e+21 , 1.37722 , -9.97177 , 1.83203 , 0.0253939 , 0.0263853 , 0.0266541
7.84e-07 , 117.696 , 0.0392318 , 3e+21 , 1.37722 , -9.97177 , 1.83203 , 0.0253939 , 0.0263853 , 0.0266541
7.88e-07 , 117.696 , 0.0392318 , 3e+21 , 1.37722 , -9.97177 , 1.83203 , 0.0253939 , 0.0263853 , 0.0266541
7.92e-07 , 117.696 , 0.0392318 , 3e+21 , 1.37722 , -9.97177 , 1.83203 , 0.0253939 , 0.0263853 , 0.0266541
7.96e-07 , 117.696 , 0.0392318 , 3e+21 , 1.37722 , -9.97177 , 1.83203 , 0.0253939 , 0.0263853 , 0.0266541
8e-07 , 117.696 , 0.0392318 , 3e+21 , 1.37722 , -9.97177 , 1.83203 , 0.0253939 , 0.0263853 , 0.0266541
8.04e-07 , 117.696 , 0.0392318 , 3e+21 , 1.37722 , -9.97177 , 1.83203 , 0.0253939 , 0.0263853 , 0.0266541
8.08e-07 , 117.696 , 0.0392318 , 3e+21 , 1.37722 , -9.97177 , 1.83203 , 0.0253939 , 0.0263853 , 0.0266541
8.12e-07 , 117.696 , 0.0392318 , 3e+21 , 1.37722 , -9.97177 , 1.83203 , 0.0253939 , 0.0263853 , 0.0266541
8.16e-07 , 117.696 , 0.0392318 , 3e+21 , 1.37722 , -9.97177 , 1.83203 , 0.0253939 , 0.0263853 , 0.0266541
8.2e-07 , 117.696 , 0.0392318 , 3e+21 , 1.37722 , -9.97177 , 1.83203 , 0.0253939 , 0.0263853 , 0.0266541
8.24e-07 , 117.696 , 0.0392318 , 3e+21 , 1.37722 , -9.97177 , 1.83203 , 0.0253939 , 0.0263853 , 0.0266541
8.28e-07 , 117.696 , 0.0392318 , 3e+21 , 1.37722 , -9.97177 , 1.83203 , 0.0253939 , 0.0263853 , 0.0266541
8.32e-07 , 117.696 , 0.0392318 , 3e+21 , 1.37722 , -9.97177 , 1.83203 , 0.0253939 , 0.0263853 , 0.0266541
8.36e-07 , 117.696 , 0.0392318 , 3e+21 , 1.37722 , -9.97177 , 1.83203 , 0.0253939 , 0.0263853 , 0.0266541
8.4e-07 , 117.696 , 0.0392318 , 3e+21 , 1.37722 , -9.97177 , 1.83203 , 0.0253939 , 0.0263853 , 0.0266541
8.44e-07 , 117.696 , 0.0392318 , 3e+21 , 1.37722 , -9.97177 , 1.83203 , 0.0253939 , 0.0263853 , 0.0266541
8.48e-07 , 117.696 , 0.0392318 , 3e+21 , 1.37722 , -9.97177 , 1.83203 , 0.0253939 , 0.0263853 , 0.0266541
8.52e-07 , 117.696 , 0.0392318 , 3e+21 , 1.37722 , -9.97177 , 1.83203 , 0.0253939 , 0.0263853 , 0.0266541
8.56e-07 , 117.696 , 0.0392318 , 3e+21 , 1.37722 , -9.97177 , 1.83203 , 0.0253939 , 0.0263853 , 0.0266541
8.6e-07 , 117.696 , 0.0392318 , 3e+21 , 1.37722 , -9.97177 , 1.83203 , 0.0253939 , 0.0263853 , 0.0266541
8.64e-07 , 117.696 , 0.0392318 , 3e+21 , 1.37722 , -9.97177 , 1.83203 , 0.0253939 , 0.0263853 , 0.0266541
8.68e-07 , 117.696 , 0.0392318 , 3e+21 , 1.37722 , -9.97177 , 1.83203 , 0.0253939 , 0.0263853 , 0.0266541
8.72e-07 , 117.696 , 0.0392318 , 3e+21 , 1.37722 , -9.97177 , 1.83203 , 0.0253939 , 0.0263853 , 0.0266541
8.76e-07 , 117.696 , 0.0392318 , 3e+21 , 1.37722 , -9.97177 , 1.83203 , 0.0253939 , 0.0263853 , 0.0266541
8.8e-07 , 117.696 , 0.0392318 , 3e+21 , 1.37722 , -9.97177 , 1.83203 , 0.0253939 , 0.0263853 , 0.0266541
8.84e-07 , 117.696 , 0.0392318 , 3e+21 , 1.37722 , -9.97177 , 1.83203 , 0.0253939 , 0.0263853 , 0.0266541
8.88e-07 , 117.696 , 0.0392318 , 3e+21 , 1.37722 , -9.97177 , 1.83203 , 0.0253939 , 0.0263853 , 0.0266541
8.92e-07 , 117.696 , 0.0392318 , 3e+21 , 1.37722 , -9.97177 , 1.83203 , 0.0253939 , 0.0263853 , 0.0266541
8.96e-07 , 117.696 , 0.0392318 , 3e+21 , 1.37722 , -9.97177 , 1.83203 , 0.0253939 , 0.0263853 , 0.0266541
9e-07 , 117.696 , 0.0392318 , 3e+21 , 1.37722 , -9.97177 , 1.83203 , 0.0253939 , 0.0263853 , 0.0266541
9.04e-07 , 117.696 , 0.0392318 , 3e+21 , 1.37722 , -9.97177 , 1.83203 , 0.0253939 , 0.0263853 , 0.0266541
9.08e-07 , 117.696 , 0.0392318 , 3e+21 , 1.37722 , -9.97177 , 1.83203 , 0.0253939 , 0.0263853 , 0.0266541
9.12e-07 , 117.696 , 0.0392318 , 3e+21 , 1.37722 , -9.97177 , 1.83203 , 0.0253939 , 0.0263853 , 0.0266541
9.16e-07 , 117.696 , 0.0392318 , 3e+21 , 1.37722 , -9.97177 , 1.83203 , 0.0253939 , 0.0263853 , 0.0266541
9.2e-07 , 117.696 , 0.0392318 , 3e+21 , 1.37722 , -9.97177 , 1.83203 , 0.0253939 , 0.0263853 , 0.0266541
9.24e-07 , 117.696 , 0.0392318 , 3e+21 , 1.37722 , -9.97177 , 1.83203 , 0.0253939 , 0.0263853 , 0.0266541
9.28e-07 , 117.696 , 0.0392318 , 3e+21 , 1.37722 , -9.97177 , 1.83203 , 0.0253939 , 0.0263853 , 0.0266541
9.32e-07 , 117.696 , 0.0392318 , 3e+21 , 1.37722 , -9.97177 , 1.83203 , 0.0253939 , 0.0263853 , 0.0266541
9.36e-07 , 117.696 , 0.0392318 , 3e+21 , 1.37722 , -9.97177 , 1.83203 , 0.0253939 , 0.0263853 , 0.0266541
9.4e-07 , 117.696 , 0.0392318 , 3e+21 , 1.37722 , -9.97177 , 1.83203 , 0.0253939 , 0.0263853 , 0.0266541
9.44e-07 , 117.696 , 0.0392318 , 3e+21 , 1.37722 , -9.97177 , 1.83203 , 0.0253939 , 0.0263853 , 0.0266541
9.48e-07 , 117.696 , 0.0392318 , 3e+21 , 1.37722 , -9.97177 , 1.83203 , 0.0253939 , 0.0263853 , 0.0266541
9.52e-07 , 117.696 , 0.0392318 , 3e+21 , 1.37722 , -9.97177 , 1.83203 , 0.0253939 , 0.0263853 , 0.0266541
9.56e-07 , 117.696 , 0.0392318 , 3e+21 , 1.37722 , -9.97177 , 1.83203 , 0.0253939 , 0.0263853 , 0.0266541
9.6e-07 , 117.696 , 0.0392318 , 3e+21 , 1.37722 , -9.97177 , 1.83203 , 0.0253939 , 0.0263853 , 0.0266541
9.64e-07 , 117.696 , 0.0392318 , 3e+21 , 1.37722 , -9.97177 , 1.83203 , 0.0253939 , 0.0263853 , 0.0266541
9.68e-07 , 117.696 , 0.0392318 , 3e+21 , 1.37722 , -9.97177 , 1.83203 , 0.0253939 , 0.0263853 , 0.0266541
9.72e-07 , 117.696 , 0.0392318 , 3e+21 , 1.37722 , -9.97177 , 1.83203 , 0.0253939 , 0.0263853 , 0.0266541
9.76e-07 , 117.696 , 0.0392318 , 3e+21 , 1.37722 , -9.97177 , 1.83203 , 0.0253939 , 0.0263853 , 0.0266541
9.8e-07 , 117.696 , 0.0392318 , 3e+21 , 1.37722 , -9.97177 , 1.83203 , 0.0253939 , 0.0263853 , 0.0266541
9.84e-07 , 117.696 , 0.0392318 , 3e+21 , 1.37722 , -9.97177 , 1.83203 , 0.0253939 , 0.0263853 , 0.0266541
9.88e-07 , 117.696 , 0.0392318 , 3e+21 , 1.37722 , -9.97177 , 1.83203 , 0.0253939 , 0.0263853 , 0.0266541
9.92e-07 , 117.696 , 0.0392318 , 3e+21 , 1.37722 , -9.97177 , 1.83203 , 0.0253939 , 0.0263853 , 0.0266541
9.96e-07 , 117.696 , 0.0392318 , 3e+21 , 1.37722 , -9.97177 , 1.83203 , 0.0253939 , 0.0263853 , 0.0266541
1e-06 , 117.696 , 0.0392318 , 3e+21 , 1.37722 , -9.97177 , 1.83203 , 0.0253939 , 0.0263853 , 0.0266541
1.004e-06 , 117.696 , 0.0392318 , 3e+21 , 1.37722 , -9.97177 , 1.83203 , 0.0253939 , 0.0263853 , 0.0266541
1.008e-06 , 117.696 , 0.0392318 , 3e+21 , 1.37722 , -9.97177 , 1.83203 , 0.0253939 , 0.0263853 , 0.0266541
1.012e-06 , 117.696 , 0.0392318 , 3e+21 , 1.37722 , -9.97177 , 1.83203 , 0.0253939 , 0.0263853 , 0.0266541
1.016e-06 , 117.696 , 0.0392318 , 3e+21 , 1.37722 , -9.97177 , 1.83203 , 0.0253939 , 0.0263853 , 0.0266541
1.02e-06 , 117.696 , 0.0392318 , 3e+21 , 1.37722 , -9.97177 , 1.83203 , 0.0253939 , 0.0263853 , 0.0266541
1.024e-06 , 117.696 , 0.0392318 , 3e+21 , 1.37722 , -9.97177 , 1.83203 , 0.0253939 , 0.0263853 , 0.0266541
1.028e-06 , 117.696 , 0.0392318 , 3e+21 , 1.37722 , -9.97177 , 1.83203 , 0.0253939 , 0.0263853 , 0.0266541
1.032e-06 , 117.696 , 0.0392318 , 3e+21 , 1.37722 , -9.97177 , 1.83203 , 0.0253939 , 0.0263853 , 0.0266541
1.036e-06 , 117.696 , 0.0392318 , 3e+21 , 1.37722 , -9.97177 , 1.83203 , 0.0253939 , 0.0263853 , 0.0266541
1.04e-06 , 117.696 , 0.0392318 , 3e+21 , 1.37722 , -9.97177 , 1.83203 , 0.0253939 , 0.0263853 , 0.0266541
1.044e-06 , 117.696 , 0.0392318 , 3e+21 , 1.37722 , -9.97177 , 1.83203 , 0.0253939 , 0.0263853 , 0.0266541
1.048e-06 , 117.696 , 0.0392318 , 3e+21 , 1.37722 , -9.97177 , 1.83203 , 0.0253939 , 0.0263853 , 0.0266541
1.052e-06 , 117.696 , 0.0392318 , 3e+21 , 1.37722 , -9.97177 , 1.83203 , 0.0253939 , 0.0263853 , 0.0266541
1.056e-06 , 117.696 , 0.0392318 , 3e+21 , 1.37722 , -9.97177 , 1.83203 , 0.0253939 , 0.0263853 , 0.0266541
1.06e-06 , 117.696 , 0.0392318 , 3e+21 , 1.37722 , -9.97177 , 1.83203 , 0.0253939 , 0.0263853 , 0.0266541
1.064e-06 , 117.696 , 0.0392318 , 3e+21 , 1.37722 , -9.97177 , 1.83203 , 0.0253939 , 0.0263853 , 0.0266541
1.068e-06 , 117.696 , 0.0392318 , 3e+21 , 1.37722 , -9.97177 , 1.83203 , 0.0253939 , 0.0263853 , 0.0266541
1.072e-06 , 117.696 , 0.0392318 , 3e+21 , 1.37722 , -9.97177 , 1.83203 , 0.0253939 , 0.0263853 , 0.0266541
1.076e-06 , 117.696 , 0.0392318 , 3e+21 , 1.37722 , -9.97177 , 1.83203 , 0.0253939 , 0.0263853 , 0.0266541
1.08e-06 , 117.696 , 0.0392318 , 3e+21 , 1.37722 , -9.97177 , 1.83203 , 0.0253939 , 0.0263853 , 0.0266541
1.084e-06 , 117.696 , 0.0392318 , 3e+21 , 1.37722 , -9.97177 , 1.83203 , 0.0253939 , 0.0263853 , 0.0266541
1.088e-06 , 117.696 , 0.0392318 , 3e+21 , 1.37722 , -9.97177 , 1.83203 , 0.0253939 , 0.0263853 , 0.0266541
1.092e-06 , 117.696 , 0.0392318 , 3e+21 , 1.37722 , -9.97177 , 1.83203 , 0.0253939 , 0.0263853 , 0.0266541
1.096e-06 , 117.696 , 0.0392318 , 3e+21 , 1.37722 , -9.97177 , 1.83203 , 0.0253939 , 0.0263853 , 0.0266541
1.1e-06 , 117.696 , 0.0392318 , 3e+21 , 1.37722 , -9.97177 , 1.83203 , 0.0253939 , 0.0263853 , 0.0266541
1.104e-06 , 117.696 , 0.0392318 , 3e+21 , 1.37722 , -9.97177 , 1.83203 , 0.0253939 , 0.0263853 , 0.0266541
1.108e-06 , 117.696 , 0.0392318 , 3e+21 , 1.37722 , -9.97177 , 1.83203 , 0.0253939 , 0.0263853 , 0.0266541
1.112e-06 , 117.696 , 0.0392318 , 3e+21 , 1.37722 , -9.97177 , 1.83203 , 0.0253939 , 0.0263853 , 0.0266541
1.116e-06 , 117.696 , 0.0392318 , 3e+21 , 1.37722 , -9.97177 , 1.83203 , 0.0253939 , 0.0263853 , 0.0266541
1.12e-06 , 117.696 , 0.0392318 , 3e+21 , 1.37722 , -9.97177 , 1.83203 , 0.0253939 , 0.0263853 , 0.0266541
1.124e-06 , 117.696 , 0.0392318 , 3e+21 , 1.37722 , -9.97177 , 1.83203 , 0.0253939 , 0.0263853 , 0.0266541
1.128e-06 , 117.696 , 0.0392318 , 3e+21 , 1.37722 , -9.97177 , 1.83203 , 0.0253939 , 0.0263853 , 0.0266541
1.132e-06 , 117.696 , 0.0392318 , 3e+21 , 1.37722 , -9.97177 , 1.83203 , 0.0253939 , 0.0263853 , 0.0266541
1.136e-06 , 117.696 , 0.0392318 , 3e+21 , 1.37722 , -9.97177 , 1.83203 , 0.0253939 , 0.0263853 , 0.0266541
1.14e-06 , 117.696 , 0.0392318 , 3e+21 , 1.37722 , -9.97177 , 1.83203 , 0.0253939 , 0.0263853 , 0.0266541
1.144e-06 , 117.696 , 0.0392318 , 3e+21 , 1.37722 , -9.97177 , 1.83203 , 0.0253939 , 0.0263853 , 0.0266541
1.148e-06 , 117.696 , 0.0392318 , 3e+21 , 1.37722 , -9.97177 , 1.83203 , 0.0253939 , 0.0263853 , 0.0266541
1.152e-06 , 117.696 , 0.0392318 , 3e+21 , 1.37722 , -9.97177 , 1.83203 , 0.0253939 , 0.0263853 , 0.0266541
1.156e-06 , 117.696 , 0.0392318 , 3e+21 , 1.37722 , -9.97177 , 1.83203 , 0.0253939 , 0.0263853 , 0.0266541
1.16e-06 , 117.696 , 0.0392318 , 3e+21 , 1.37722 , -9.97177 , 1.83203 , 0.0253939 , 0.0263853 , 0.0266541
1.164e-06 , 117.696 , 0.0392318 , 3e+21 , 1.37722 , -9.97177 , 1.83203 , 0.0253939 , 0.0263853 , 0.0266541
1.168e-06 , 117.696 , 0.0392318 , 3e+21 , 1.37722 , -9.97177 , 1.83203 , 0.0253939 , 0.0263853 , 0.0266541
1.172e-06 , 117.696 , 0.0392318 , 3e+21 , 1.37722 , -9.97177 , 1.83203 , 0.0253939 , 0.0263853 , 0.0266541
1.176e-06 , 117.696 , 0.0392318 , 3e+21 , 1.37722 , -9.97177 , 1.83203 , 0.0253939 , 0.0263853 , 0.0266541
1.18e-06 , 117.696 , 0.0392318 , 3e+21 , 1.37722 , -9.97177 , 1.83203 , 0.0253939 , 0.0263853 , 0.0266541
1.184e-06 , 117.696 , 0.0392318 , 3e+21 , 1.37722 , -9.97177 , 1.83203 , 0.0253939 , 0.0263853 , 0.0266541
1.188e-06 , 117.696 , 0.0392318 , 3e+21 , 1.37722 , -9.97177 , 1.83203 , 0.0253939 , 0.0263853 , 0.0266541
1.192e-06 , 117.696 , 0.0392318 , 3e+21 , 1.37722 , -9.97177 , 1.83203 , 0.0253939 , 0.0263853 , 0.0266541
1.196e-06 , 117.696 , 0.0392318 , 3e+21 , 1.37722 , -9.97177 , 1.83203 , 0.0253939 , 0.0263853 , 0.0266541
1.2e-06 , 117.696 , 0.0392318 , 3e+21 , 1.37722 , -9.97177 , 1.83203 , 0.0253939 , 0.0263853 , 0.0266541
1.204e-06 , 117.696 , 0.0392318 , 3e+21 , 1.37722 , -9.97177 , 1.83203 , 0.0253939 , 0.0263853 , 0.0266541
1.208e-06 , 117.696 , 0.0392318 , 3e+21 , 1.37722 , -9.97177 , 1.83203 , 0.0253939 , 0.0263853 , 0.0266541
1.212e-06 , 117.696 , 0.0392318 , 3e+21 , 1.37722 , -9.97177 , 1.83203 , 0.0253939 , 0.0263853 , 0.0266541
1.216e-06 , 117.696 , 0.0392318 , 3e+21 , 1.37722 , -9.97177 , 1.83203 , 0.0253939 , 0.0263853 , 0.0266541
1.22e-06 , 117.696 , 0.0392318 , 3e+21 , 1.37722 , -9.97177 , 1.83203 , 0.0253939 , 0.0263853 , 0.0266541
1.224e-06 , 117.696 , 0.0392318 , 3e+21 , 1.37722 , -9.97177 , 1.83203 , 0.0253939 , 0.0263853 , 0.0266541
1.228e-06 , 117.696 , 0.0392318 , 3e+21 , 1.37722 , -9.97177 , 1.83203 , 0.0253939 , 0.0263853 , 0.0266541
1.232e-06 , 117.696 , 0.0392318 , 3e+21 , 1.37722 , -9.97177 , 1.83203 , 0.0253939 , 0.0263853 , 0.0266541
1.236e-06 , 117.696 , 0.0392318 , 3e+21 , 1.37722 , -9.97177 , 1.83203 , 0.0253939 , 0.0263853 , 0.0266541
1.24e-06 , 117.696 , 0.0392318 , 3e+21 , 1.37722 , -9.97177 , 1.83203 , 0.0253939 , 0.0263853 , 0.0266541
1.244e-06 , 117.696 , 0.0392318 , 3e+21 , 1.37722 , -9.97177 , 1.83203 , 0.0253939 , 0.0263853 , 0.0266541
1.248e-06 , 117.696 , 0.0392318 , 3e+21 , 1.37722 , -9.97177 , 1.83203 , 0.0253939 , 0.0263853 , 0.0266541
1.252e-06 , 117.696 , 0.0392318 , 3e+21 , 1.37722 , -9.97177 , 1.83203 , 0.0253939 , 0.0263853 , 0.0266541
1.256e-06 , 117.696 , 0.0392318 , 3e+21 , 1.37722 , -9.97177 , 1.83203 , 0.0253939 , 0.0263853 , 0.0266541
1.26e-06 , 117.696 , 0.0392318 , 3e+21 , 1.37722 , -9.97177 , 1.83203 , 0.0253939 , 0.0263853 , 0.0266541
1.264e-06 , 117.696 , 0.0392318 , 3e+21 , 1.37722 , -9.97177 , 1.83203 , 0.0253939 , 0.0263853 , 0.0266541
1.268e-06 , 117.696 , 0.0392318 , 3e+21 , 1.37722 , -9.97177 , 1.83203 , 0.0253939 , 0.0263853 , 0.0266541
1.272e-06 , 117.696 , 0.0392318 , 3e+21 , 1.37722 , -9.97177 , 1.83203 , 0.0253939 , 0.0263853 , 0.0266541
1.276e-06 , 117.696 , 0.0392318 , 3e+21 , 1.37722 , -9.97177 , 1.83203 , 0.0253939 , 0.0263853 , 0.0266541
1.28e-06 , 117.696 , 0.0392318 , 3e+21 , 1.37722 , -9.97177 , 1.83203 , 0.0253939 , 0.0263853 , 0.0266541
1.284e-06 , 117.696 , 0.0392318 , 3e+21 , 1.37722 , -9.97177 , 1.83203 , 0.0253939 , 0.0263853 , 0.0266541
1.288e-06 , 117.696 , 0.0392318 , 3e+21 , 1.37722 , -9.97177 , 1.83203 , 0.0253939 , 0.0263853 , 0.0266541
1.292e-06 , 117.696 , 0.0392318 , 3e+21 , 1.37722 , -9.97177 , 1.83203 , 0.0253939 , 0.0263853 , 0.0266541
1.296e-06 , 117.696 , 0.0392318 , 3e+21 , 1.37722 , -9.97177 , 1.83203 , 0.0253939 , 0.0263853 , 0.0266541
1.3e-06 , 117.696 , 0.0392318 , 3e+21 , 1.37722 , -9.97177 , 1.83203 , 0.0253939 , 0.0263853 , 0.0266541
1.304e-06 , 117.696 , 0.0392318 , 3e+21 , 1.37722 , -9.97177 , 1.83203 , 0.0253939 , 0.0263853 , 0.0266541
1.308e-06 , 117.696 , 0.0392318 , 3e+21 , 1.37722 , -9.97177 , 1.83203 , 0.0253939 , 0.0263853 , 0.0266541
1.312e-06 , 117.696 , 0.0392318 , 3e+21 , 1.37722 , -9.97177 , 1.83203 , 0.0253939 , 0.0263853 , 0.0266541
1.316e-06 , 117.696 , 0.0392318 , 3e+21 , 1.37722 , -9.97177 , 1.83203 , 0.0253939 , 0.0263853 , 0.0266541
1.32e-06 , 117.696 , 0.0392318 , 3e+21 , 1.37722 , -9.97177 , 1.83203 , 0.0253939 , 0.0263853 , 0.0266541
1.324e-06 , 117.696 , 0.0392318 , 3e+21 , 1.37722 , -9.97177 , 1.83203 , 0.0253939 , 0.0263853 , 0.0266541
1.328e-06 , 117.696 , 0.0392318 , 3e+21 , 1.37722 , -9.97177 , 1.83203 , 0.0253939 , 0.0263853 , 0.0266541
1.332e-06 , 117.696 , 0.0392318 , 3e+21 , 1.37722 , -9.97177 , 1.83203 , 0.0253939 , 0.0263853 , 0.0266541
1.336e-06 , 117.696 , 0.0392318 , 3e+21 , 1.37722 , -9.97177 , 1.83203 , 0.0253939 , 0.0263853 , 0.0266541
1.34e-06 , 117.696 , 0.0392318 , 3e+21 , 1.37722 , -9.97177 , 1.83203 , 0.0253939 , 0.0263853 , 0.0266541
1.344e-06 , 117.696 , 0.0392318 , 3e+21 , 1.37722 , -9.97177 , 1.83203 , 0.0253939 , 0.0263853 , 0.0266541
1.348e-06 , 117.696 , 0.0392318 , 3e+21 , 1.37722 , -9.97177 , 1.83203 , 0.0253939 , 0.0263853 , 0.0266541
1.352e-06 , 117.696 , 0.0392318 , 3e+21 , 1.37722 , -9.97177 , 1.83203 , 0.0253939 , 0.0263853 , 0.0266541
1.356e-06 , 117.696 , 0.0392318 , 3e+21 , 1.37722 , -9.97177 , 1.83203 , 0.0253939 , 0.0263853 , 0.0266541
1.36e-06 , 117.696 , 0.0392318 , 3e+21 , 1.37722 , -9.97177 , 1.83203 , 0.0253939 , 0.0263853 , 0.0266541
1.364e-06 , 117.696 , 0.0392318 , 3e+21 , 1.37722 , -9.97177 , 1.83203 , 0.0253939 , 0.0263853 , 0.0266541
1.368e-06 , 117.696 , 0.0392318 , 3e+21 , 1.37722 , -9.97177 , 1.83203 , 0.0253939 , 0.0263853 , 0.0266541
1.372e-06 , 117.696 , 0.0392318 , 3e+21 , 1.37722 , -9.97177 , 1.83203 , 0.0253939 , 0.0263853 , 0.0266541
1.376e-06 , 117.696 , 0.0392318 , 3e+21 , 1.37722 , -9.97177 , 1.83203 , 0.0253939 , 0.0263853 , 0.0266541
1.38e-06 , 117.696 , 0.0392318 , 3e+21 , 1.37722 , -9.97177 , 1.83203 , 0.0253939 , 0.0263853 , 0.0266541
1.384e-06 , 117.696 , 0.0392318 , 3e+21 , 1.37722 , -9.97177 , 1.83203 , 0.0253939 , 0.0263853 , 0.0266541
1.388e-06 , 117.696 , 0.0392318 , 3e+21 , 1.37722 , -9.97177 , 1.83203 , 0.0253939 , 0.0263853 , 0.0266541
1.392e-06 , 117.696 , 0.0392318 , 3e+21 , 1.37722 , -9.97177 , 1.83203 , 0.0253939 , 0.0263853 , 0.0266541
1.396e-06 , 117.696 , 0.0392318 , 3e+21 , 1.37722 , -9.97177 , 1.83203 , 0.0253939 , 0.0263853 , 0.0266541
1.4e-06 , 117.696 , 0.0392318 , 3e+21 , 1.37722 , -9.97177 , 1.83203 , 0.0253939 , 0.0263853 , 0.0266541
1.404e-06 , 117.696 , 0.0392318 , 3e+21 , 1.37722 , -9.97177 , 1.83203 , 0.0253939 , 0.0263853 , 0.0266541
1.408e-06 , 117.696 , 0.0392318 , 3e+21 , 1.37722 , -9.97177 , 1.83203 , 0.0253939 , 0.0263853 , 0.0266541
1.412e-06 , 117.696 , 0.0392318 , 3e+21 , 1.37722 , -9.97177 , 1.83203 , 0.0253939 , 0.0263853 , 0.0266541
1.416e-06 , 117.696 , 0.0392318 , 3e+21 , 1.37722 , -9.97177 , 1.83203 , 0.0253939 , 0.0263853 , 0.0266541
1.42e-06 , 117.696 , 0.0392318 , 3e+21 , 1.37722 , -9.97177 , 1.83203 , 0.0253939 , 0.0263853 , 0.0266541
1.424e-06 , 117.696 , 0.0392318 , 3e+21 , 1.37722 , -9.97177 , 1.83203 , 0.0253939 , 0.0263853 , 0.0266541
1.428e-06 , 117.696 , 0.0392318 , 3e+21 , 1.37722 , -9.97177 , 1.83203 , 0.0253939 , 0.0263853 , 0.0266541
1.432e-06 , 117.696 , 0.0392318 , 3e+21 , 1.37722 , -9.97177 , 1.83203 , 0.0253939 , 0.0263853 , 0.0266541
1.436e-06 , 117.696 , 0.0392318 , 3e+21 , 1.37722 , -9.97177 , 1.83203 , 0.0253939 , 0.0263853 , 0.0266541
1.44e-06 , 117.696 , 0.0392318 , 3e+21 , 1.37722 , -9.97177 , 1.83203 , 0.0253939 , 0.0263853 , 0.0266541
1.444e-06 , 117.696 , 0.0392318 , 3e+21 , 1.37722 , -9.97177 , 1.83203 , 0.0253939 , 0.0263853 , 0.0266541
1.448e-06 , 117.696 , 0.0392318 , 3e+21 , 1.37722 , -9.97177 , 1.83203 , 0.0253939 , 0.0263853 , 0.0266541
1.452e-06 , 117.696 , 0.0392318 , 3e+21 , 1.37722 , -9.97177 , 1.83203 , 0.0253939 , 0.0263853 , 0.0266541
1.456e-06 , 117.696 , 0.0392318 , 3e+21 , 1.37722 , -9.97177 , 1.83203 , 0.0253939 , 0.0263853 , 0.0266541
1.46e-06 , 117.696 , 0.0392318 , 3e+21 , 1.37722 , -9.97177 , 1.83203 , 0.0253939 , 0.0263853 , 0.0266541
1.464e-06 , 117.696 , 0.0392318 , 3e+21 , 1.37722 , -9.97177 , 1.83203 , 0.0253939 , 0.0263853 , 0.0266541
1.468e-06 , 117.696 , 0.0392318 , 3e+21 , 1.37722 , -9.97177 , 1.83203 , 0.0253939 , 0.0263853 , 0.0266541
1.472e-06 , 117.696 , 0.0392318 , 3e+21 , 1.37722 , -9.97177 , 1.83203 , 0.0253939 , 0.0263853 , 0.0266541
1.476e-06 , 117.696 , 0.0392318 , 3e+21 , 1.37722 , -9.97177 , 1.83203 , 0.0253939 , 0.0263853 , 0.0266541
1.48e-06 , 117.696 , 0.0392318 , 3e+21 , 1.37722 , -9.97177 , 1.83203 , 0.0253939 , 0.0263853 , 0.0266541
1.484e-06 , 117.696 , 0.0392318 , 3e+21 , 1.37722 , -9.97177 , 1.83203 , 0.0253939 , 0.0263853 , 0.0266541
1.488e-06 , 117.696 , 0.0392318 , 3e+21 , 1.37722 , -9.97177 , 1.83203 , 0.0253939 , 0.0263853 , 0.0266541
1.492e-06 , 117.696 , 0.0392318 , 3e+21 , 1.37722 , -9.97177 , 1.83203 , 0.0253939 , 0.0263853 , 0.0266541
1.496e-06 , 117.696 , 0.0392318 , 3e+21 , 1.37722 , -9.97177 , 1.83203 , 0.0253939 , 0.0263853 , 0.0266541
1.5e-06 , 117.696 , 0.0392318 , 3e+21 , 1.37722 , -9.97177 , 1.83203 , 0.0253939 , 0.0263853 , 0.0266541
1.504e-06 , 117.696 , 0.0392318 , 3e+21 , 1.37722 , -9.97177 , 1.83203 , 0.0253939 , 0.0263853 , 0.0266541
1.508e-06 , 117.696 , 0.0392318 , 3e+21 , 1.37722 , -9.97177 , 1.83203 , 0.0253939 , 0.0263853 , 0.0266541
1.512e-06 , 117.696 , 0.0392318 , 3e+21 , 1.37722 , -9.97177 , 1.83203 , 0.0253939 , 0.0263853 , 0.0266541
1.516e-06 , 117.696 , 0.0392318 , 3e+21 , 1.37722 , -9.97177 , 1.83203 , 0.0253939 , 0.0263853 , 0.0266541
1.52e-06 , 117.696 , 0.0392318 , 3e+21 , 1.37722 , -9.97177 , 1.83203 , 0.0253939 , 0.0263853 , 0.0266541
1.524e-06 , 117.696 , 0.0392318 , 3e+21 , 1.37722 , -9.97177 , 1.83203 , 0.0253939 , 0.0263853 , 0.0266541
1.528e-06 , 117.696 , 0.0392318 , 3e+21 , 1.37722 , -9.97177 , 1.83203 , 0.0253939 , 0.0263853 , 0.0266541
1.532e-06 , 117.696 , 0.0392318 , 3e+21 , 1.37722 , -9.97177 , 1.83203 , 0.0253939 , 0.0263853 , 0.0266541
1.536e-06 , 117.696 , 0.0392318 , 3e+21 , 1.37722 , -9.97177 , 1.83203 , 0.0253939 , 0.0263853 , 0.0266541
1.54e-06 , 117.696 , 0.0392318 , 3e+21 , 1.37722 , -9.97177 , 1.83203 , 0.0253939 , 0.0263853 , 0.0266541
1.544e-06 , 117.696 , 0.0392318 , 3e+21 , 1.37722 , -9.97177 , 1.83203 , 0.0253939 , 0.0263853 , 0.0266541
1.548e-06 , 117.696 , 0.0392318 , 3e+21 , 1.37722 , -9.97177 , 1.83203 , 0.0253939 , 0.0263853 , 0.0266541
1.552e-06 , 117.696 , 0.0392318 , 3e+21 , 1.37722 , -9.97177 , 1.83203 , 0.0253939 , 0.0263853 , 0.0266541
1.556e-06 , 117.696 , 0.0392318 , 3e+21 , 1.37722 , -9.97177 , 1.83203 , 0.0253939 , 0.0263853 , 0.0266541
1.56e-06 , 117.696 , 0.0392318 , 3e+21 , 1.37722 , -9.97177 , 1.83203 , 0.0253939 , 0.0263853 , 0.0266541
1.564e-06 , 117.696 , 0.0392318 , 3e+21 , 1.37722 , -9.97177 , 1.83203 , 0.0253939 , 0.0263853 , 0.0266541
1.568e-06 , 117.696 , 0.0392318 , 3e+21 , 1.37722 , -9.97177 , 1.83203 , 0.0253939 , 0.0263853 , 0.0266541
1.572e-06 , 117.696 , 0.0392318 , 3e+21 , 1.37722 , -9.97177 , 1.83203 , 0.0253939 , 0.0263853 , 0.0266541
1.576e-06 , 117.696 , 0.0392318 , 3e+21 , 1.37722 , -9.97177 , 1.83203 , 0.0253939 , 0.0263853 , 0.0266541
1.58e-06 , 117.696 , 0.0392318 , 3e+21 , 1.37722 , -9.97177 , 1.83203 , 0.0253939 , 0.0263853 , 0.0266541
1.584e-06 , 117.696 , 0.0392318 , 3e+21 , 1.37722 , -9.97177 , 1.83203 , 0.0253939 , 0.0263853 , 0.0266541
1.588e-06 , 117.696 , 0.0392318 , 3e+21 , 1.37722 , -9.97177 , 1.83203 , 0.0253939 , 0.0263853 , 0.0266541
1.592e-06 , 117.696 , 0.0392318 , 3e+21 , 1.37722 , -9.97177 , 1.83203 , 0.0253939 , 0.0263853 , 0.0266541
1.596e-06 , 117.696 , 0.0392318 , 3e+21 , 1.37722 , -9.97177 , 1.83203 , 0.0253939 , 0.0263853 , 0.0266541
1.6e-06 , 117.696 , 0.0392318 , 3e+21 , 1.37722 , -9.97177 , 1.83203 , 0.0253939 , 0.0263853 , 0.0266541
1.604e-06 , 117.696 , 0.0392318 , 3e+21 , 1.37722 , -9.97177 , 1.83203 , 0.0253939 , 0.0263853 , 0.0266541
1.608e-06 , 117.696 , 0.0392318 , 3e+21 , 1.37722 , -9.97177 , 1.83203 , 0.0253939 , 0.0263853 , 0.0266541
1.612e-06 , 117.696 , 0.0392318 , 3e+21 , 1.37722 , -9.97177 , 1.83203 , 0.0253939 , 0.0263853 , 0.0266541
1.616e-06 , 117.696 , 0.0392318 , 3e+21 , 1.37722 , -9.97177 , 1.83203 , 0.0253939 , 0.0263853 , 0.0266541
1.62e-06 , 117.696 , 0.0392318 , 3e+21 , 1.37722 , -9.97177 , 1.83203 , 0.0253939 , 0.0263853 , 0.0266541
1.624e-06 , 117.696 , 0.0392318 , 3e+21 , 1.37722 , -9.97177 , 1.83203 , 0.0253939 , 0.0263853 , 0.0266541
1.628e-06 , 117.696 , 0.0392318 , 3e+21 , 1.37722 , -9.97177 , 1.83203 , 0.0253939 , 0.0263853 , 0.0266541
1.632e-06 , 117.696 , 0.0392318 , 3e+21 , 1.37722 , -9.97177 , 1.83203 , 0.0253939 , 0.0263853 , 0.0266541
1.636e-06 , 117.696 , 0.0392318 , 3e+21 , 1.37722 , -9.97177 , 1.83203 , 0.0253939 , 0.0263853 , 0.0266541
1.64e-06 , 117.696 , 0.0392318 , 3e+21 , 1.37722 , -9.97177 , 1.83203 , 0.0253939 , 0.0263853 , 0.0266541
1.644e-06 , 117.696 , 0.0392318 , 3e+21 , 1.37722 , -9.97177 , 1.83203 , 0.0253939 , 0.0263853 , 0.0266541
1.648e-06 , 117.696 , 0.0392318 , 3e+21 , 1.37722 , -9.97177 , 1.83203 , 0.0253939 , 0.0263853 , 0.0266541
1.652e-06 , 117.696 , 0.0392318 , 3e+21 , 1.37722 , -9.97177 , 1.83203 , 0.0253939 , 0.0263853 , 0.0266541
1.656e-06 , 117.696 , 0.0392318 , 3e+21 , 1.37722 , -9.97177 , 1.83203 , 0.0253939 , 0.0263853 , 0.0266541
1.66e-06 , 117.696 , 0.0392318 , 3e+21 , 1.37722 , -9.97177 , 1.83203 , 0.0253939 , 0.0263853 , 0.0266541
1.664e-06 , 117.696 , 0.0392318 , 3e+21 , 1.37722 , -9.97177 , 1.83203 , 0.0253939 , 0.0263853 , 0.0266541
1.668e-06 , 117.696 , 0.0392318 , 3e+21 , 1.37722 , -9.97177 , 1.83203 , 0.0253939 , 0.0263853 , 0.0266541
1.672e-06 , 117.696 , 0.0392318 , 3e+21 , 1.37722 , -9.97177 , 1.83203 , 0.0253939 , 0.0263853 , 0.0266541
1.676e-06 , 117.696 , 0.0392318 , 3e+21 , 1.37722 , -9.97177 , 1.83203 , 0.0253939 , 0.0263853 , 0.0266541
1.68e-06 , 117.696 , 0.0392318 , 3e+21 , 1.37722 , -9.97177 , 1.83203 , 0.0253939 , 0.0263853 , 0.0266541
1.684e-06 , 117.696 , 0.0392318 , 3e+21 , 1.37722 , -9.97177 , 1.83203 , 0.0253939 , 0.0263853 , 0.0266541
1.688e-06 , 117.696 , 0.0392318 , 3e+21 , 1.37722 , -9.97177 , 1.83203 , 0.0253939 , 0.0263853 , 0.0266541
1.692e-06 , 117.696 , 0.0392318 , 3e+21 , 1.37722 , -9.97177 , 1.83203 , 0.0253939 , 0.0263853 , 0.0266541
1.696e-06 , 117.696 , 0.0392318 , 3e+21 , 1.37722 , -9.97177 , 1.83203 , 0.0253939 , 0.0263853 , 0.0266541
1.7e-06 , 117.696 , 0.0392318 , 3e+21 , 1.37722 , -9.97177 , 1.83203 , 0.0253939 , 0.0263853 , 0.0266541
1.704e-06 , 117.696 , 0.0392318 , 3e+21 , 1.37722 , -9.97177 , 1.83203 , 0.0253939 , 0.0263853 , 0.0266541
1.708e-06 , 117.696 , 0.0392318 , 3e+21 , 1.37722 , -9.97177 , 1.83203 , 0.0253939 , 0.0263853 , 0.0266541
1.712e-06 , 117.696 , 0.0392318 , 3e+21 , 1.37722 , -9.97177 , 1.83203 , 0.0253939 , 0.0263853 , 0.0266541
1.716e-06 , 117.696 , 0.0392318 , 3e+21 , 1.37722 , -9.97177 , 1.83203 , 0.0253939 , 0.0263853 , 0.0266541
1.72e-06 , 117.696 , 0.0392318 , 3e+21 , 1.37722 , -9.97177 , 1.83203 , 0.0253939 , 0.0263853 , 0.0266541
1.724e-06 , 117.696 , 0.0392318 , 3e+21 , 1.37722 , -9.97177 , 1.83203 , 0.0253939 , 0.0263853 , 0.0266541
1.728e-06 , 117.696 , 0.0392318 , 3e+21 , 1.37722 , -9.97177 , 1.83203 , 0.0253939 , 0.0263853 , 0.0266541
1.732e-06 , 117.696 , 0.0392318 , 3e+21 , 1.37722 , -9.97177 , 1.83203 , 0.0253939 , 0.0263853 , 0.0266541
1.736e-06 , 117.696 , 0.0392318 , 3e+21 , 1.37722 , -9.97177 , 1.83203 , 0.0253939 , 0.0263853 , 0.0266541
1.74e-06 , 117.696 , 0.0392318 , 3e+21 , 1.37722 , -9.97177 , 1.83203 , 0.0253939 , 0.0263853 , 0.0266541
1.744e-06 , 117.696 , 0.0392318 , 3e+21 , 1.37722 , -9.97177 , 1.83203 , 0.0253939 , 0.0263853 , 0.0266541
1.748e-06 , 117.696 , 0.0392318 , 3e+21 , 1.37722 , -9.97177 , 1.83203 , 0.0253939 , 0.0263853 , 0.0266541
1.752e-06 , 117.696 , 0.0392318 , 3e+21 , 1.37722 , -9.97177 , 1.83203 , 0.0253939 , 0.0263853 , 0.0266541
1.756e-06 , 117.696 , 0.0392318 , 3e+21 , 1.37722 , -9.97177 , 1.83203 , 0.0253939 , 0.0263853 , 0.0266541
1.76e-06 , 117.696 , 0.0392318 , 3e+21 , 1.37722 , -9.97177 , 1.83203 , 0.0253939 , 0.0263853 , 0.0266541
1.764e-06 , 117.696 , 0.0392318 , 3e+21 , 1.37722 , -9.97177 , 1.83203 , 0.0253939 , 0.0263853 , 0.0266541
1.768e-06 , 117.696 , 0.0392318 , 3e+21 , 1.37722 , -9.97177 , 1.83203 , 0.0253939 , 0.0263853 , 0.0266541
1.772e-06 , 117.696 , 0.0392318 , 3e+21 , 1.37722 , -9.97177 , 1.83203 , 0.0253939 , 0.0263853 , 0.0266541
1.776e-06 , 117.696 , 0.0392318 , 3e+21 , 1.37722 , -9.97177 , 1.83203 , 0.0253939 , 0.0263853 , 0.0266541
1.78e-06 , 117.696 , 0.0392318 , 3e+21 , 1.37722 , -9.97177 , 1.83203 , 0.0253939 , 0.0263853 , 0.0266541
1.784e-06 , 117.696 , 0.0392318 , 3e+21 , 1.37722 , -9.97177 , 1.83203 , 0.0253939 , 0.0263853 , 0.0266541
1.788e-06 , 117.696 , 0.0392318 , 3e+21 , 1.37722 , -9.97177 , 1.83203 , 0.0253939 , 0.0263853 , 0.0266541
1.792e-06 , 117.696 , 0.0392318 , 3e+21 , 1.37722 , -9.97177 , 1.83203 , 0.0253939 , 0.0263853 , 0.0266541
1.796e-06 , 117.696 , 0.0392318 , 3e+21 , 1.37722 , -9.97177 , 1.83203 , 0.0253939 , 0.0263853 , 0.0266541
1.8e-06 , 117.696 , 0.0392318 , 3e+21 , 1.37722 , -9.97177 , 1.83203 , 0.0253939 , 0.0263853 , 0.0266541
1.804e-06 , 117.696 , 0.0392318 , 3e+21 , 1.37722 , -9.97177 , 1.83203 , 0.0253939 , 0.0263853 , 0.0266541
1.808e-06 , 117.696 , 0.0392318 , 3e+21 , 1.37722 , -9.97177 , 1.83203 , 0.0253939 , 0.0263853 , 0.0266541
1.812e-06 , 117.696 , 0.0392318 , 3e+21 , 1.37722 , -9.97177 , 1.83203 , 0.0253939 , 0.0263853 , 0.0266541
1.816e-06 , 117.696 , 0.0392318 , 3e+21 , 1.37722 , -9.97177 , 1.83203 , 0.0253939 , 0.0263853 , 0.0266541
1.82e-06 , 117.696 , 0.0392318 , 3e+21 , 1.37722 , -9.97177 , 1.83203 , 0.0253939 , 0.0263853 , 0.0266541
1.824e-06 , 117.696 , 0.0392318 , 3e+21 , 1.37722 , -9.97177 , 1.83203 , 0.0253939 , 0.0263853 , 0.0266541
1.828e-06 , 117.696 , 0.0392318 , 3e+21 , 1.37722 , -9.97177 , 1.83203 , 0.0253939 , 0.0263853 , 0.0266541
1.832e-06 , 117.696 , 0.0392318 , 3e+21 , 1.37722 , -9.97177 , 1.83203 , 0.0253939 , 0.0263853 , 0.0266541
1.836e-06 , 117.696 , 0.0392318 , 3e+21 , 1.37722 , -9.97177 , 1.83203 , 0.0253939 , 0.0263853 , 0.0266541
1.84e-06 , 117.696 , 0.0392318 , 3e+21 , 1.37722 , -9.97177 , 1.83203 , 0.0253939 , 0.0263853 , 0.0266541
1.844e-06 , 117.696 , 0.0392318 , 3e+21 , 1.37722 , -9.97177 , 1.83203 , 0.0253939 , 0.0263853 , 0.0266541
1.848e-06 , 117.696 , 0.0392318 , 3e+21 , 1.37722 , -9.97177 , 1.83203 , 0.0253939 , 0.0263853 , 0.0266541
1.852e-06 , 117.696 , 0.0392318 , 3e+21 , 1.37722 , -9.97177 , 1.83203 , 0.0253939 , 0.0263853 , 0.0266541
1.856e-06 , 117.696 , 0.0392318 , 3e+21 , 1.37722 , -9.97177 , 1.83203 , 0.0253939 , 0.0263853 , 0.0266541
1.86e-06 , 117.696 , 0.0392318 , 3e+21 , 1.37722 , -9.97177 , 1.83203 , 0.0253939 , 0.0263853 , 0.0266541
1.864e-06 , 117.696 , 0.0392318 , 3e+21 , 1.37722 , -9.97177 , 1.83203 , 0.0253939 , 0.0263853 , 0.0266541
1.868e-06 , 117.696 , 0.0392318 , 3e+21 , 1.37722 , -9.97177 , 1.83203 , 0.0253939 , 0.0263853 , 0.0266541
1.872e-06 , 117.696 , 0.0392318 , 3e+21 , 1.37722 , -9.97177 , 1.83203 , 0.0253939 , 0.0263853 , 0.0266541
1.876e-06 , 117.696 , 0.0392318 , 3e+21 , 1.37722 , -9.97177 , 1.83203 , 0.0253939 , 0.0263853 , 0.0266541
1.88e-06 , 117.696 , 0.0392318 , 3e+21 , 1.37722 , -9.97177 , 1.83203 , 0.0253939 , 0.0263853 , 0.0266541
1.884e-06 , 117.696 , 0.0392318 , 3e+21 , 1.37722 , -9.97177 , 1.83203 , 0.0253939 , 0.0263853 , 0.0266541
1.888e-06 , 117.696 , 0.0392318 , 3e+21 , 1.37722 , -9.97177 , 1.83203 , 0.0253939 , 0.0263853 , 0.0266541
1.892e-06 , 117.696 , 0.0392318 , 3e+21 , 1.37722 , -9.97177 , 1.83203 , 0.0253939 , 0.0263853 , 0.0266541
1.896e-06 , 117.696 , 0.0392318 , 3e+21 , 1.37722 , -9.97177 , 1.83203 , 0.0253939 , 0.0263853 , 0.0266541
1.9e-06 , 117.696 , 0.0392318 , 3e+21 , 1.37722 , -9.97177 , 1.83203 , 0.0253939 , 0.0263853 , 0.0266541
1.904e-06 , 117.696 , 0.0392318 , 3e+21 , 1.37722 , -9.97177 , 1.83203 , 0.0253939 , 0.0263853 , 0.0266541
1.908e-06 , 117.696 , 0.0392318 , 3e+21 , 1.37722 , -9.97177 , 1.83203 , 0.0253939 , 0.0263853 , 0.0266541
1.912e-06 , 117.696 , 0.0392318 , 3e+21 , 1.37722 , -9.97177 , 1.83203 , 0.0253939 , 0.0263853 , 0.0266541
1.916e-06 , 117.696 , 0.0392318 , 3e+21 , 1.37722 , -9.97177 , 1.83203 , 0.0253939 , 0.0263853 , 0.0266541
1.92e-06 , 117.696 , 0.0392318 , 3e+21 , 1.37722 , -9.97177 , 1.83203 , 0.0253939 , 0.0263853 , 0.0266541
1.924e-06 , 117.696 , 0.0392318 , 3e+21 , 1.37722 , -9.97177 , 1.83203 , 0.0253939 , 0.0263853 , 0.0266541
1.928e-06 , 117.696 , 0.0392318 , 3e+21 , 1.37722 , -9.97177 , 1.83203 , 0.0253939 , 0.0263853 , 0.0266541
1.932e-06 , 117.696 , 0.0392318 , 3e+21 , 1.37722 , -9.97177 , 1.83203 , 0.0253939 , 0.0263853 , 0.0266541
1.936e-06 , 117.696 , 0.0392318 , 3e+21 , 1.37722 , -9.97177 , 1.83203 , 0.0253939 , 0.0263853 , 0.0266541
1.94e-06 , 117.696 , 0.0392318 , 3e+21 , 1.37722 , -9.97177 , 1.83203 , 0.0253939 , 0.0263853 , 0.0266541
1.944e-06 , 117.696 , 0.0392318 , 3e+21 , 1.37722 , -9.97177 , 1.83203 , 0.0253939 , 0.0263853 , 0.0266541
1.948e-06 , 117.696 , 0.0392318 , 3e+21 , 1.37722 , -9.97177 , 1.83203 , 0.0253939 , 0.0263853 , 0.0266541
1.952e-06 , 117.696 , 0.0392318 , 3e+21 , 1.37722 , -9.97177 , 1.83203 , 0.0253939 , 0.0263853 , 0.0266541
1.956e-06 , 117.696 , 0.0392318 , 3e+21 , 1.37722 , -9.97177 , 1.83203 , 0.0253939 , 0.0263853 , 0.0266541
1.96e-06 , 117.696 , 0.0392318 , 3e+21 , 1.37722 , -9.97177 , 1.83203 , 0.0253939 , 0.0263853 , 0.0266541
1.964e-06 , 117.696 , 0.0392318 , 3e+21 , 1.37722 , -9.97177 , 1.83203 , 0.0253939 , 0.0263853 , 0.0266541
1.968e-06 , 117.696 , 0.0392318 , 3e+21 , 1.37722 , -9.97177 , 1.83203 , 0.0253939 , 0.0263853 , 0.0266541
1.972e-06 , 117.696 , 0.0392318 , 3e+21 , 1.37722 , -9.97177 , 1.83203 , 0.0253939 , 0.0263853 , 0.0266541
1.976e-06 , 117.696 , 0.0392318 , 3e+21 , 1.37722 , -9.97177 , 1.83203 , 0.0253939 , 0.0263853 , 0.0266541
1.98e-06 , 117.696 , 0.0392318 , 3e+21 , 1.37722 , -9.97177 , 1.83203 , 0.0253939 , 0.0263853 , 0.0266541
1.984e-06 , 117.696 , 0.0392318 , 3e+21 , 1.37722 , -9.97177 , 1.83203 , 0.0253939 , 0.0263853 , 0.0266541
1.988e-06 , 117.696 , 0.0392318 , 3e+21 , 1.37722 , -9.97177 , 1.83203 , 0.0253939 , 0.0263853 , 0.0266541
1.992e-06 , 117.696 , 0.0392318 , 3e+21 , 1.37722 , -9.97177 , 1.83203 , 0.0253939 , 0.0263853 , 0.0266541
1.996e-06 , 117.696 , 0.0392318 , 3e+21 , 1.37722 , -9.97177 , 1.83203 , 0.0253939 , 0.0263853 , 0.0266541
2e-06 , 117.696 , 0.0392318 , 3e+21 , 1.37722 , -9.97177 , 1.83203 , 0.0253939 , 0.0263853 , 0.0266541
2.004e-06 , 117.696 , 0.0392318 , 3e+21 , 1.37722 , -9.97177 , 1.83203 , 0.0253939 , 0.0263853 , 0.0266541
2.008e-06 , 117.696 , 0.0392318 , 3e+21 , 1.37722 , -9.97177 , 1.83203 , 0.0253939 , 0.0263853 , 0.0266541
2.012e-06 , 117.696 , 0.0392318 , 3e+21 , 1.37722 , -9.97177 , 1.83203 , 0.0253939 , 0.0263853 , 0.0266541
2.016e-06 , 117.696 , 0.0392318 , 3e+21 , 1.37722 , -9.97177 , 1.83203 , 0.0253939 , 0.0263853 , 0.0266541
2.02e-06 , 117.696 , 0.0392318 , 3e+21 , 1.37722 , -9.97177 , 1.83203 , 0.0253939 , 0.0263853 , 0.0266541
2.024e-06 , 117.696 , 0.0392318 , 3e+21 , 1.37722 , -9.97177 , 1.83203 , 0.0253939 , 0.0263853 , 0.0266541
2.028e-06 , 117.696 , 0.0392318 , 3e+21 , 1.37722 , -9.97177 , 1.83203 , 0.0253939 , 0.0263853 , 0.0266541
2.032e-06 , 117.696 , 0.0392318 , 3e+21 , 1.37722 , -9.97177 , 1.83203 , 0.0253939 , 0.0263853 , 0.0266541
2.036e-06 , 117.696 , 0.0392318 , 3e+21 , 1.37722 , -9.97177 , 1.83203 , 0.0253939 , 0.0263853 , 0.0266541
2.04e-06 , 117.696 , 0.0392318 , 3e+21 , 1.37722 , -9.97177 , 1.83203 , 0.0253939 , 0.0263853 , 0.0266541
2.044e-06 , 117.696 , 0.0392318 , 3e+21 , 1.37722 , -9.97177 , 1.83203 , 0.0253939 , 0.0263853 , 0.0266541
2.048e-06 , 117.696 , 0.0392318 , 3e+21 , 1.37722 , -9.97177 , 1.83203 , 0.0253939 , 0.0263853 , 0.0266541
2.052e-06 , 117.696 , 0.0392318 , 3e+21 , 1.37722 , -9.97177 , 1.83203 , 0.0253939 , 0.0263853 , 0.0266541
2.056e-06 , 117.696 , 0.0392318 , 3e+21 , 1.37722 , -9.97177 , 1.83203 , 0.0253939 , 0.0263853 , 0.0266541
2.06e-06 , 117.696 , 0.0392318 , 3e+21 , 1.37722 , -9.97177 , 1.83203 , 0.0253939 , 0.0263853 , 0.0266541
2.064e-06 , 117.696 , 0.0392318 , 3e+21 , 1.37722 , -9.97177 , 1.83203 , 0.0253939 , 0.0263853 , 0.0266541
2.068e-06 , 117.696 , 0.0392318 , 3e+21 , 1.37722 , -9.97177 , 1.83203 , 0.0253939 , 0.0263853 , 0.0266541
2.072e-06 , 117.696 , 0.0392318 , 3e+21 , 1.37722 , -9.97177 , 1.83203 , 0.0253939 , 0.0263853 , 0.0266541
2.076e-06 , 117.696 , 0.0392318 , 3e+21 , 1.37722 , -9.97177 , 1.83203 , 0.0253939 , 0.0263853 , 0.0266541
2.08e-06 , 117.696 , 0.0392318 , 3e+21 , 1.37722 , -9.97177 , 1.83203 , 0.0253939 , 0.0263853 , 0.0266541
2.084e-06 , 117.696 , 0.0392318 , 3e+21 , 1.37722 , -9.97177 , 1.83203 , 0.0253939 , 0.0263853 , 0.0266541
2.088e-06 , 117.696 , 0.0392318 , 3e+21 , 1.37722 , -9.97177 , 1.83203 , 0.0253939 , 0.0263853 , 0.0266541
2.092e-06 , 117.696 , 0.0392318 , 3e+21 , 1.37722 , -9.97177 , 1.83203 , 0.0253939 , 0.0263853 , 0.0266541
2.096e-06 , 117.696 , 0.0392318 , 3e+21 , 1.37722 , -9.97177 , 1.83203 , 0.0253939 , 0.0263853 , 0.0266541
2.1e-06 , 117.696 , 0.0392318 , 3e+21 , 1.37722 , -9.97177 , 1.83203 , 0.0253939 , 0.0263853 , 0.0266541
2.104e-06 , 117.696 , 0.0392318 , 3e+21 , 1.37722 , -9.97177 , 1.83203 , 0.0253939 , 0.0263853 , 0.0266541
2.108e-06 , 117.696 , 0.0392318 , 3e+21 , 1.37722 , -9.97177 , 1.83203 , 0.0253939 , 0.0263853 , 0.0266541
2.112e-06 , 117.696 , 0.0392318 , 3e+21 , 1.37722 , -9.97177 , 1.83203 , 0.0253939 , 0.0263853 , 0.0266541
2.116e-06 , 117.696 , 0.0392318 , 3e+21 , 1.37722 , -9.97177 , 1.83203 , 0.0253939 , 0.0263853 , 0.0266541
2.12e-06 , 117.696 , 0.0392318 , 3e+21 , 1.37722 , -9.97177 , 1.83203 , 0.0253939 , 0.0263853 , 0.0266541
2.124e-06 , 117.696 , 0.0392318 , 3e+21 , 1.37722 , -9.97177 , 1.83203 , 0.0253939 , 0.0263853 , 0.0266541
2.128e-06 , 117.696 , 0.0392318 , 3e+21 , 1.37722 , -9.97177 , 1.83203 , 0.0253939 , 0.0263853 , 0.0266541
2.132e-06 , 117.696 , 0.0392318 , 3e+21 , 1.37722 , -9.97177 , 1.83203 , 0.0253939 , 0.0263853 , 0.0266541
2.136e-06 , 117.696 , 0.0392318 , 3e+21 , 1.37722 , -9.97177 , 1.83203 , 0.0253939 , 0.0263853 , 0.0266541
2.14e-06 , 117.696 , 0.0392318 , 3e+21 , 1.37722 , -9.97177 , 1.83203 , 0.0253939 , 0.0263853 , 0.0266541
2.144e-06 , 117.696 , 0.0392318 , 3e+21 , 1.37722 , -9.97177 , 1.83203 , 0.0253939 , 0.0263853 , 0.0266541
2.148e-06 , 117.696 , 0.0392318 , 3e+21 , 1.37722 , -9.97177 , 1.83203 , 0.0253939 , 0.0263853 , 0.0266541
2.152e-06 , 117.696 , 0.0392318 , 3e+21 , 1.37722 , -9.97177 , 1.83203 , 0.0253939 , 0.0263853 , 0.0266541
2.156e-06 , 117.696 , 0.0392318 , 3e+21 , 1.37722 , -9.97177 , 1.83203 , 0.0253939 , 0.0263853 , 0.0266541
2.16e-06 , 117.696 , 0.0392318 , 3e+21 , 1.37722 , -9.97177 , 1.83203 , 0.0253939 , 0.0263853 , 0.0266541
2.164e-06 , 117.696 , 0.0392318 , 3e+21 , 1.37722 , -9.97177 , 1.83203 , 0.0253939 , 0.0263853 , 0.0266541
2.168e-06 , 117.696 , 0.0392318 , 3e+21 , 1.37722 , -9.97177 , 1.83203 , 0.0253939 , 0.0263853 , 0.0266541
2.172e-06 , 117.696 , 0.0392318 , 3e+21 , 1.37722 , -9.97177 , 1.83203 , 0.0253939 , 0.0263853 , 0.0266541
2.176e-06 , 117.696 , 0.0392318 , 3e+21 , 1.37722 , -9.97177 , 1.83203 , 0.0253939 , 0.0263853 , 0.0266541
2.18e-06 , 117.696 , 0.0392318 , 3e+21 , 1.37722 , -9.97177 , 1.83203 , 0.0253939 , 0.0263853 , 0.0266541
2.184e-06 , 117.696 , 0.0392318 , 3e+21 , 1.37722 , -9.97177 , 1.83203 , 0.0253939 , 0.0263853 , 0.0266541
2.188e-06 , 117.696 , 0.0392318 , 3e+21 , 1.37722 , -9.97177 , 1.83203 , 0.0253939 , 0.0263853 , 0.0266541
2.192e-06 , 117.696 , 0.0392318 , 3e+21 , 1.37722 , -9.97177 , 1.83203 , 0.0253939 , 0.0263853 , 0.0266541
2.196e-06 , 117.696 , 0.0392318 , 3e+21 , 1.37722 , -9.97177 , 1.83203 , 0.0253939 , 0.0263853 , 0.0266541
2.2e-06 , 117.696 , 0.0392318 , 3e+21 , 1.37722 , -9.97177 , 1.83203 , 0.0253939 , 0.0263853 , 0.0266541
2.204e-06 , 117.696 , 0.0392318 , 3e+21 , 1.37722 , -9.97177 , 1.83203 , 0.0253939 , 0.0263853 , 0.0266541
2.208e-06 , 117.696 , 0.0392318 , 3e+21 , 1.37722 , -9.97177 , 1.83203 , 0.0253939 , 0.0263853 , 0.0266541
2.212e-06 , 117.696 , 0.0392318 , 3e+21 , 1.37722 , -9.97177 , 1.83203 , 0.0253939 , 0.0263853 , 0.0266541
2.216e-06 , 117.696 , 0.0392318 , 3e+21 , 1.37722 , -9.97177 , 1.83203 , 0.0253939 , 0.0263853 , 0.0266541
2.22e-06 , 117.696 , 0.0392318 , 3e+21 , 1.37722 , -9.97177 , 1.83203 , 0.0253939 , 0.0263853 , 0.0266541
2.224e-06 , 117.696 , 0.0392318 , 3e+21 , 1.37722 , -9.97177 , 1.83203 , 0.0253939 , 0.0263853 , 0.0266541
2.228e-06 , 117.696 , 0.0392318 , 3e+21 , 1.37722 , -9.97177 , 1.83203 , 0.0253939 , 0.0263853 , 0.0266541
2.232e-06 , 117.696 , 0.0392318 , 3e+21 , 1.37722 , -9.97177 , 1.83203 , 0.0253939 , 0.0263853 , 0.0266541
2.236e-06 , 117.696 , 0.0392318 , 3e+21 , 1.37722 , -9.97177 , 1.83203 , 0.0253939 , 0.0263853 , 0.0266541
2.24e-06 , 117.696 , 0.0392318 , 3e+21 , 1.37722 , -9.97177 , 1.83203 , 0.0253939 , 0.0263853 , 0.0266541
2.244e-06 , 117.696 , 0.0392318 , 3e+21 , 1.37722 , -9.97177 , 1.83203 , 0.0253939 , 0.0263853 , 0.0266541
2.248e-06 , 117.696 , 0.0392318 , 3e+21 , 1.37722 , -9.97177 , 1.83203 , 0.0253939 , 0.0263853 , 0.0266541
2.252e-06 , 117.696 , 0.0392318 , 3e+21 , 1.37722 , -9.97177 , 1.83203 , 0.0253939 , 0.0263853 , 0.0266541
2.256e-06 , 117.696 , 0.0392318 , 3e+21 , 1.37722 , -9.97177 , 1.83203 , 0.0253939 , 0.0263853 , 0.0266541
2.26e-06 , 117.696 , 0.0392318 , 3e+21 , 1.37722 , -9.97177 , 1.83203 , 0.0253939 , 0.0263853 , 0.0266541
2.264e-06 , 117.696 , 0.0392318 , 3e+21 , 1.37722 , -9.97177 , 1.83203 , 0.0253939 , 0.0263853 , 0.0266541
2.268e-06 , 117.696 , 0.0392318 , 3e+21 , 1.37722 , -9.97177 , 1.83203 , 0.0253939 , 0.0263853 , 0.0266541
2.272e-06 , 117.696 , 0.0392318 , 3e+21 , 1.37722 , -9.97177 , 1.83203 , 0.0253939 , 0.0263853 , 0.0266541
2.276e-06 , 117.696 , 0.0392318 , 3e+21 , 1.37722 , -9.97177 , 1.83203 , 0.0253939 , 0.0263853 , 0.0266541
2.28e-06 , 117.696 , 0.0392318 , 3e+21 , 1.37722 , -9.97177 , 1.83203 , 0.0253939 , 0.0263853 , 0.0266541
2.284e-06 , 117.696 , 0.0392318 , 3e+21 , 1.37722 , -9.97177 , 1.83203 , 0.0253939 , 0.0263853 , 0.0266541
2.288e-06 , 117.696 , 0.0392318 , 3e+21 , 1.37722 , -9.97177 , 1.83203 , 0.0253939 , 0.0263853 , 0.0266541
2.292e-06 , 117.696 , 0.0392318 , 3e+21 , 1.37722 , -9.97177 , 1.83203 , 0.0253939 , 0.0263853 , 0.0266541
2.296e-06 , 117.696 , 0.0392318 , 3e+21 , 1.37722 , -9.97177 , 1.83203 , 0.0253939 , 0.0263853 , 0.0266541
2.3e-06 , 117.696 , 0.0392318 , 3e+21 , 1.37722 , -9.97177 , 1.83203 , 0.0253939 , 0.0263853 , 0.0266541
2.304e-06 , 117.696 , 0.0392318 , 3e+21 , 1.37722 , -9.97177 , 1.83203 , 0.0253939 , 0.0263853 , 0.0266541
2.308e-06 , 117.696 , 0.0392318 , 3e+21 , 1.37722 , -9.97177 , 1.83203 , 0.0253939 , 0.0263853 , 0.0266541
2.312e-06 , 117.696 , 0.0392318 , 3e+21 , 1.37722 , -9.97177 , 1.83203 , 0.0253939 , 0.0263853 , 0.0266541
2.316e-06 , 117.696 , 0.0392318 , 3e+21 , 1.37722 , -9.97177 , 1.83203 , 0.0253939 , 0.0263853 , 0.0266541
2.32e-06 , 117.696 , 0.0392318 , 3e+21 , 1.37722 , -9.97177 , 1.83203 , 0.0253939 , 0.0263853 , 0.0266541
2.324e-06 , 117.696 , 0.0392318 , 3e+21 , 1.37722 , -9.97177 , 1.83203 , 0.0253939 , 0.0263853 , 0.0266541
2.328e-06 , 117.696 , 0.0392318 , 3e+21 , 1.37722 , -9.97177 , 1.83203 , 0.0253939 , 0.0263853 , 0.0266541
2.332e-06 , 117.696 , 0.0392318 , 3e+21 , 1.37722 , -9.97177 , 1.83203 , 0.0253939 , 0.0263853 , 0.0266541
2.336e-06 , 117.696 , 0.0392318 , 3e+21 , 1.37722 , -9.97177 , 1.83203 , 0.0253939 , 0.0263853 , 0.0266541
2.34e-06 , 117.696 , 0.0392318 , 3e+21 , 1.37722 , -9.97177 , 1.83203 , 0.0253939 , 0.0263853 , 0.0266541
2.344e-06 , 117.696 , 0.0392318 , 3e+21 , 1.37722 , -9.97177 , 1.83203 , 0.0253939 , 0.0263853 , 0.0266541
2.348e-06 , 117.696 , 0.0392318 , 3e+21 , 1.37722 , -9.97177 , 1.83203 , 0.0253939 , 0.0263853 , 0.0266541
2.352e-06 , 117.696 , 0.0392318 , 3e+21 , 1.37722 , -9.97177 , 1.83203 , 0.0253939 , 0.0263853 , 0.0266541
2.356e-06 , 117.696 , 0.0392318 , 3e+21 , 1.37722 , -9.97177 , 1.83203 , 0.0253939 , 0.0263853 , 0.0266541
2.36e-06 , 117.696 , 0.0392318 , 3e+21 , 1.37722 , -9.97177 , 1.83203 , 0.0253939 , 0.0263853 , 0.0266541
2.364e-06 , 117.696 , 0.0392318 , 3e+21 , 1.37722 , -9.97177 , 1.83203 , 0.0253939 , 0.0263853 , 0.0266541
2.368e-06 , 117.696 , 0.0392318 , 3e+21 , 1.37722 , -9.97177 , 1.83203 , 0.0253939 , 0.0263853 , 0.0266541
2.372e-06 , 117.696 , 0.0392318 , 3e+21 , 1.37722 , -9.97177 , 1.83203 , 0.0253939 , 0.0263853 , 0.0266541
2.376e-06 , 117.696 , 0.0392318 , 3e+21 , 1.37722 , -9.97177 , 1.83203 , 0.0253939 , 0.0263853 , 0.0266541
2.38e-06 , 117.696 , 0.0392318 , 3e+21 , 1.37722 , -9.97177 , 1.83203 , 0.0253939 , 0.0263853 , 0.0266541
2.384e-06 , 117.696 , 0.0392318 , 3e+21 , 1.37722 , -9.97177 , 1.83203 , 0.0253939 , 0.0263853 , 0.0266541
2.388e-06 , 117.696 , 0.0392318 , 3e+21 , 1.37722 , -9.97177 , 1.83203 , 0.0253939 , 0.0263853 , 0.0266541
2.392e-06 , 117.696 , 0.0392318 , 3e+21 , 1.37722 , -9.97177 , 1.83203 , 0.0253939 , 0.0263853 , 0.0266541
2.396e-06 , 117.696 , 0.0392318 , 3e+21 , 1.37722 , -9.97177 , 1.83203 , 0.0253939 , 0.0263853 , 0.0266541
2.4e-06 , 117.696 , 0.0392318 , 3e+21 , 1.37722 , -9.97177 , 1.83203 , 0.0253939 , 0.0263853 , 0.0266541
2.404e-06 , 117.696 , 0.0392318 , 3e+21 , 1.37722 , -9.97177 , 1.83203 , 0.0253939 , 0.0263853 , 0.0266541
2.408e-06 , 117.696 , 0.0392318 , 3e+21 , 1.37722 , -9.97177 , 1.83203 , 0.0253939 , 0.0263853 , 0.0266541
2.412e-06 , 117.696 , 0.0392318 , 3e+21 , 1.37722 , -9.97177 , 1.83203 , 0.0253939 , 0.0263853 , 0.0266541
2.416e-06 , 117.696 , 0.0392318 , 3e+21 , 1.37722 , -9.97177 , 1.83203 , 0.0253939 , 0.0263853 , 0.0266541
2.42e-06 , 117.696 , 0.0392318 , 3e+21 , 1.37722 , -9.97177 , 1.83203 , 0.0253939 , 0.0263853 , 0.0266541
2.424e-06 , 117.696 , 0.0392318 , 3e+21 , 1.37722 , -9.97177 , 1.83203 , 0.0253939 , 0.0263853 , 0.0266541
2.428e-06 , 117.696 , 0.0392318 , 3e+21 , 1.37722 , -9.97177 , 1.83203 , 0.0253939 , 0.0263853 , 0.0266541
2.432e-06 , 117.696 , 0.0392318 , 3e+21 , 1.37722 , -9.97177 , 1.83203 , 0.0253939 , 0.0263853 , 0.0266541
2.436e-06 , 117.696 , 0.0392318 , 3e+21 , 1.37722 , -9.97177 , 1.83203 , 0.0253939 , 0.0263853 , 0.0266541
2.44e-06 , 117.696 , 0.0392318 , 3e+21 , 1.37722 , -9.97177 , 1.83203 , 0.0253939 , 0.0263853 , 0.0266541
2.444e-06 , 117.696 , 0.0392318 , 3e+21 , 1.37722 , -9.97177 , 1.83203 , 0.0253939 , 0.0263853 , 0.0266541
2.448e-06 , 117.696 , 0.0392318 , 3e+21 , 1.37722 , -9.97177 , 1.83203 , 0.0253939 , 0.0263853 , 0.0266541
2.452e-06 , 117.696 , 0.0392318 , 3e+21 , 1.37722 , -9.97177 , 1.83203 , 0.0253939 , 0.0263853 , 0.0266541
2.456e-06 , 117.696 , 0.0392318 , 3e+21 , 1.37722 , -9.97177 , 1.83203 , 0.0253939 , 0.0263853 , 0.0266541
2.46e-06 , 117.696 , 0.0392318 , 3e+21 , 1.37722 , -9.97177 , 1.83203 , 0.0253939 , 0.0263853 , 0.0266541
2.464e-06 , 117.696 , 0.0392318 , 3e+21 , 1.37722 , -9.97177 , 1.83203 , 0.0253939 , 0.0263853 , 0.0266541
2.468e-06 , 117.696 , 0.0392318 , 3e+21 , 1.37722 , -9.97177 , 1.83203 , 0.0253939 , 0.0263853 , 0.0266541
2.472e-06 , 117.696 , 0.0392318 , 3e+21 , 1.37722 , -9.97177 , 1.83203 , 0.0253939 , 0.0263853 , 0.0266541
2.476e-06 , 117.696 , 0.0392318 , 3e+21 , 1.37722 , -9.97177 , 1.83203 , 0.0253939 , 0.0263853 , 0.0266541
2.48e-06 , 117.696 , 0.0392318 , 3e+21 , 1.37722 , -9.97177 , 1.83203 , 0.0253939 , 0.0263853 , 0.0266541
2.484e-06 , 117.696 , 0.0392318 , 3e+21 , 1.37722 , -9.97177 , 1.83203 , 0.0253939 , 0.0263853 , 0.0266541
2.488e-06 , 117.696 , 0.0392318 , 3e+21 , 1.37722 , -9.97177 , 1.83203 , 0.0253939 , 0.0263853 , 0.0266541
2.492e-06 , 117.696 , 0.0392318 , 3e+21 , 1.37722 , -9.97177 , 1.83203 , 0.0253939 , 0.0263853 , 0.0266541
2.496e-06 , 117.696 , 0.0392318 , 3e+21 , 1.37722 , -9.97177 , 1.83203 , 0.0253939 , 0.0263853 , 0.0266541
2.5e-06 , 117.696 , 0.0392318 , 3e+21 , 1.37722 , -9.97177 , 1.83203 , 0.0253939 , 0.0263853 , 0.0266541
2.504e-06 , 117.696 , 0.0392318 , 3e+21 , 1.37722 , -9.97177 , 1.83203 , 0.0253939 , 0.0263853 , 0.0266541
2.508e-06 , 117.696 , 0.0392318 , 3e+21 , 1.37722 , -9.97177 , 1.83203 , 0.0253939 , 0.0263853 , 0.0266541
2.512e-06 , 117.696 , 0.0392318 , 3e+21 , 1.37722 , -9.97177 , 1.83203 , 0.0253939 , 0.0263853 , 0.0266541
2.516e-06 , 117.696 , 0.0392318 , 3e+21 , 1.37722 , -9.97177 , 1.83203 , 0.0253939 , 0.0263853 , 0.0266541
2.52e-06 , 117.696 , 0.0392318 , 3e+21 , 1.37722 , -9.97177 , 1.83203 , 0.0253939 , 0.0263853 , 0.0266541
2.524e-06 , 117.696 , 0.0392318 , 3e+21 , 1.37722 , -9.97177 , 1.83203 , 0.0253939 , 0.0263853 , 0.0266541
2.528e-06 , 117.696 , 0.0392318 , 3e+21 , 1.37722 , -9.97177 , 1.83203 , 0.0253939 , 0.0263853 , 0.0266541
2.532e-06 , 117.696 , 0.0392318 , 3e+21 , 1.37722 , -9.97177 , 1.83203 , 0.0253939 , 0.0263853 , 0.0266541
2.536e-06 , 117.696 , 0.0392318 , 3e+21 , 1.37722 , -9.97177 , 1.83203 , 0.0253939 , 0.0263853 , 0.0266541
2.54e-06 , 117.696 , 0.0392318 , 3e+21 , 1.37722 , -9.97177 , 1.83203 , 0.0253939 , 0.0263853 , 0.0266541
2.544e-06 , 117.696 , 0.0392318 , 3e+21 , 1.37722 , -9.97177 , 1.83203 , 0.0253939 , 0.0263853 , 0.0266541
2.548e-06 , 117.696 , 0.0392318 , 3e+21 , 1.37722 , -9.97177 , 1.83203 , 0.0253939 , 0.0263853 , 0.0266541
2.552e-06 , 117.696 , 0.0392318 , 3e+21 , 1.37722 , -9.97177 , 1.83203 , 0.0253939 , 0.0263853 , 0.0266541
2.556e-06 , 117.696 , 0.0392318 , 3e+21 , 1.37722 , -9.97177 , 1.83203 , 0.0253939 , 0.0263853 , 0.0266541
2.56e-06 , 117.696 , 0.0392318 , 3e+21 , 1.37722 , -9.97177 , 1.83203 , 0.0253939 , 0.0263853 , 0.0266541
2.564e-06 , 117.696 , 0.0392318 , 3e+21 , 1.37722 , -9.97177 , 1.83203 , 0.0253939 , 0.0263853 , 0.0266541
2.568e-06 , 117.696 , 0.0392318 , 3e+21 , 1.37722 , -9.97177 , 1.83203 , 0.0253939 , 0.0263853 , 0.0266541
2.572e-06 , 117.696 , 0.0392318 , 3e+21 , 1.37722 , -9.97177 , 1.83203 , 0.0253939 , 0.0263853 , 0.0266541
2.576e-06 , 117.696 , 0.0392318 , 3e+21 , 1.37722 , -9.97177 , 1.83203 , 0.0253939 , 0.0263853 , 0.0266541
2.58e-06 , 117.696 , 0.0392318 , 3e+21 , 1.37722 , -9.97177 , 1.83203 , 0.0253939 , 0.0263853 , 0.0266541
2.584e-06 , 117.696 , 0.0392318 , 3e+21 , 1.37722 , -9.97177 , 1.83203 , 0.0253939 , 0.0263853 , 0.0266541
2.588e-06 , 117.696 , 0.0392318 , 3e+21 , 1.37722 , -9.97177 , 1.83203 , 0.0253939 , 0.0263853 , 0.0266541
2.592e-06 , 117.696 , 0.0392318 , 3e+21 , 1.37722 , -9.97177 , 1.83203 , 0.0253939 , 0.0263853 , 0.0266541
2.596e-06 , 117.696 , 0.0392318 , 3e+21 , 1.37722 , -9.97177 , 1.83203 , 0.0253939 , 0.0263853 , 0.0266541
2.6e-06 , 117.696 , 0.0392318 , 3e+21 , 1.37722 , -9.97177 , 1.83203 , 0.0253939 , 0.0263853 , 0.0266541
2.604e-06 , 117.696 , 0.0392318 , 3e+21 , 1.37722 , -9.97177 , 1.83203 , 0.0253939 , 0.0263853 , 0.0266541
2.608e-06 , 117.696 , 0.0392318 , 3e+21 , 1.37722 , -9.97177 , 1.83203 , 0.0253939 , 0.0263853 , 0.0266541
2.612e-06 , 117.696 , 0.0392318 , 3e+21 , 1.37722 , -9.97177 , 1.83203 , 0.0253939 , 0.0263853 , 0.0266541
2.616e-06 , 117.696 , 0.0392318 , 3e+21 , 1.37722 , -9.97177 , 1.83203 , 0.0253939 , 0.0263853 , 0.0266541
2.62e-06 , 117.696 , 0.0392318 , 3e+21 , 1.37722 , -9.97177 , 1.83203 , 0.0253939 , 0.0263853 , 0.0266541
2.624e-06 , 117.696 , 0.0392318 , 3e+21 , 1.37722 , -9.97177 , 1.83203 , 0.0253939 , 0.0263853 , 0.0266541
2.628e-06 , 117.696 , 0.0392318 , 3e+21 , 1.37722 , -9.97177 , 1.83203 , 0.0253939 , 0.0263853 , 0.0266541
2.632e-06 , 117.696 , 0.0392318 , 3e+21 , 1.37722 , -9.97177 , 1.83203 , 0.0253939 , 0.0263853 , 0.0266541
2.636e-06 , 117.696 , 0.0392318 , 3e+21 , 1.37722 , -9.97177 , 1.83203 , 0.0253939 , 0.0263853 , 0.0266541
2.64e-06 , 117.696 , 0.0392318 , 3e+21 , 1.37722 , -9.97177 , 1.83203 , 0.0253939 , 0.0263853 , 0.0266541
2.644e-06 , 117.696 , 0.0392318 , 3e+21 , 1.37722 , -9.97177 , 1.83203 , 0.0253939 , 0.0263853 , 0.0266541
2.648e-06 , 117.696 , 0.0392318 , 3e+21 , 1.37722 , -9.97177 , 1.83203 , 0.0253939 , 0.0263853 , 0.0266541
2.652e-06 , 117.696 , 0.0392318 , 3e+21 , 1.37722 , -9.97177 , 1.83203 , 0.0253939 , 0.0263853 , 0.0266541
2.656e-06 , 117.696 , 0.0392318 , 3e+21 , 1.37722 , -9.97177 , 1.83203 , 0.0253939 , 0.0263853 , 0.0266541
2.66e-06 , 117.696 , 0.0392318 , 3e+21 , 1.37722 , -9.97177 , 1.83203 , 0.0253939 , 0.0263853 , 0.0266541
2.664e-06 , 117.696 , 0.0392318 , 3e+21 , 1.37722 , -9.97177 , 1.83203 , 0.0253939 , 0.0263853 , 0.0266541
2.668e-06 , 117.696 , 0.0392318 , 3e+21 , 1.37722 , -9.97177 , 1.83203 , 0.0253939 , 0.0263853 , 0.0266541
2.672e-06 , 117.696 , 0.0392318 , 3e+21 , 1.37722 , -9.97177 , 1.83203 , 0.0253939 , 0.0263853 , 0.0266541
2.676e-06 , 117.696 , 0.0392318 , 3e+21 , 1.37722 , -9.97177 , 1.83203 , 0.0253939 , 0.0263853 , 0.0266541
2.68e-06 , 117.696 , 0.0392318 , 3e+21 , 1.37722 , -9.97177 , 1.83203 , 0.0253939 , 0.0263853 , 0.0266541
2.684e-06 , 117.696 , 0.0392318 , 3e+21 , 1.37722 , -9.97177 , 1.83203 , 0.0253939 , 0.0263853 , 0.0266541
2.688e-06 , 117.696 , 0.0392318 , 3e+21 , 1.37722 , -9.97177 , 1.83203 , 0.0253939 , 0.0263853 , 0.0266541
2.692e-06 , 117.696 , 0.0392318 , 3e+21 , 1.37722 , -9.97177 , 1.83203 , 0.0253939 , 0.0263853 , 0.0266541
2.696e-06 , 117.696 , 0.0392318 , 3e+21 , 1.37722 , -9.97177 , 1.83203 , 0.0253939 , 0.0263853 , 0.0266541
2.7e-06 , 117.696 , 0.0392318 , 3e+21 , 1.37722 , -9.97177 , 1.83203 , 0.0253939 , 0.0263853 , 0.0266541
2.704e-06 , 117.696 , 0.0392318 , 3e+21 , 1.37722 , -9.97177 , 1.83203 , 0.0253939 , 0.0263853 , 0.0266541
2.708e-06 , 117.696 , 0.0392318 , 3e+21 , 1.37722 , -9.97177 , 1.83203 , 0.0253939 , 0.0263853 , 0.0266541
2.712e-06 , 117.696 , 0.0392318 , 3e+21 , 1.37722 , -9.97177 , 1.83203 , 0.0253939 , 0.0263853 , 0.0266541
2.716e-06 , 117.696 , 0.0392318 , 3e+21 , 1.37722 , -9.97177 , 1.83203 , 0.0253939 , 0.0263853 , 0.0266541
2.72e-06 , 117.696 , 0.0392318 , 3e+21 , 1.37722 , -9.97177 , 1.83203 , 0.0253939 , 0.0263853 , 0.0266541
2.724e-06 , 117.696 , 0.0392318 , 3e+21 , 1.37722 , -9.97177 , 1.83203 , 0.0253939 , 0.0263853 , 0.0266541
2.728e-06 , 117.696 , 0.0392318 , 3e+21 , 1.37722 , -9.97177 , 1.83203 , 0.0253939 , 0.0263853 , 0.0266541
2.732e-06 , 117.696 , 0.0392318 , 3e+21 , 1.37722 , -9.97177 , 1.83203 , 0.0253939 , 0.0263853 , 0.0266541
2.736e-06 , 117.696 , 0.0392318 , 3e+21 , 1.37722 , -9.97177 , 1.83203 , 0.0253939 , 0.0263853 , 0.0266541
2.74e-06 , 117.696 , 0.0392318 , 3e+21 , 1.37722 , -9.97177 , 1.83203 , 0.0253939 , 0.0263853 , 0.0266541
2.744e-06 , 117.696 , 0.0392318 , 3e+21 , 1.37722 , -9.97177 , 1.83203 , 0.0253939 , 0.0263853 , 0.0266541
2.748e-06 , 117.696 , 0.0392318 , 3e+21 , 1.37722 , -9.97177 , 1.83203 , 0.0253939 , 0.0263853 , 0.0266541
2.752e-06 , 117.696 , 0.0392318 , 3e+21 , 1.37722 , -9.97177 , 1.83203 , 0.0253939 , 0.0263853 , 0.0266541
2.756e-06 , 117.696 , 0.0392318 , 3e+21 , 1.37722 , -9.97177 , 1.83203 , 0.0253939 , 0.0263853 , 0.0266541
2.76e-06 , 117.696 , 0.0392318 , 3e+21 , 1.37722 , -9.97177 , 1.83203 , 0.0253939 , 0.0263853 , 0.0266541
2.764e-06 , 117.696 , 0.0392318 , 3e+21 , 1.37722 , -9.97177 , 1.83203 , 0.0253939 , 0.0263853 , 0.0266541
2.768e-06 , 117.696 , 0.0392318 , 3e+21 , 1.37722 , -9.97177 , 1.83203 , 0.0253939 , 0.0263853 , 0.0266541
2.772e-06 , 117.696 , 0.0392318 , 3e+21 , 1.37722 , -9.97177 , 1.83203 , 0.0253939 , 0.0263853 , 0.0266541
2.776e-06 , 117.696 , 0.0392318 , 3e+21 , 1.37722 , -9.97177 , 1.83203 , 0.0253939 , 0.0263853 , 0.0266541
2.78e-06 , 117.696 , 0.0392318 , 3e+21 , 1.37722 , -9.97177 , 1.83203 , 0.0253939 , 0.0263853 , 0.0266541
2.784e-06 , 117.696 , 0.0392318 , 3e+21 , 1.37722 , -9.97177 , 1.83203 , 0.0253939 , 0.0263853 , 0.0266541
2.788e-06 , 117.696 , 0.0392318 , 3e+21 , 1.37722 , -9.97177 , 1.83203 , 0.0253939 , 0.0263853 , 0.0266541
2.792e-06 , 117.696 , 0.0392318 , 3e+21 , 1.37722 , -9.97177 , 1.83203 , 0.0253939 , 0.0263853 , 0.0266541
2.796e-06 , 117.696 , 0.0392318 , 3e+21 , 1.37722 , -9.97177 , 1.83203 , 0.0253939 , 0.0263853 , 0.0266541
2.8e-06 , 117.696 , 0.0392318 , 3e+21 , 1.37722 , -9.97177 , 1.83203 , 0.0253939 , 0.0263853 , 0.0266541
2.804e-06 , 117.696 , 0.0392318 , 3e+21 , 1.37722 , -9.97177 , 1.83203 , 0.0253939 , 0.0263853 , 0.0266541
2.808e-06 , 117.696 , 0.0392318 , 3e+21 , 1.37722 , -9.97177 , 1.83203 , 0.0253939 , 0.0263853 , 0.0266541
2.812e-06 , 117.696 , 0.0392318 , 3e+21 , 1.37722 , -9.97177 , 1.83203 , 0.0253939 , 0.0263853 , 0.0266541
2.816e-06 , 117.696 , 0.0392318 , 3e+21 , 1.37722 , -9.97177 , 1.83203 , 0.0253939 , 0.0263853 , 0.0266541
2.82e-06 , 117.696 , 0.0392318 , 3e+21 , 1.37722 , -9.97177 , 1.83203 , 0.0253939 , 0.0263853 , 0.0266541
2.824e-06 , 117.696 , 0.0392318 , 3e+21 , 1.37722 , -9.97177 , 1.83203 , 0.0253939 , 0.0263853 , 0.0266541
2.828e-06 , 117.696 , 0.0392318 , 3e+21 , 1.37722 , -9.97177 , 1.83203 , 0.0253939 , 0.0263853 , 0.0266541
2.832e-06 , 117.696 , 0.0392318 , 3e+21 , 1.37722 , -9.97177 , 1.83203 , 0.0253939 , 0.0263853 , 0.0266541
2.836e-06 , 117.696 , 0.0392318 , 3e+21 , 1.37722 , -9.97177 , 1.83203 , 0.0253939 , 0.0263853 , 0.0266541
2.84e-06 , 117.696 , 0.0392318 , 3e+21 , 1.37722 , -9.97177 , 1.83203 , 0.0253939 , 0.0263853 , 0.0266541
2.844e-06 , 117.696 , 0.0392318 , 3e+21 , 1.37722 , -9.97177 , 1.83203 , 0.0253939 , 0.0263853 , 0.0266541
2.848e-06 , 117.696 , 0.0392318 , 3e+21 , 1.37722 , -9.97177 , 1.83203 , 0.0253939 , 0.0263853 , 0.0266541
2.852e-06 , 117.696 , 0.0392318 , 3e+21 , 1.37722 , -9.97177 , 1.83203 , 0.0253939 , 0.0263853 , 0.0266541
2.856e-06 , 117.696 , 0.0392318 , 3e+21 , 1.37722 , -9.97177 , 1.83203 , 0.0253939 , 0.0263853 , 0.0266541
2.86e-06 , 117.696 , 0.0392318 , 3e+21 , 1.37722 , -9.97177 , 1.83203 , 0.0253939 , 0.0263853 , 0.0266541
2.864e-06 , 117.696 , 0.0392318 , 3e+21 , 1.37722 , -9.97177 , 1.83203 , 0.0253939 , 0.0263853 , 0.0266541
2.868e-06 , 117.696 , 0.0392318 , 3e+21 , 1.37722 , -9.97177 , 1.83203 , 0.0253939 , 0.0263853 , 0.0266541
2.872e-06 , 117.696 , 0.0392318 , 3e+21 , 1.37722 , -9.97177 , 1.83203 , 0.0253939 , 0.0263853 , 0.0266541
2.876e-06 , 117.696 , 0.0392318 , 3e+21 , 1.37722 , -9.97177 , 1.83203 , 0.0253939 , 0.0263853 , 0.0266541
2.88e-06 , 117.696 , 0.0392318 , 3e+21 , 1.37722 , -9.97177 , 1.83203 , 0.0253939 , 0.0263853 , 0.0266541
2.884e-06 , 117.696 , 0.0392318 , 3e+21 , 1.37722 , -9.97177 , 1.83203 , 0.0253939 , 0.0263853 , 0.0266541
2.888e-06 , 117.696 , 0.0392318 , 3e+21 , 1.37722 , -9.97177 , 1.83203 , 0.0253939 , 0.0263853 , 0.0266541
2.892e-06 , 117.696 , 0.0392318 , 3e+21 , 1.37722 , -9.97177 , 1.83203 , 0.0253939 , 0.0263853 , 0.0266541
2.896e-06 , 117.696 , 0.0392318 , 3e+21 , 1.37722 , -9.97177 , 1.83203 , 0.0253939 , 0.0263853 , 0.0266541
2.9e-06 , 117.696 , 0.0392318 , 3e+21 , 1.37722 , -9.97177 , 1.83203 , 0.0253939 , 0.0263853 , 0.0266541
2.904e-06 , 117.696 , 0.0392318 , 3e+21 , 1.37722 , -9.97177 , 1.83203 , 0.0253939 , 0.0263853 , 0.0266541
2.908e-06 , 117.696 , 0.0392318 , 3e+21 , 1.37722 , -9.97177 , 1.83203 , 0.0253939 , 0.0263853 , 0.0266541
2.912e-06 , 117.696 , 0.0392318 , 3e+21 , 1.37722 , -9.97177 , 1.83203 , 0.0253939 , 0.0263853 , 0.0266541
2.916e-06 , 117.696 , 0.0392318 , 3e+21 , 1.37722 , -9.97177 , 1.83203 , 0.0253939 , 0.0263853 , 0.0266541
2.92e-06 , 117.696 , 0.0392318 , 3e+21 , 1.37722 , -9.97177 , 1.83203 , 0.0253939 , 0.0263853 , 0.0266541
2.924e-06 , 117.696 , 0.0392318 , 3e+21 , 1.37722 , -9.97177 , 1.83203 , 0.0253939 , 0.0263853 , 0.0266541
2.928e-06 , 117.696 , 0.0392318 , 3e+21 , 1.37722 , -9.97177 , 1.83203 , 0.0253939 , 0.0263853 , 0.0266541
2.932e-06 , 117.696 , 0.0392318 , 3e+21 , 1.37722 , -9.97177 , 1.83203 , 0.0253939 , 0.0263853 , 0.0266541
2.936e-06 , 117.696 , 0.0392318 , 3e+21 , 1.37722 , -9.97177 , 1.83203 , 0.0253939 , 0.0263853 , 0.0266541
2.94e-06 , 117.696 , 0.0392318 , 3e+21 , 1.37722 , -9.97177 , 1.83203 , 0.0253939 , 0.0263853 , 0.0266541
2.944e-06 , 117.696 , 0.0392318 , 3e+21 , 1.37722 , -9.97177 , 1.83203 , 0.0253939 , 0.0263853 , 0.0266541
2.948e-06 , 117.696 , 0.0392318 , 3e+21 , 1.37722 , -9.97177 , 1.83203 , 0.0253939 , 0.0263853 , 0.0266541
2.952e-06 , 117.696 , 0.0392318 , 3e+21 , 1.37722 , -9.97177 , 1.83203 , 0.0253939 , 0.0263853 , 0.0266541
2.956e-06 , 117.696 , 0.0392318 , 3e+21 , 1.37722 , -9.97177 , 1.83203 , 0.0253939 , 0.0263853 , 0.0266541
2.96e-06 , 117.696 , 0.0392318 , 3e+21 , 1.37722 , -9.97177 , 1.83203 , 0.0253939 , 0.0263853 , 0.0266541
2.964e-06 , 117.696 , 0.0392318 , 3e+21 , 1.37722 , -9.97177 , 1.83203 , 0.0253939 , 0.0263853 , 0.0266541
2.968e-06 , 117.696 , 0.0392318 , 3e+21 , 1.37722 , -9.97177 , 1.83203 , 0.0253939 , 0.0263853 , 0.0266541
2.972e-06 , 117.696 , 0.0392318 , 3e+21 , 1.37722 , -9.97177 , 1.83203 , 0.0253939 , 0.0263853 , 0.0266541
2.976e-06 , 117.696 , 0.0392318 , 3e+21 , 1.37722 , -9.97177 , 1.83203 , 0.0253939 , 0.0263853 , 0.0266541
2.98e-06 , 117.696 , 0.0392318 , 3e+21 , 1.37722 , -9.97177 , 1.83203 , 0.0253939 , 0.0263853 , 0.0266541
2.984e-06 , 117.696 , 0.0392318 , 3e+21 , 1.37722 , -9.97177 , 1.83203 , 0.0253939 , 0.0263853 , 0.0266541
2.988e-06 , 117.696 , 0.0392318 , 3e+21 , 1.37722 , -9.97177 , 1.83203 , 0.0253939 , 0.0263853 , 0.0266541
2.992e-06 , 117.696 , 0.0392318 , 3e+21 , 1.37722 , -9.97177 , 1.83203 , 0.0253939 , 0.0263853 , 0.0266541
2.996e-06 , 117.696 , 0.0392318 , 3e+21 , 1.37722 , -9.97177 , 1.83203 , 0.0253939 , 0.0263853 , 0.0266541
3e-06 , 117.696 , 0.0392318 , 3e+21 , 1.37722 , -9.97177 , 1.83203 , 0.0253939 , 0.0263853 , 0.0266541
3.004e-06 , 117.696 , 0.0392318 , 3e+21 , 1.37722 , -9.97177 , 1.83203 , 0.0253939 , 0.0263853 , 0.0266541
3.008e-06 , 117.696 , 0.0392318 , 3e+21 , 1.37722 , -9.97177 , 1.83203 , 0.0253939 , 0.0263853 , 0.0266541
3.012e-06 , 117.696 , 0.0392318 , 3e+21 , 1.37722 , -9.97177 , 1.83203 , 0.0253939 , 0.0263853 , 0.0266541
3.016e-06 , 117.696 , 0.0392318 , 3e+21 , 1.37722 , -9.97177 , 1.83203 , 0.0253939 , 0.0263853 , 0.0266541
3.02e-06 , 117.696 , 0.0392318 , 3e+21 , 1.37722 , -9.97177 , 1.83203 , 0.0253939 , 0.0263853 , 0.0266541
3.024e-06 , 117.696 , 0.0392318 , 3e+21 , 1.37722 , -9.97177 , 1.83203 , 0.0253939 , 0.0263853 , 0.0266541
3.028e-06 , 117.696 , 0.0392318 , 3e+21 , 1.37722 , -9.97177 , 1.83203 , 0.0253939 , 0.0263853 , 0.0266541
3.032e-06 , 117.696 , 0.0392318 , 3e+21 , 1.37722 , -9.97177 , 1.83203 , 0.0253939 , 0.0263853 , 0.0266541
3.036e-06 , 117.696 , 0.0392318 , 3e+21 , 1.37722 , -9.97177 , 1.83203 , 0.0253939 , 0.0263853 , 0.0266541
3.04e-06 , 117.696 , 0.0392318 , 3e+21 , 1.37722 , -9.97177 , 1.83203 , 0.0253939 , 0.0263853 , 0.0266541
3.044e-06 , 117.696 , 0.0392318 , 3e+21 , 1.37722 , -9.97177 , 1.83203 , 0.0253939 , 0.0263853 , 0.0266541
3.048e-06 , 117.696 , 0.0392318 , 3e+21 , 1.37722 , -9.97177 , 1.83203 , 0.0253939 , 0.0263853 , 0.0266541
3.052e-06 , 117.696 , 0.0392318 , 3e+21 , 1.37722 , -9.97177 , 1.83203 , 0.0253939 , 0.0263853 , 0.0266541
3.056e-06 , 117.696 , 0.0392318 , 3e+21 , 1.37722 , -9.97177 , 1.83203 , 0.0253939 , 0.0263853 , 0.0266541
3.06e-06 , 117.696 , 0.0392318 , 3e+21 , 1.37722 , -9.97177 , 1.83203 , 0.0253939 , 0.0263853 , 0.0266541
3.064e-06 , 117.696 , 0.0392318 , 3e+21 , 1.37722 , -9.97177 , 1.83203 , 0.0253939 , 0.0263853 , 0.0266541
3.068e-06 , 117.696 , 0.0392318 , 3e+21 , 1.37722 , -9.97177 , 1.83203 , 0.0253939 , 0.0263853 , 0.0266541
3.072e-06 , 117.696 , 0.0392318 , 3e+21 , 1.37722 , -9.97177 , 1.83203 , 0.0253939 , 0.0263853 , 0.0266541
3.076e-06 , 117.696 , 0.0392318 , 3e+21 , 1.37722 , -9.97177 , 1.83203 , 0.0253939 , 0.0263853 , 0.0266541
3.08e-06 , 117.696 , 0.0392318 , 3e+21 , 1.37722 , -9.97177 , 1.83203 , 0.0253939 , 0.0263853 , 0.0266541
3.084e-06 , 117.696 , 0.0392318 , 3e+21 , 1.37722 , -9.97177 , 1.83203 , 0.0253939 , 0.0263853 , 0.0266541
3.088e-06 , 117.696 , 0.0392318 , 3e+21 , 1.37722 , -9.97177 , 1.83203 , 0.0253939 , 0.0263853 , 0.0266541
3.092e-06 , 117.696 , 0.0392318 , 3e+21 , 1.37722 , -9.97177 , 1.83203 , 0.0253939 , 0.0263853 , 0.0266541
3.096e-06 , 117.696 , 0.0392318 , 3e+21 , 1.37722 , -9.97177 , 1.83203 , 0.0253939 , 0.0263853 , 0.0266541
3.1e-06 , 117.696 , 0.0392318 , 3e+21 , 1.37722 , -9.97177 , 1.83203 , 0.0253939 , 0.0263853 , 0.0266541
3.104e-06 , 117.696 , 0.0392318 , 3e+21 , 1.37722 , -9.97177 , 1.83203 , 0.0253939 , 0.0263853 , 0.0266541
3.108e-06 , 117.696 , 0.0392318 , 3e+21 , 1.37722 , -9.97177 , 1.83203 , 0.0253939 , 0.0263853 , 0.0266541
3.112e-06 , 117.696 , 0.0392318 , 3e+21 , 1.37722 , -9.97177 , 1.83203 , 0.0253939 , 0.0263853 , 0.0266541
3.116e-06 , 117.696 , 0.0392318 , 3e+21 , 1.37722 , -9.97177 , 1.83203 , 0.0253939 , 0.0263853 , 0.0266541
3.12e-06 , 117.696 , 0.0392318 , 3e+21 , 1.37722 , -9.97177 , 1.83203 , 0.0253939 , 0.0263853 , 0.0266541
3.124e-06 , 117.696 , 0.0392318 , 3e+21 , 1.37722 , -9.97177 , 1.83203 , 0.0253939 , 0.0263853 , 0.0266541
3.128e-06 , 117.696 , 0.0392318 , 3e+21 , 1.37722 , -9.97177 , 1.83203 , 0.0253939 , 0.0263853 , 0.0266541
3.132e-06 , 117.696 , 0.0392318 , 3e+21 , 1.37722 , -9.97177 , 1.83203 , 0.0253939 , 0.0263853 , 0.0266541
3.136e-06 , 117.696 , 0.0392318 , 3e+21 , 1.37722 , -9.97177 , 1.83203 , 0.0253939 , 0.0263853 , 0.0266541
3.14e-06 , 117.696 , 0.0392318 , 3e+21 , 1.37722 , -9.97177 , 1.83203 , 0.0253939 , 0.0263853 , 0.0266541
3.144e-06 , 117.696 , 0.0392318 , 3e+21 , 1.37722 , -9.97177 , 1.83203 , 0.0253939 , 0.0263853 , 0.0266541
3.148e-06 , 117.696 , 0.0392318 , 3e+21 , 1.37722 , -9.97177 , 1.83203 , 0.0253939 , 0.0263853 , 0.0266541
3.152e-06 , 117.696 , 0.0392318 , 3e+21 , 1.37722 , -9.97177 , 1.83203 , 0.0253939 , 0.0263853 , 0.0266541
3.156e-06 , 117.696 , 0.0392318 , 3e+21 , 1.37722 , -9.97177 , 1.83203 , 0.0253939 , 0.0263853 , 0.0266541
3.16e-06 , 117.696 , 0.0392318 , 3e+21 , 1.37722 , -9.97177 , 1.83203 , 0.0253939 , 0.0263853 , 0.0266541
3.164e-06 , 117.696 , 0.0392318 , 3e+21 , 1.37722 , -9.97177 , 1.83203 , 0.0253939 , 0.0263853 , 0.0266541
3.168e-06 , 117.696 , 0.0392318 , 3e+21 , 1.37722 , -9.97177 , 1.83203 , 0.0253939 , 0.0263853 , 0.0266541
3.172e-06 , 117.696 , 0.0392318 , 3e+21 , 1.37722 , -9.97177 , 1.83203 , 0.0253939 , 0.0263853 , 0.0266541
3.176e-06 , 117.696 , 0.0392318 , 3e+21 , 1.37722 , -9.97177 , 1.83203 , 0.0253939 , 0.0263853 , 0.0266541
3.18e-06 , 117.696 , 0.0392318 , 3e+21 , 1.37722 , -9.97177 , 1.83203 , 0.0253939 , 0.0263853 , 0.0266541
3.184e-06 , 117.696 , 0.0392318 , 3e+21 , 1.37722 , -9.97177 , 1.83203 , 0.0253939 , 0.0263853 , 0.0266541
3.188e-06 , 117.696 , 0.0392318 , 3e+21 , 1.37722 , -9.97177 , 1.83203 , 0.0253939 , 0.0263853 , 0.0266541
3.192e-06 , 117.696 , 0.0392318 , 3e+21 , 1.37722 , -9.97177 , 1.83203 , 0.0253939 , 0.0263853 , 0.0266541
3.196e-06 , 117.696 , 0.0392318 , 3e+21 , 1.37722 , -9.97177 , 1.83203 , 0.0253939 , 0.0263853 , 0.0266541
3.2e-06 , 117.696 , 0.0392318 , 3e+21 , 1.37722 , -9.97177 , 1.83203 , 0.0253939 , 0.0263853 , 0.0266541
