t , Ki , Mi , Ni , Vxi , Vyi , Vzi , Txi , Tyi , Tzi
0 , 116.732 , 0.0389107 , 3e+21 , 11.48 , -1.80934 , 7.16541 , 0.0258495 , 0.0259396 , 0.0259782
4e-09 , 116.732 , 0.0389107 , 3e+21 , 11.48 , -1.80934 , 7.16541 , 0.0258495 , 0.0259396 , 0.0259782
8e-09 , 116.732 , 0.0389107 , 3e+21 , 11.48 , -1.80934 , 7.16541 , 0.0258495 , 0.0259396 , 0.0259782
1.2e-08 , 116.732 , 0.0389107 , 3e+21 , 11.48 , -1.80934 , 7.16541 , 0.0258495 , 0.0259396 , 0.0259782
1.6e-08 , 116.732 , 0.0389107 , 3e+21 , 11.48 , -1.80934 , 7.16541 , 0.0258495 , 0.0259396 , 0.0259782
2e-08 , 116.732 , 0.0389107 , 3e+21 , 11.48 , -1.80934 , 7.16541 , 0.0258495 , 0.0259396 , 0.0259782
2.4e-08 , 116.732 , 0.0389107 , 3e+21 , 11.48 , -1.80934 , 7.16541 , 0.0258495 , 0.0259396 , 0.0259782
2.8e-08 , 116.732 , 0.0389107 , 3e+21 , 11.48 , -1.80934 , 7.16541 , 0.0258495 , 0.0259396 , 0.0259782
3.2e-08 , 116.732 , 0.0389107 , 3e+21 , 11.48 , -1.80934 , 7.16541 , 0.0258495 , 0.0259396 , 0.0259782
3.6e-08 , 116.732 , 0.0389107 , 3e+21 , 11.48 , -1.80934 , 7.16541 , 0.0258495 , 0.0259396 , 0.0259782
4e-08 , 116.732 , 0.0389107 , 3e+21 , 11.48 , -1.80934 , 7.16541 , 0.0258495 , 0.0259396 , 0.0259782
4.4e-08 , 116.732 , 0.0389107 , 3e+21 , 11.48 , -1.80934 , 7.16541 , 0.0258495 , 0.0259396 , 0.0259782
4.8e-08 , 116.732 , 0.0389107 , 3e+21 , 11.48 , -1.80934 , 7.16541 , 0.0258495 , 0.0259396 , 0.0259782
5.2e-08 , 116.732 , 0.0389107 , 3e+21 , 11.48 , -1.80934 , 7.16541 , 0.0258495 , 0.0259396 , 0.0259782
5.6e-08 , 116.732 , 0.0389107 , 3e+21 , 11.48 , -1.80934 , 7.16541 , 0.0258495 , 0.0259396 , 0.0259782
6e-08 , 116.732 , 0.0389107 , 3e+21 , 11.48 , -1.80934 , 7.16541 , 0.0258495 , 0.0259396 , 0.0259782
6.4e-08 , 116.732 , 0.0389107 , 3e+21 , 11.48 , -1.80934 , 7.16541 , 0.0258495 , 0.0259396 , 0.0259782
6.8e-08 , 116.732 , 0.0389107 , 3e+21 , 11.48 , -1.80934 , 7.16541 , 0.0258495 , 0.0259396 , 0.0259782
7.2e-08 , 116.732 , 0.0389107 , 3e+21 , 11.48 , -1.80934 , 7.16541 , 0.0258495 , 0.0259396 , 0.0259782
7.6e-08 , 116.732 , 0.0389107 , 3e+21 , 11.48 , -1.80934 , 7.16541 , 0.0258495 , 0.0259396 , 0.0259782
8e-08 , 116.732 , 0.0389107 , 3e+21 , 11.48 , -1.80934 , 7.16541 , 0.0258495 , 0.0259396 , 0.0259782
8.4e-08 , 116.732 , 0.0389107 , 3e+21 , 11.48 , -1.80934 , 7.16541 , 0.0258495 , 0.0259396 , 0.0259782
8.8e-08 , 116.732 , 0.0389107 , 3e+21 , 11.48 , -1.80934 , 7.16541 , 0.0258495 , 0.0259396 , 0.0259782
9.2e-08 , 116.732 , 0.0389107 , 3e+21 , 11.48 , -1.80934 , 7.16541 , 0.0258495 , 0.0259396 , 0.0259782
9.6e-08 , 116.732 , 0.0389107 , 3e+21 , 11.48 , -1.80934 , 7.16541 , 0.0258495 , 0.0259396 , 0.0259782
1e-07 , 116.732 , 0.0389107 , 3e+21 , 11.48 , -1.80934 , 7.16541 , 0.0258495 , 0.0259396 , 0.0259782
1.04e-07 , 116.732 , 0.0389107 , 3e+21 , 11.48 , -1.80934 , 7.16541 , 0.0258495 , 0.0259396 , 0.0259782
1.08e-07 , 116.732 , 0.0389107 , 3e+21 , 11.48 , -1.80934 , 7.16541 , 0.0258495 , 0.0259396 , 0.0259782
1.12e-07 , 116.732 , 0.0389107 , 3e+21 , 11.48 , -1.80934 , 7.16541 , 0.0258495 , 0.0259396 , 0.0259782
1.16e-07 , 116.732 , 0.0389107 , 3e+21 , 11.48 , -1.80934 , 7.16541 , 0.0258495 , 0.0259396 , 0.0259782
1.2e-07 , 116.732 , 0.0389107 , 3e+21 , 11.48 , -1.80934 , 7.16541 , 0.0258495 , 0.0259396 , 0.0259782
1.24e-07 , 116.732 , 0.0389107 , 3e+21 , 11.48 , -1.80934 , 7.16541 , 0.0258495 , 0.0259396 , 0.0259782
1.28e-07 , 116.732 , 0.0389107 , 3e+21 , 11.48 , -1.80934 , 7.16541 , 0.0258495 , 0.0259396 , 0.0259782
1.32e-07 , 116.732 , 0.0389107 , 3e+21 , 11.48 , -1.80934 , 7.16541 , 0.0258495 , 0.0259396 , 0.0259782
1.36e-07 , 116.732 , 0.0389107 , 3e+21 , 11.48 , -1.80934 , 7.16541 , 0.0258495 , 0.0259396 , 0.0259782
1.4e-07 , 116.732 , 0.0389107 , 3e+21 , 11.48 , -1.80934 , 7.16541 , 0.0258495 , 0.0259396 , 0.0259782
1.44e-07 , 116.732 , 0.0389107 , 3e+21 , 11.48 , -1.80934 , 7.16541 , 0.0258495 , 0.0259396 , 0.0259782
1.48e-07 , 116.732 , 0.0389107 , 3e+21 , 11.48 , -1.80934 , 7.16541 , 0.0258495 , 0.0259396 , 0.0259782
1.52e-07 , 116.732 , 0.0389107 , 3e+21 , 11.48 , -1.80934 , 7.16541 , 0.0258495 , 0.0259396 , 0.0259782
1.56e-07 , 116.732 , 0.0389107 , 3e+21 , 11.48 , -1.80934 , 7.16541 , 0.0258495 , 0.0259396 , 0.0259782
1.6e-07 , 116.732 , 0.0389107 , 3e+21 , 11.48 , -1.80934 , 7.16541 , 0.0258495 , 0.0259396 , 0.0259782
1.64e-07 , 116.732 , 0.0389107 , 3e+21 , 11.48 , -1.80934 , 7.16541 , 0.0258495 , 0.0259396 , 0.0259782
1.68e-07 , 116.732 , 0.0389107 , 3e+21 , 11.48 , -1.80934 , 7.16541 , 0.0258495 , 0.0259396 , 0.0259782
1.72e-07 , 116.732 , 0.0389107 , 3e+21 , 11.48 , -1.80934 , 7.16541 , 0.0258495 , 0.0259396 , 0.0259782
1.76e-07 , 116.732 , 0.0389107 , 3e+21 , 11.48 , -1.80934 , 7.16541 , 0.0258495 , 0.0259396 , 0.0259782
1.8e-07 , 116.732 , 0.0389107 , 3e+21 , 11.48 , -1.80934 , 7.16541 , 0.0258495 , 0.0259396 , 0.0259782
1.84e-07 , 116.732 , 0.0389107 , 3e+21 , 11.48 , -1.80934 , 7.16541 , 0.0258495 , 0.0259396 , 0.0259782
1.88e-07 , 116.732 , 0.0389107 , 3e+21 , 11.48 , -1.80934 , 7.16541 , 0.0258495 , 0.0259396 , 0.0259782
1.92e-07 , 116.732 , 0.0389107 , 3e+21 , 11.48 , -1.80934 , 7.16541 , 0.0258495 , 0.0259396 , 0.0259782
1.96e-07 , 116.732 , 0.0389107 , 3e+21 , 11.48 , -1.80934 , 7.16541 , 0.0258495 , 0.0259396 , 0.0259782
2e-07 , 116.732 , 0.0389107 , 3e+21 , 11.48 , -1.80934 , 7.16541 , 0.0258495 , 0.0259396 , 0.0259782
2.04e-07 , 116.732 , 0.0389107 , 3e+21 , 11.48 , -1.80934 , 7.16541 , 0.0258495 , 0.0259396 , 0.0259782
2.08e-07 , 116.732 , 0.0389107 , 3e+21 , 11.48 , -1.80934 , 7.16541 , 0.0258495 , 0.0259396 , 0.0259782
2.12e-07 , 116.732 , 0.0389107 , 3e+21 , 11.48 , -1.80934 , 7.16541 , 0.0258495 , 0.0259396 , 0.0259782
2.16e-07 , 116.732 , 0.0389107 , 3e+21 , 11.48 , -1.80934 , 7.16541 , 0.0258495 , 0.0259396 , 0.0259782
2.2e-07 , 116.732 , 0.0389107 , 3e+21 , 11.48 , -1.80934 , 7.16541 , 0.0258495 , 0.0259396 , 0.0259782
2.24e-07 , 116.732 , 0.0389107 , 3e+21 , 11.48 , -1.80934 , 7.16541 , 0.0258495 , 0.0259396 , 0.0259782
2.28e-07 , 116.732 , 0.0389107 , 3e+21 , 11.48 , -1.80934 , 7.16541 , 0.0258495 , 0.0259396 , 0.0259782
2.32e-07 , 116.732 , 0.0389107 , 3e+21 , 11.48 , -1.80934 , 7.16541 , 0.0258495 , 0.0259396 , 0.0259782
2.36e-07 , 116.732 , 0.0389107 , 3e+21 , 11.48 , -1.80934 , 7.16541 , 0.0258495 , 0.0259396 , 0.0259782
2.4e-07 , 116.732 , 0.0389107 , 3e+21 , 11.48 , -1.80934 , 7.16541 , 0.0258495 , 0.0259396 , 0.0259782
2.44e-07 , 116.732 , 0.0389107 , 3e+21 , 11.48 , -1.80934 , 7.16541 , 0.0258495 , 0.0259396 , 0.0259782
2.48e-07 , 116.732 , 0.0389107 , 3e+21 , 11.48 , -1.80934 , 7.16541 , 0.0258495 , 0.0259396 , 0.0259782
2.52e-07 , 116.732 , 0.0389107 , 3e+21 , 11.48 , -1.80934 , 7.16541 , 0.0258495 , 0.0259396 , 0.0259782
2.56e-07 , 116.732 , 0.0389107 , 3e+21 , 11.48 , -1.80934 , 7.16541 , 0.0258495 , 0.0259396 , 0.0259782
2.6e-07 , 116.732 , 0.0389107 , 3e+21 , 11.48 , -1.80934 , 7.16541 , 0.0258495 , 0.0259396 , 0.0259782
2.64e-07 , 116.732 , 0.0389107 , 3e+21 , 11.48 , -1.80934 , 7.16541 , 0.0258495 , 0.0259396 , 0.0259782
2.68e-07 , 116.732 , 0.0389107 , 3e+21 , 11.48 , -1.80934 , 7.16541 , 0.0258495 , 0.0259396 , 0.0259782
2.72e-07 , 116.732 , 0.0389107 , 3e+21 , 11.48 , -1.80934 , 7.16541 , 0.0258495 , 0.0259396 , 0.0259782
2.76e-07 , 116.732 , 0.0389107 , 3e+21 , 11.48 , -1.80934 , 7.16541 , 0.0258495 , 0.0259396 , 0.0259782
2.8e-07 , 116.732 , 0.0389107 , 3e+21 , 11.48 , -1.80934 , 7.16541 , 0.0258495 , 0.0259396 , 0.0259782
2.84e-07 , 116.732 , 0.0389107 , 3e+21 , 11.48 , -1.80934 , 7.16541 , 0.0258495 , 0.0259396 , 0.0259782
2.88e-07 , 116.732 , 0.0389107 , 3e+21 , 11.48 , -1.80934 , 7.16541 , 0.0258495 , 0.0259396 , 0.0259782
2.92e-07 , 116.732 , 0.0389107 , 3e+21 , 11.48 , -1.80934 , 7.16541 , 0.0258495 , 0.0259396 , 0.0259782
2.96e-07 , 116.732 , 0.0389107 , 3e+21 , 11.48 , -1.80934 , 7.16541 , 0.0258495 , 0.0259396 , 0.0259782
3e-07 , 116.732 , 0.0389107 , 3e+21 , 11.48 , -1.80934 , 7.16541 , 0.0258495 , 0.0259396 , 0.0259782
3.04e-07 , 116.732 , 0.0389107 , 3e+21 , 11.48 , -1.80934 , 7.16541 , 0.0258495 , 0.0259396 , 0.0259782
3.08e-07 , 116.732 , 0.0389107 , 3e+21 , 11.48 , -1.80934 , 7.16541 , 0.0258495 , 0.0259396 , 0.0259782
3.12e-07 , 116.732 , 0.0389107 , 3e+21 , 11.48 , -1.80934 , 7.16541 , 0.0258495 , 0.0259396 , 0.0259782
3.16e-07 , 116.732 , 0.0389107 , 3e+21 , 11.48 , -1.80934 , 7.16541 , 0.0258495 , 0.0259396 , 0.0259782
3.2e-07 , 116.732 , 0.0389107 , 3e+21 , 11.48 , -1.80934 , 7.16541 , 0.0258495 , 0.0259396 , 0.0259782
3.24e-07 , 116.732 , 0.0389107 , 3e+21 , 11.48 , -1.80934 , 7.16541 , 0.0258495 , 0.0259396 , 0.0259782
3.28e-07 , 116.732 , 0.0389107 , 3e+21 , 11.48 , -1.80934 , 7.16541 , 0.0258495 , 0.0259396 , 0.0259782
3.32e-07 , 116.732 , 0.0389107 , 3e+21 , 11.48 , -1.80934 , 7.16541 , 0.0258495 , 0.0259396 , 0.0259782
3.36e-07 , 116.732 , 0.0389107 , 3e+21 , 11.48 , -1.80934 , 7.16541 , 0.0258495 , 0.0259396 , 0.0259782
3.4e-07 , 116.732 , 0.0389107 , 3e+21 , 11.48 , -1.80934 , 7.16541 , 0.0258495 , 0.0259396 , 0.0259782
3.44e-07 , 116.732 , 0.0389107 , 3e+21 , 11.48 , -1.80934 , 7.16541 , 0.0258495 , 0.0259396 , 0.0259782
3.48e-07 , 116.732 , 0.0389107 , 3e+21 , 11.48 , -1.80934 , 7.16541 , 0.0258495 , 0.0259396 , 0.0259782
3.52e-07 , 116.732 , 0.0389107 , 3e+21 , 11.48 , -1.80934 , 7.16541 , 0.0258495 , 0.0259396 , 0.0259782
3.56e-07 , 116.732 , 0.0389107 , 3e+21 , 11.48 , -1.80934 , 7.16541 , 0.0258495 , 0.0259396 , 0.0259782
3.6e-07 , 116.732 , 0.0389107 , 3e+21 , 11.48 , -1.80934 , 7.16541 , 0.0258495 , 0.0259396 , 0.0259782
3.64e-07 , 116.732 , 0.0389107 , 3e+21 , 11.48 , -1.80934 , 7.16541 , 0.0258495 , 0.0259396 , 0.0259782
3.68e-07 , 116.732 , 0.0389107 , 3e+21 , 11.48 , -1.80934 , 7.16541 , 0.0258495 , 0.0259396 , 0.0259782
3.72e-07 , 116.732 , 0.0389107 , 3e+21 , 11.48 , -1.80934 , 7.16541 , 0.0258495 , 0.0259396 , 0.0259782
3.76e-07 , 116.732 , 0.0389107 , 3e+21 , 11.48 , -1.80934 , 7.16541 , 0.0258495 , 0.0259396 , 0.0259782
3.8e-07 , 116.732 , 0.0389107 , 3e+21 , 11.48 , -1.80934 , 7.16541 , 0.0258495 , 0.0259396 , 0.0259782
3.84e-07 , 116.732 , 0.0389107 , 3e+21 , 11.48 , -1.80934 , 7.16541 , 0.0258495 , 0.0259396 , 0.0259782
3.88e-07 , 116.732 , 0.0389107 , 3e+21 , 11.48 , -1.80934 , 7.16541 , 0.0258495 , 0.0259396 , 0.0259782
3.92e-07 , 116.732 , 0.0389107 , 3e+21 , 11.48 , -1.80934 , 7.16541 , 0.0258495 , 0.0259396 , 0.0259782
3.96e-07 , 116.732 , 0.0389107 , 3e+21 , 11.48 , -1.80934 , 7.16541 , 0.0258495 , 0.0259396 , 0.0259782
4e-07 , 116.732 , 0.0389107 , 3e+21 , 11.48 , -1.80934 , 7.16541 , 0.0258495 , 0.0259396 , 0.0259782
4.04e-07 , 116.732 , 0.0389107 , 3e+21 , 11.48 , -1.80934 , 7.16541 , 0.0258495 , 0.0259396 , 0.0259782
4.08e-07 , 116.732 , 0.0389107 , 3e+21 , 11.48 , -1.80934 , 7.16541 , 0.0258495 , 0.0259396 , 0.0259782
4.12e-07 , 116.732 , 0.0389107 , 3e+21 , 11.48 , -1.80934 , 7.16541 , 0.0258495 , 0.0259396 , 0.0259782
4.16e-07 , 116.732 , 0.0389107 , 3e+21 , 11.48 , -1.80934 , 7.16541 , 0.0258495 , 0.0259396 , 0.0259782
4.2e-07 , 116.732 , 0.0389107 , 3e+21 , 11.48 , -1.80934 , 7.16541 , 0.0258495 , 0.0259396 , 0.0259782
4.24e-07 , 116.732 , 0.0389107 , 3e+21 , 11.48 , -1.80934 , 7.16541 , 0.0258495 , 0.0259396 , 0.0259782
4.28e-07 , 116.732 , 0.0389107 , 3e+21 , 11.48 , -1.80934 , 7.16541 , 0.0258495 , 0.0259396 , 0.0259782
4.32e-07 , 116.732 , 0.0389107 , 3e+21 , 11.48 , -1.80934 , 7.16541 , 0.0258495 , 0.0259396 , 0.0259782
4.36e-07 , 116.732 , 0.0389107 , 3e+21 , 11.48 , -1.80934 , 7.16541 , 0.0258495 , 0.0259396 , 0.0259782
4.4e-07 , 116.732 , 0.0389107 , 3e+21 , 11.48 , -1.80934 , 7.16541 , 0.0258495 , 0.0259396 , 0.0259782
4.44e-07 , 116.732 , 0.0389107 , 3e+21 , 11.48 , -1.80934 , 7.16541 , 0.0258495 , 0.0259396 , 0.0259782
4.48e-07 , 116.732 , 0.0389107 , 3e+21 , 11.48 , -1.80934 , 7.16541 , 0.0258495 , 0.0259396 , 0.0259782
4.52e-07 , 116.732 , 0.0389107 , 3e+21 , 11.48 , -1.80934 , 7.16541 , 0.0258495 , 0.0259396 , 0.0259782
4.56e-07 , 116.732 , 0.0389107 , 3e+21 , 11.48 , -1.80934 , 7.16541 , 0.0258495 , 0.0259396 , 0.0259782
4.6e-07 , 116.732 , 0.0389107 , 3e+21 , 11.48 , -1.80934 , 7.16541 , 0.0258495 , 0.0259396 , 0.0259782
4.64e-07 , 116.732 , 0.0389107 , 3e+21 , 11.48 , -1.80934 , 7.16541 , 0.0258495 , 0.0259396 , 0.0259782
4.68e-07 , 116.732 , 0.0389107 , 3e+21 , 11.48 , -1.80934 , 7.16541 , 0.0258495 , 0.0259396 , 0.0259782
4.72e-07 , 116.732 , 0.0389107 , 3e+21 , 11.48 , -1.80934 , 7.16541 , 0.0258495 , 0.0259396 , 0.0259782
4.76e-07 , 116.732 , 0.0389107 , 3e+21 , 11.48 , -1.80934 , 7.16541 , 0.0258495 , 0.0259396 , 0.0259782
4.8e-07 , 116.732 , 0.0389107 , 3e+21 , 11.48 , -1.80934 , 7.16541 , 0.0258495 , 0.0259396 , 0.0259782
4.84e-07 , 116.732 , 0.0389107 , 3e+21 , 11.48 , -1.80934 , 7.16541 , 0.0258495 , 0.0259396 , 0.0259782
4.88e-07 , 116.732 , 0.0389107 , 3e+21 , 11.48 , -1.80934 , 7.16541 , 0.0258495 , 0.0259396 , 0.0259782
4.92e-07 , 116.732 , 0.0389107 , 3e+21 , 11.48 , -1.80934 , 7.16541 , 0.0258495 , 0.0259396 , 0.0259782
4.96e-07 , 116.732 , 0.0389107 , 3e+21 , 11.48 , -1.80934 , 7.16541 , 0.0258495 , 0.0259396 , 0.0259782
5e-07 , 116.732 , 0.0389107 , 3e+21 , 11.48 , -1.80934 , 7.16541 , 0.0258495 , 0.0259396 , 0.0259782
5.04e-07 , 116.732 , 0.0389107 , 3e+21 , 11.48 , -1.80934 , 7.16541 , 0.0258495 , 0.0259396 , 0.0259782
5.08e-07 , 116.732 , 0.0389107 , 3e+21 , 11.48 , -1.80934 , 7.16541 , 0.0258495 , 0.0259396 , 0.0259782
5.12e-07 , 116.732 , 0.0389107 , 3e+21 , 11.48 , -1.80934 , 7.16541 , 0.0258495 , 0.0259396 , 0.0259782
5.16e-07 , 116.732 , 0.0389107 , 3e+21 , 11.48 , -1.80934 , 7.16541 , 0.0258495 , 0.0259396 , 0.0259782
5.2e-07 , 116.732 , 0.0389107 , 3e+21 , 11.48 , -1.80934 , 7.16541 , 0.0258495 , 0.0259396 , 0.0259782
5.24e-07 , 116.732 , 0.0389107 , 3e+21 , 11.48 , -1.80934 , 7.16541 , 0.0258495 , 0.0259396 , 0.0259782
5.28e-07 , 116.732 , 0.0389107 , 3e+21 , 11.48 , -1.80934 , 7.16541 , 0.0258495 , 0.0259396 , 0.0259782
5.32e-07 , 116.732 , 0.0389107 , 3e+21 , 11.48 , -1.80934 , 7.16541 , 0.0258495 , 0.0259396 , 0.0259782
5.36e-07 , 116.732 , 0.0389107 , 3e+21 , 11.48 , -1.80934 , 7.16541 , 0.0258495 , 0.0259396 , 0.0259782
5.4e-07 , 116.732 , 0.0389107 , 3e+21 , 11.48 , -1.80934 , 7.16541 , 0.0258495 , 0.0259396 , 0.0259782
5.44e-07 , 116.732 , 0.0389107 , 3e+21 , 11.48 , -1.80934 , 7.16541 , 0.0258495 , 0.0259396 , 0.0259782
5.48e-07 , 116.732 , 0.0389107 , 3e+21 , 11.48 , -1.80934 , 7.16541 , 0.0258495 , 0.0259396 , 0.0259782
5.52e-07 , 116.732 , 0.0389107 , 3e+21 , 11.48 , -1.80934 , 7.16541 , 0.0258495 , 0.0259396 , 0.0259782
5.56e-07 , 116.732 , 0.0389107 , 3e+21 , 11.48 , -1.80934 , 7.16541 , 0.0258495 , 0.0259396 , 0.0259782
5.6e-07 , 116.732 , 0.0389107 , 3e+21 , 11.48 , -1.80934 , 7.16541 , 0.0258495 , 0.0259396 , 0.0259782
5.64e-07 , 116.732 , 0.0389107 , 3e+21 , 11.48 , -1.80934 , 7.16541 , 0.0258495 , 0.0259396 , 0.0259782
5.68e-07 , 116.732 , 0.0389107 , 3e+21 , 11.48 , -1.80934 , 7.16541 , 0.0258495 , 0.0259396 , 0.0259782
5.72e-07 , 116.732 , 0.0389107 , 3e+21 , 11.48 , -1.80934 , 7.16541 , 0.0258495 , 0.0259396 , 0.0259782
5.76e-07 , 116.732 , 0.0389107 , 3e+21 , 11.48 , -1.80934 , 7.16541 , 0.0258495 , 0.0259396 , 0.0259782
5.8e-07 , 116.732 , 0.0389107 , 3e+21 , 11.48 , -1.80934 , 7.16541 , 0.0258495 , 0.0259396 , 0.0259782
5.84e-07 , 116.732 , 0.0389107 , 3e+21 , 11.48 , -1.80934 , 7.16541 , 0.0258495 , 0.0259396 , 0.0259782
5.88e-07 , 116.732 , 0.0389107 , 3e+21 , 11.48 , -1.80934 , 7.16541 , 0.0258495 , 0.0259396 , 0.0259782
5.92e-07 , 116.732 , 0.0389107 , 3e+21 , 11.48 , -1.80934 , 7.16541 , 0.0258495 , 0.0259396 , 0.0259782
5.96e-07 , 116.732 , 0.0389107 , 3e+21 , 11.48 , -1.80934 , 7.16541 , 0.0258495 , 0.0259396 , 0.0259782
6e-07 , 116.732 , 0.0389107 , 3e+21 , 11.48 , -1.80934 , 7.16541 , 0.0258495 , 0.0259396 , 0.0259782
6.04e-07 , 116.732 , 0.0389107 , 3e+21 , 11.48 , -1.80934 , 7.16541 , 0.0258495 , 0.0259396 , 0.0259782
6.08e-07 , 116.732 , 0.0389107 , 3e+21 , 11.48 , -1.80934 , 7.16541 , 0.0258495 , 0.0259396 , 0.0259782
6.12e-07 , 116.732 , 0.0389107 , 3e+21 , 11.48 , -1.80934 , 7.16541 , 0.0258495 , 0.0259396 , 0.0259782
6.16e-07 , 116.732 , 0.0389107 , 3e+21 , 11.48 , -1.80934 , 7.16541 , 0.0258495 , 0.0259396 , 0.0259782
6.2e-07 , 116.732 , 0.0389107 , 3e+21 , 11.48 , -1.80934 , 7.16541 , 0.0258495 , 0.0259396 , 0.0259782
6.24e-07 , 116.732 , 0.0389107 , 3e+21 , 11.48 , -1.80934 , 7.16541 , 0.0258495 , 0.0259396 , 0.0259782
6.28e-07 , 116.732 , 0.0389107 , 3e+21 , 11.48 , -1.80934 , 7.16541 , 0.0258495 , 0.0259396 , 0.0259782
6.32e-07 , 116.732 , 0.0389107 , 3e+21 , 11.48 , -1.80934 , 7.16541 , 0.0258495 , 0.0259396 , 0.0259782
6.36e-07 , 116.732 , 0.0389107 , 3e+21 , 11.48 , -1.80934 , 7.16541 , 0.0258495 , 0.0259396 , 0.0259782
6.4e-07 , 116.732 , 0.0389107 , 3e+21 , 11.48 , -1.80934 , 7.16541 , 0.0258495 , 0.0259396 , 0.0259782
6.44e-07 , 116.732 , 0.0389107 , 3e+21 , 11.48 , -1.80934 , 7.16541 , 0.0258495 , 0.0259396 , 0.0259782
6.48e-07 , 116.732 , 0.0389107 , 3e+21 , 11.48 , -1.80934 , 7.16541 , 0.0258495 , 0.0259396 , 0.0259782
6.52e-07 , 116.732 , 0.0389107 , 3e+21 , 11.48 , -1.80934 , 7.16541 , 0.0258495 , 0.0259396 , 0.0259782
6.56e-07 , 116.732 , 0.0389107 , 3e+21 , 11.48 , -1.80934 , 7.16541 , 0.0258495 , 0.0259396 , 0.0259782
6.6e-07 , 116.732 , 0.0389107 , 3e+21 , 11.48 , -1.80934 , 7.16541 , 0.0258495 , 0.0259396 , 0.0259782
6.64e-07 , 116.732 , 0.0389107 , 3e+21 , 11.48 , -1.80934 , 7.16541 , 0.0258495 , 0.0259396 , 0.0259782
6.68e-07 , 116.732 , 0.0389107 , 3e+21 , 11.48 , -1.80934 , 7.16541 , 0.0258495 , 0.0259396 , 0.0259782
6.72e-07 , 116.732 , 0.0389107 , 3e+21 , 11.48 , -1.80934 , 7.16541 , 0.0258495 , 0.0259396 , 0.0259782
6.76e-07 , 116.732 , 0.0389107 , 3e+21 , 11.48 , -1.80934 , 7.16541 , 0.0258495 , 0.0259396 , 0.0259782
6.8e-07 , 116.732 , 0.0389107 , 3e+21 , 11.48 , -1.80934 , 7.16541 , 0.0258495 , 0.0259396 , 0.0259782
6.84e-07 , 116.732 , 0.0389107 , 3e+21 , 11.48 , -1.80934 , 7.16541 , 0.0258495 , 0.0259396 , 0.0259782
6.88e-07 , 116.732 , 0.0389107 , 3e+21 , 11.48 , -1.80934 , 7.16541 , 0.0258495 , 0.0259396 , 0.0259782
6.92e-07 , 116.732 , 0.0389107 , 3e+21 , 11.48 , -1.80934 , 7.16541 , 0.0258495 , 0.0259396 , 0.0259782
6.96e-07 , 116.732 , 0.0389107 , 3e+21 , 11.48 , -1.80934 , 7.16541 , 0.0258495 , 0.0259396 , 0.0259782
7e-07 , 116.732 , 0.0389107 , 3e+21 , 11.48 , -1.80934 , 7.16541 , 0.0258495 , 0.0259396 , 0.0259782
7.04e-07 , 116.732 , 0.0389107 , 3e+21 , 11.48 , -1.80934 , 7.16541 , 0.0258495 , 0.0259396 , 0.0259782
7.08e-07 , 116.732 , 0.0389107 , 3e+21 , 11.48 , -1.80934 , 7.16541 , 0.0258495 , 0.0259396 , 0.0259782
7.12e-07 , 116.732 , 0.0389107 , 3e+21 , 11.48 , -1.80934 , 7.16541 , 0.0258495 , 0.0259396 , 0.0259782
7.16e-07 , 116.732 , 0.0389107 , 3e+21 , 11.48 , -1.80934 , 7.16541 , 0.0258495 , 0.0259396 , 0.0259782
7.2e-07 , 116.732 , 0.0389107 , 3e+21 , 11.48 , -1.80934 , 7.16541 , 0.0258495 , 0.0259396 , 0.0259782
7.24e-07 , 116.732 , 0.0389107 , 3e+21 , 11.48 , -1.80934 , 7.16541 , 0.0258495 , 0.0259396 , 0.0259782
7.28e-07 , 116.732 , 0.0389107 , 3e+21 , 11.48 , -1.80934 , 7.16541 , 0.0258495 , 0.0259396 , 0.0259782
7.32e-07 , 116.732 , 0.0389107 , 3e+21 , 11.48 , -1.80934 , 7.16541 , 0.0258495 , 0.0259396 , 0.0259782
7.36e-07 , 116.732 , 0.0389107 , 3e+21 , 11.48 , -1.80934 , 7.16541 , 0.0258495 , 0.0259396 , 0.0259782
7.4e-07 , 116.732 , 0.0389107 , 3e+21 , 11.48 , -1.80934 , 7.16541 , 0.0258495 , 0.0259396 , 0.0259782
7.44e-07 , 116.732 , 0.0389107 , 3e+21 , 11.48 , -1.80934 , 7.16541 , 0.0258495 , 0.0259396 , 0.0259782
7.48e-07 , 116.732 , 0.0389107 , 3e+21 , 11.48 , -1.80934 , 7.16541 , 0.0258495 , 0.0259396 , 0.0259782
7.52e-07 , 116.732 , 0.0389107 , 3e+21 , 11.48 , -1.80934 , 7.16541 , 0.0258495 , 0.0259396 , 0.0259782
7.56e-07 , 116.732 , 0.0389107 , 3e+21 , 11.48 , -1.80934 , 7.16541 , 0.0258495 , 0.0259396 , 0.0259782
7.6e-07 , 116.732 , 0.0389107 , 3e+21 , 11.48 , -1.80934 , 7.16541 , 0.0258495 , 0.0259396 , 0.0259782
7.64e-07 , 116.732 , 0.0389107 , 3e+21 , 11.48 , -1.80934 , 7.16541 , 0.0258495 , 0.0259396 , 0.0259782
7.68e-07 , 116.732 , 0.0389107 , 3e+21 , 11.48 , -1.80934 , 7.16541 , 0.0258495 , 0.0259396 , 0.0259782
7.72e-07 , 116.732 , 0.0389107 , 3e+21 , 11.48 , -1.80934 , 7.16541 , 0.0258495 , 0.0259396 , 0.0259782
7.76e-07 , 116.732 , 0.0389107 , 3e+21 , 11.48 , -1.80934 , 7.16541 , 0.0258495 , 0.0259396 , 0.0259782
7.8e-07 , 116.732 , 0.0389107 , 3e+21 , 11.48 , -1.80934 , 7.16541 , 0.0258495 , 0.0259396 , 0.0259782
7.84e-07 , 116.732 , 0.0389107 , 3e+21 , 11.48 , -1.80934 , 7.16541 , 0.0258495 , 0.0259396 , 0.0259782
7.88e-07 , 116.732 , 0.0389107 , 3e+21 , 11.48 , -1.80934 , 7.16541 , 0.0258495 , 0.0259396 , 0.0259782
7.92e-07 , 116.732 , 0.0389107 , 3e+21 , 11.48 , -1.80934 , 7.16541 , 0.0258495 , 0.0259396 , 0.0259782
7.96e-07 , 116.732 , 0.0389107 , 3e+21 , 11.48 , -1.80934 , 7.16541 , 0.0258495 , 0.0259396 , 0.0259782
8e-07 , 116.732 , 0.0389107 , 3e+21 , 11.48 , -1.80934 , 7.16541 , 0.0258495 , 0.0259396 , 0.0259782
8.04e-07 , 116.732 , 0.0389107 , 3e+21 , 11.48 , -1.80934 , 7.16541 , 0.0258495 , 0.0259396 , 0.0259782
8.08e-07 , 116.732 , 0.0389107 , 3e+21 , 11.48 , -1.80934 , 7.16541 , 0.0258495 , 0.0259396 , 0.0259782
8.12e-07 , 116.732 , 0.0389107 , 3e+21 , 11.48 , -1.80934 , 7.16541 , 0.0258495 , 0.0259396 , 0.0259782
8.16e-07 , 116.732 , 0.0389107 , 3e+21 , 11.48 , -1.80934 , 7.16541 , 0.0258495 , 0.0259396 , 0.0259782
8.2e-07 , 116.732 , 0.0389107 , 3e+21 , 11.48 , -1.80934 , 7.16541 , 0.0258495 , 0.0259396 , 0.0259782
8.24e-07 , 116.732 , 0.0389107 , 3e+21 , 11.48 , -1.80934 , 7.16541 , 0.0258495 , 0.0259396 , 0.0259782
8.28e-07 , 116.732 , 0.0389107 , 3e+21 , 11.48 , -1.80934 , 7.16541 , 0.0258495 , 0.0259396 , 0.0259782
8.32e-07 , 116.732 , 0.0389107 , 3e+21 , 11.48 , -1.80934 , 7.16541 , 0.0258495 , 0.0259396 , 0.0259782
8.36e-07 , 116.732 , 0.0389107 , 3e+21 , 11.48 , -1.80934 , 7.16541 , 0.0258495 , 0.0259396 , 0.0259782
8.4e-07 , 116.732 , 0.0389107 , 3e+21 , 11.48 , -1.80934 , 7.16541 , 0.0258495 , 0.0259396 , 0.0259782
8.44e-07 , 116.732 , 0.0389107 , 3e+21 , 11.48 , -1.80934 , 7.16541 , 0.0258495 , 0.0259396 , 0.0259782
8.48e-07 , 116.732 , 0.0389107 , 3e+21 , 11.48 , -1.80934 , 7.16541 , 0.0258495 , 0.0259396 , 0.0259782
8.52e-07 , 116.732 , 0.0389107 , 3e+21 , 11.48 , -1.80934 , 7.16541 , 0.0258495 , 0.0259396 , 0.0259782
8.56e-07 , 116.732 , 0.0389107 , 3e+21 , 11.48 , -1.80934 , 7.16541 , 0.0258495 , 0.0259396 , 0.0259782
8.6e-07 , 116.732 , 0.0389107 , 3e+21 , 11.48 , -1.80934 , 7.16541 , 0.0258495 , 0.0259396 , 0.0259782
8.64e-07 , 116.732 , 0.0389107 , 3e+21 , 11.48 , -1.80934 , 7.16541 , 0.0258495 , 0.0259396 , 0.0259782
8.68e-07 , 116.732 , 0.0389107 , 3e+21 , 11.48 , -1.80934 , 7.16541 , 0.0258495 , 0.0259396 , 0.0259782
8.72e-07 , 116.732 , 0.0389107 , 3e+21 , 11.48 , -1.80934 , 7.16541 , 0.0258495 , 0.0259396 , 0.0259782
8.76e-07 , 116.732 , 0.0389107 , 3e+21 , 11.48 , -1.80934 , 7.16541 , 0.0258495 , 0.0259396 , 0.0259782
8.8e-07 , 116.732 , 0.0389107 , 3e+21 , 11.48 , -1.80934 , 7.16541 , 0.0258495 , 0.0259396 , 0.0259782
8.84e-07 , 116.732 , 0.0389107 , 3e+21 , 11.48 , -1.80934 , 7.16541 , 0.0258495 , 0.0259396 , 0.0259782
8.88e-07 , 116.732 , 0.0389107 , 3e+21 , 11.48 , -1.80934 , 7.16541 , 0.0258495 , 0.0259396 , 0.0259782
8.92e-07 , 116.732 , 0.0389107 , 3e+21 , 11.48 , -1.80934 , 7.16541 , 0.0258495 , 0.0259396 , 0.0259782
8.96e-07 , 116.732 , 0.0389107 , 3e+21 , 11.48 , -1.80934 , 7.16541 , 0.0258495 , 0.0259396 , 0.0259782
9e-07 , 116.732 , 0.0389107 , 3e+21 , 11.48 , -1.80934 , 7.16541 , 0.0258495 , 0.0259396 , 0.0259782
9.04e-07 , 116.732 , 0.0389107 , 3e+21 , 11.48 , -1.80934 , 7.16541 , 0.0258495 , 0.0259396 , 0.0259782
9.08e-07 , 116.732 , 0.0389107 , 3e+21 , 11.48 , -1.80934 , 7.16541 , 0.0258495 , 0.0259396 , 0.0259782
9.12e-07 , 116.732 , 0.0389107 , 3e+21 , 11.48 , -1.80934 , 7.16541 , 0.0258495 , 0.0259396 , 0.0259782
9.16e-07 , 116.732 , 0.0389107 , 3e+21 , 11.48 , -1.80934 , 7.16541 , 0.0258495 , 0.0259396 , 0.0259782
9.2e-07 , 116.732 , 0.0389107 , 3e+21 , 11.48 , -1.80934 , 7.16541 , 0.0258495 , 0.0259396 , 0.0259782
9.24e-07 , 116.732 , 0.0389107 , 3e+21 , 11.48 , -1.80934 , 7.16541 , 0.0258495 , 0.0259396 , 0.0259782
9.28e-07 , 116.732 , 0.0389107 , 3e+21 , 11.48 , -1.80934 , 7.16541 , 0.0258495 , 0.0259396 , 0.0259782
9.32e-07 , 116.732 , 0.0389107 , 3e+21 , 11.48 , -1.80934 , 7.16541 , 0.0258495 , 0.0259396 , 0.0259782
9.36e-07 , 116.732 , 0.0389107 , 3e+21 , 11.48 , -1.80934 , 7.16541 , 0.0258495 , 0.0259396 , 0.0259782
9.4e-07 , 116.732 , 0.0389107 , 3e+21 , 11.48 , -1.80934 , 7.16541 , 0.0258495 , 0.0259396 , 0.0259782
9.44e-07 , 116.732 , 0.0389107 , 3e+21 , 11.48 , -1.80934 , 7.16541 , 0.0258495 , 0.0259396 , 0.0259782
9.48e-07 , 116.732 , 0.0389107 , 3e+21 , 11.48 , -1.80934 , 7.16541 , 0.0258495 , 0.0259396 , 0.0259782
9.52e-07 , 116.732 , 0.0389107 , 3e+21 , 11.48 , -1.80934 , 7.16541 , 0.0258495 , 0.0259396 , 0.0259782
9.56e-07 , 116.732 , 0.0389107 , 3e+21 , 11.48 , -1.80934 , 7.16541 , 0.0258495 , 0.0259396 , 0.0259782
9.6e-07 , 116.732 , 0.0389107 , 3e+21 , 11.48 , -1.80934 , 7.16541 , 0.0258495 , 0.0259396 , 0.0259782
9.64e-07 , 116.732 , 0.0389107 , 3e+21 , 11.48 , -1.80934 , 7.16541 , 0.0258495 , 0.0259396 , 0.0259782
9.68e-07 , 116.732 , 0.0389107 , 3e+21 , 11.48 , -1.80934 , 7.16541 , 0.0258495 , 0.0259396 , 0.0259782
9.72e-07 , 116.732 , 0.0389107 , 3e+21 , 11.48 , -1.80934 , 7.16541 , 0.0258495 , 0.0259396 , 0.0259782
9.76e-07 , 116.732 , 0.0389107 , 3e+21 , 11.48 , -1.80934 , 7.16541 , 0.0258495 , 0.0259396 , 0.0259782
9.8e-07 , 116.732 , 0.0389107 , 3e+21 , 11.48 , -1.80934 , 7.16541 , 0.0258495 , 0.0259396 , 0.0259782
9.84e-07 , 116.732 , 0.0389107 , 3e+21 , 11.48 , -1.80934 , 7.16541 , 0.0258495 , 0.0259396 , 0.0259782
9.88e-07 , 116.732 , 0.0389107 , 3e+21 , 11.48 , -1.80934 , 7.16541 , 0.0258495 , 0.0259396 , 0.0259782
9.92e-07 , 116.732 , 0.0389107 , 3e+21 , 11.48 , -1.80934 , 7.16541 , 0.0258495 , 0.0259396 , 0.0259782
9.96e-07 , 116.732 , 0.0389107 , 3e+21 , 11.48 , -1.80934 , 7.16541 , 0.0258495 , 0.0259396 , 0.0259782
1e-06 , 116.732 , 0.0389107 , 3e+21 , 11.48 , -1.80934 , 7.16541 , 0.0258495 , 0.0259396 , 0.0259782
1.004e-06 , 116.732 , 0.0389107 , 3e+21 , 11.48 , -1.80934 , 7.16541 , 0.0258495 , 0.0259396 , 0.0259782
1.008e-06 , 116.732 , 0.0389107 , 3e+21 , 11.48 , -1.80934 , 7.16541 , 0.0258495 , 0.0259396 , 0.0259782
1.012e-06 , 116.732 , 0.0389107 , 3e+21 , 11.48 , -1.80934 , 7.16541 , 0.0258495 , 0.0259396 , 0.0259782
1.016e-06 , 116.732 , 0.0389107 , 3e+21 , 11.48 , -1.80934 , 7.16541 , 0.0258495 , 0.0259396 , 0.0259782
1.02e-06 , 116.732 , 0.0389107 , 3e+21 , 11.48 , -1.80934 , 7.16541 , 0.0258495 , 0.0259396 , 0.0259782
1.024e-06 , 116.732 , 0.0389107 , 3e+21 , 11.48 , -1.80934 , 7.16541 , 0.0258495 , 0.0259396 , 0.0259782
1.028e-06 , 116.732 , 0.0389107 , 3e+21 , 11.48 , -1.80934 , 7.16541 , 0.0258495 , 0.0259396 , 0.0259782
1.032e-06 , 116.732 , 0.0389107 , 3e+21 , 11.48 , -1.80934 , 7.16541 , 0.0258495 , 0.0259396 , 0.0259782
1.036e-06 , 116.732 , 0.0389107 , 3e+21 , 11.48 , -1.80934 , 7.16541 , 0.0258495 , 0.0259396 , 0.0259782
1.04e-06 , 116.732 , 0.0389107 , 3e+21 , 11.48 , -1.80934 , 7.16541 , 0.0258495 , 0.0259396 , 0.0259782
1.044e-06 , 116.732 , 0.0389107 , 3e+21 , 11.48 , -1.80934 , 7.16541 , 0.0258495 , 0.0259396 , 0.0259782
1.048e-06 , 116.732 , 0.0389107 , 3e+21 , 11.48 , -1.80934 , 7.16541 , 0.0258495 , 0.0259396 , 0.0259782
1.052e-06 , 116.732 , 0.0389107 , 3e+21 , 11.48 , -1.80934 , 7.16541 , 0.0258495 , 0.0259396 , 0.0259782
1.056e-06 , 116.732 , 0.0389107 , 3e+21 , 11.48 , -1.80934 , 7.16541 , 0.0258495 , 0.0259396 , 0.0259782
1.06e-06 , 116.732 , 0.0389107 , 3e+21 , 11.48 , -1.80934 , 7.16541 , 0.0258495 , 0.0259396 , 0.0259782
1.064e-06 , 116.732 , 0.0389107 , 3e+21 , 11.48 , -1.80934 , 7.16541 , 0.0258495 , 0.0259396 , 0.0259782
1.068e-06 , 116.732 , 0.0389107 , 3e+21 , 11.48 , -1.80934 , 7.16541 , 0.0258495 , 0.0259396 , 0.0259782
1.072e-06 , 116.732 , 0.0389107 , 3e+21 , 11.48 , -1.80934 , 7.16541 , 0.0258495 , 0.0259396 , 0.0259782
1.076e-06 , 116.732 , 0.0389107 , 3e+21 , 11.48 , -1.80934 , 7.16541 , 0.0258495 , 0.0259396 , 0.0259782
1.08e-06 , 116.732 , 0.0389107 , 3e+21 , 11.48 , -1.80934 , 7.16541 , 0.0258495 , 0.0259396 , 0.0259782
1.084e-06 , 116.732 , 0.0389107 , 3e+21 , 11.48 , -1.80934 , 7.16541 , 0.0258495 , 0.0259396 , 0.0259782
1.088e-06 , 116.732 , 0.0389107 , 3e+21 , 11.48 , -1.80934 , 7.16541 , 0.0258495 , 0.0259396 , 0.0259782
1.092e-06 , 116.732 , 0.0389107 , 3e+21 , 11.48 , -1.80934 , 7.16541 , 0.0258495 , 0.0259396 , 0.0259782
1.096e-06 , 116.732 , 0.0389107 , 3e+21 , 11.48 , -1.80934 , 7.16541 , 0.0258495 , 0.0259396 , 0.0259782
1.1e-06 , 116.732 , 0.0389107 , 3e+21 , 11.48 , -1.80934 , 7.16541 , 0.0258495 , 0.0259396 , 0.0259782
1.104e-06 , 116.732 , 0.0389107 , 3e+21 , 11.48 , -1.80934 , 7.16541 , 0.0258495 , 0.0259396 , 0.0259782
1.108e-06 , 116.732 , 0.0389107 , 3e+21 , 11.48 , -1.80934 , 7.16541 , 0.0258495 , 0.0259396 , 0.0259782
1.112e-06 , 116.732 , 0.0389107 , 3e+21 , 11.48 , -1.80934 , 7.16541 , 0.0258495 , 0.0259396 , 0.0259782
1.116e-06 , 116.732 , 0.0389107 , 3e+21 , 11.48 , -1.80934 , 7.16541 , 0.0258495 , 0.0259396 , 0.0259782
1.12e-06 , 116.732 , 0.0389107 , 3e+21 , 11.48 , -1.80934 , 7.16541 , 0.0258495 , 0.0259396 , 0.0259782
1.124e-06 , 116.732 , 0.0389107 , 3e+21 , 11.48 , -1.80934 , 7.16541 , 0.0258495 , 0.0259396 , 0.0259782
1.128e-06 , 116.732 , 0.0389107 , 3e+21 , 11.48 , -1.80934 , 7.16541 , 0.0258495 , 0.0259396 , 0.0259782
1.132e-06 , 116.732 , 0.0389107 , 3e+21 , 11.48 , -1.80934 , 7.16541 , 0.0258495 , 0.0259396 , 0.0259782
1.136e-06 , 116.732 , 0.0389107 , 3e+21 , 11.48 , -1.80934 , 7.16541 , 0.0258495 , 0.0259396 , 0.0259782
1.14e-06 , 116.732 , 0.0389107 , 3e+21 , 11.48 , -1.80934 , 7.16541 , 0.0258495 , 0.0259396 , 0.0259782
1.144e-06 , 116.732 , 0.0389107 , 3e+21 , 11.48 , -1.80934 , 7.16541 , 0.0258495 , 0.0259396 , 0.0259782
1.148e-06 , 116.732 , 0.0389107 , 3e+21 , 11.48 , -1.80934 , 7.16541 , 0.0258495 , 0.0259396 , 0.0259782
1.152e-06 , 116.732 , 0.0389107 , 3e+21 , 11.48 , -1.80934 , 7.16541 , 0.0258495 , 0.0259396 , 0.0259782
1.156e-06 , 116.732 , 0.0389107 , 3e+21 , 11.48 , -1.80934 , 7.16541 , 0.0258495 , 0.0259396 , 0.0259782
1.16e-06 , 116.732 , 0.0389107 , 3e+21 , 11.48 , -1.80934 , 7.16541 , 0.0258495 , 0.0259396 , 0.0259782
1.164e-06 , 116.732 , 0.0389107 , 3e+21 , 11.48 , -1.80934 , 7.16541 , 0.0258495 , 0.0259396 , 0.0259782
1.168e-06 , 116.732 , 0.0389107 , 3e+21 , 11.48 , -1.80934 , 7.16541 , 0.0258495 , 0.0259396 , 0.0259782
1.172e-06 , 116.732 , 0.0389107 , 3e+21 , 11.48 , -1.80934 , 7.16541 , 0.0258495 , 0.0259396 , 0.0259782
1.176e-06 , 116.732 , 0.0389107 , 3e+21 , 11.48 , -1.80934 , 7.16541 , 0.0258495 , 0.0259396 , 0.0259782
1.18e-06 , 116.732 , 0.0389107 , 3e+21 , 11.48 , -1.80934 , 7.16541 , 0.0258495 , 0.0259396 , 0.0259782
1.184e-06 , 116.732 , 0.0389107 , 3e+21 , 11.48 , -1.80934 , 7.16541 , 0.0258495 , 0.0259396 , 0.0259782
1.188e-06 , 116.732 , 0.0389107 , 3e+21 , 11.48 , -1.80934 , 7.16541 , 0.0258495 , 0.0259396 , 0.0259782
1.192e-06 , 116.732 , 0.0389107 , 3e+21 , 11.48 , -1.80934 , 7.16541 , 0.0258495 , 0.0259396 , 0.0259782
1.196e-06 , 116.732 , 0.0389107 , 3e+21 , 11.48 , -1.80934 , 7.16541 , 0.0258495 , 0.0259396 , 0.0259782
1.2e-06 , 116.732 , 0.0389107 , 3e+21 , 11.48 , -1.80934 , 7.16541 , 0.0258495 , 0.0259396 , 0.0259782
1.204e-06 , 116.732 , 0.0389107 , 3e+21 , 11.48 , -1.80934 , 7.16541 , 0.0258495 , 0.0259396 , 0.0259782
1.208e-06 , 116.732 , 0.0389107 , 3e+21 , 11.48 , -1.80934 , 7.16541 , 0.0258495 , 0.0259396 , 0.0259782
1.212e-06 , 116.732 , 0.0389107 , 3e+21 , 11.48 , -1.80934 , 7.16541 , 0.0258495 , 0.0259396 , 0.0259782
1.216e-06 , 116.732 , 0.0389107 , 3e+21 , 11.48 , -1.80934 , 7.16541 , 0.0258495 , 0.0259396 , 0.0259782
1.22e-06 , 116.732 , 0.0389107 , 3e+21 , 11.48 , -1.80934 , 7.16541 , 0.0258495 , 0.0259396 , 0.0259782
1.224e-06 , 116.732 , 0.0389107 , 3e+21 , 11.48 , -1.80934 , 7.16541 , 0.0258495 , 0.0259396 , 0.0259782
1.228e-06 , 116.732 , 0.0389107 , 3e+21 , 11.48 , -1.80934 , 7.16541 , 0.0258495 , 0.0259396 , 0.0259782
1.232e-06 , 116.732 , 0.0389107 , 3e+21 , 11.48 , -1.80934 , 7.16541 , 0.0258495 , 0.0259396 , 0.0259782
1.236e-06 , 116.732 , 0.0389107 , 3e+21 , 11.48 , -1.80934 , 7.16541 , 0.0258495 , 0.0259396 , 0.0259782
1.24e-06 , 116.732 , 0.0389107 , 3e+21 , 11.48 , -1.80934 , 7.16541 , 0.0258495 , 0.0259396 , 0.0259782
1.244e-06 , 116.732 , 0.0389107 , 3e+21 , 11.48 , -1.80934 , 7.16541 , 0.0258495 , 0.0259396 , 0.0259782
1.248e-06 , 116.732 , 0.0389107 , 3e+21 , 11.48 , -1.80934 , 7.16541 , 0.0258495 , 0.0259396 , 0.0259782
1.252e-06 , 116.732 , 0.0389107 , 3e+21 , 11.48 , -1.80934 , 7.16541 , 0.0258495 , 0.0259396 , 0.0259782
1.256e-06 , 116.732 , 0.0389107 , 3e+21 , 11.48 , -1.80934 , 7.16541 , 0.0258495 , 0.0259396 , 0.0259782
1.26e-06 , 116.732 , 0.0389107 , 3e+21 , 11.48 , -1.80934 , 7.16541 , 0.0258495 , 0.0259396 , 0.0259782
1.264e-06 , 116.732 , 0.0389107 , 3e+21 , 11.48 , -1.80934 , 7.16541 , 0.0258495 , 0.0259396 , 0.0259782
1.268e-06 , 116.732 , 0.0389107 , 3e+21 , 11.48 , -1.80934 , 7.16541 , 0.0258495 , 0.0259396 , 0.0259782
1.272e-06 , 116.732 , 0.0389107 , 3e+21 , 11.48 , -1.80934 , 7.16541 , 0.0258495 , 0.0259396 , 0.0259782
1.276e-06 , 116.732 , 0.0389107 , 3e+21 , 11.48 , -1.80934 , 7.16541 , 0.0258495 , 0.0259396 , 0.0259782
1.28e-06 , 116.732 , 0.0389107 , 3e+21 , 11.48 , -1.80934 , 7.16541 , 0.0258495 , 0.0259396 , 0.0259782
1.284e-06 , 116.732 , 0.0389107 , 3e+21 , 11.48 , -1.80934 , 7.16541 , 0.0258495 , 0.0259396 , 0.0259782
1.288e-06 , 116.732 , 0.0389107 , 3e+21 , 11.48 , -1.80934 , 7.16541 , 0.0258495 , 0.0259396 , 0.0259782
1.292e-06 , 116.732 , 0.0389107 , 3e+21 , 11.48 , -1.80934 , 7.16541 , 0.0258495 , 0.0259396 , 0.0259782
1.296e-06 , 116.732 , 0.0389107 , 3e+21 , 11.48 , -1.80934 , 7.16541 , 0.0258495 , 0.0259396 , 0.0259782
1.3e-06 , 116.732 , 0.0389107 , 3e+21 , 11.48 , -1.80934 , 7.16541 , 0.0258495 , 0.0259396 , 0.0259782
1.304e-06 , 116.732 , 0.0389107 , 3e+21 , 11.48 , -1.80934 , 7.16541 , 0.0258495 , 0.0259396 , 0.0259782
1.308e-06 , 116.732 , 0.0389107 , 3e+21 , 11.48 , -1.80934 , 7.16541 , 0.0258495 , 0.0259396 , 0.0259782
1.312e-06 , 116.732 , 0.0389107 , 3e+21 , 11.48 , -1.80934 , 7.16541 , 0.0258495 , 0.0259396 , 0.0259782
1.316e-06 , 116.732 , 0.0389107 , 3e+21 , 11.48 , -1.80934 , 7.16541 , 0.0258495 , 0.0259396 , 0.0259782
1.32e-06 , 116.732 , 0.0389107 , 3e+21 , 11.48 , -1.80934 , 7.16541 , 0.0258495 , 0.0259396 , 0.0259782
1.324e-06 , 116.732 , 0.0389107 , 3e+21 , 11.48 , -1.80934 , 7.16541 , 0.0258495 , 0.0259396 , 0.0259782
1.328e-06 , 116.732 , 0.0389107 , 3e+21 , 11.48 , -1.80934 , 7.16541 , 0.0258495 , 0.0259396 , 0.0259782
1.332e-06 , 116.732 , 0.0389107 , 3e+21 , 11.48 , -1.80934 , 7.16541 , 0.0258495 , 0.0259396 , 0.0259782
1.336e-06 , 116.732 , 0.0389107 , 3e+21 , 11.48 , -1.80934 , 7.16541 , 0.0258495 , 0.0259396 , 0.0259782
1.34e-06 , 116.732 , 0.0389107 , 3e+21 , 11.48 , -1.80934 , 7.16541 , 0.0258495 , 0.0259396 , 0.0259782
1.344e-06 , 116.732 , 0.0389107 , 3e+21 , 11.48 , -1.80934 , 7.16541 , 0.0258495 , 0.0259396 , 0.0259782
1.348e-06 , 116.732 , 0.0389107 , 3e+21 , 11.48 , -1.80934 , 7.16541 , 0.0258495 , 0.0259396 , 0.0259782
1.352e-06 , 116.732 , 0.0389107 , 3e+21 , 11.48 , -1.80934 , 7.16541 , 0.0258495 , 0.0259396 , 0.0259782
1.356e-06 , 116.732 , 0.0389107 , 3e+21 , 11.48 , -1.80934 , 7.16541 , 0.0258495 , 0.0259396 , 0.0259782
1.36e-06 , 116.732 , 0.0389107 , 3e+21 , 11.48 , -1.80934 , 7.16541 , 0.0258495 , 0.0259396 , 0.0259782
1.364e-06 , 116.732 , 0.0389107 , 3e+21 , 11.48 , -1.80934 , 7.16541 , 0.0258495 , 0.0259396 , 0.0259782
1.368e-06 , 116.732 , 0.0389107 , 3e+21 , 11.48 , -1.80934 , 7.16541 , 0.0258495 , 0.0259396 , 0.0259782
1.372e-06 , 116.732 , 0.0389107 , 3e+21 , 11.48 , -1.80934 , 7.16541 , 0.0258495 , 0.0259396 , 0.0259782
1.376e-06 , 116.732 , 0.0389107 , 3e+21 , 11.48 , -1.80934 , 7.16541 , 0.0258495 , 0.0259396 , 0.0259782
1.38e-06 , 116.732 , 0.0389107 , 3e+21 , 11.48 , -1.80934 , 7.16541 , 0.0258495 , 0.0259396 , 0.0259782
1.384e-06 , 116.732 , 0.0389107 , 3e+21 , 11.48 , -1.80934 , 7.16541 , 0.0258495 , 0.0259396 , 0.0259782
1.388e-06 , 116.732 , 0.0389107 , 3e+21 , 11.48 , -1.80934 , 7.16541 , 0.0258495 , 0.0259396 , 0.0259782
1.392e-06 , 116.732 , 0.0389107 , 3e+21 , 11.48 , -1.80934 , 7.16541 , 0.0258495 , 0.0259396 , 0.0259782
1.396e-06 , 116.732 , 0.0389107 , 3e+21 , 11.48 , -1.80934 , 7.16541 , 0.0258495 , 0.0259396 , 0.0259782
1.4e-06 , 116.732 , 0.0389107 , 3e+21 , 11.48 , -1.80934 , 7.16541 , 0.0258495 , 0.0259396 , 0.0259782
1.404e-06 , 116.732 , 0.0389107 , 3e+21 , 11.48 , -1.80934 , 7.16541 , 0.0258495 , 0.0259396 , 0.0259782
1.408e-06 , 116.732 , 0.0389107 , 3e+21 , 11.48 , -1.80934 , 7.16541 , 0.0258495 , 0.0259396 , 0.0259782
1.412e-06 , 116.732 , 0.0389107 , 3e+21 , 11.48 , -1.80934 , 7.16541 , 0.0258495 , 0.0259396 , 0.0259782
1.416e-06 , 116.732 , 0.0389107 , 3e+21 , 11.48 , -1.80934 , 7.16541 , 0.0258495 , 0.0259396 , 0.0259782
1.42e-06 , 116.732 , 0.0389107 , 3e+21 , 11.48 , -1.80934 , 7.16541 , 0.0258495 , 0.0259396 , 0.0259782
1.424e-06 , 116.732 , 0.0389107 , 3e+21 , 11.48 , -1.80934 , 7.16541 , 0.0258495 , 0.0259396 , 0.0259782
1.428e-06 , 116.732 , 0.0389107 , 3e+21 , 11.48 , -1.80934 , 7.16541 , 0.0258495 , 0.0259396 , 0.0259782
1.432e-06 , 116.732 , 0.0389107 , 3e+21 , 11.48 , -1.80934 , 7.16541 , 0.0258495 , 0.0259396 , 0.0259782
1.436e-06 , 116.732 , 0.0389107 , 3e+21 , 11.48 , -1.80934 , 7.16541 , 0.0258495 , 0.0259396 , 0.0259782
1.44e-06 , 116.732 , 0.0389107 , 3e+21 , 11.48 , -1.80934 , 7.16541 , 0.0258495 , 0.0259396 , 0.0259782
1.444e-06 , 116.732 , 0.0389107 , 3e+21 , 11.48 , -1.80934 , 7.16541 , 0.0258495 , 0.0259396 , 0.0259782
1.448e-06 , 116.732 , 0.0389107 , 3e+21 , 11.48 , -1.80934 , 7.16541 , 0.0258495 , 0.0259396 , 0.0259782
1.452e-06 , 116.732 , 0.0389107 , 3e+21 , 11.48 , -1.80934 , 7.16541 , 0.0258495 , 0.0259396 , 0.0259782
1.456e-06 , 116.732 , 0.0389107 , 3e+21 , 11.48 , -1.80934 , 7.16541 , 0.0258495 , 0.0259396 , 0.0259782
1.46e-06 , 116.732 , 0.0389107 , 3e+21 , 11.48 , -1.80934 , 7.16541 , 0.0258495 , 0.0259396 , 0.0259782
1.464e-06 , 116.732 , 0.0389107 , 3e+21 , 11.48 , -1.80934 , 7.16541 , 0.0258495 , 0.0259396 , 0.0259782
1.468e-06 , 116.732 , 0.0389107 , 3e+21 , 11.48 , -1.80934 , 7.16541 , 0.0258495 , 0.0259396 , 0.0259782
1.472e-06 , 116.732 , 0.0389107 , 3e+21 , 11.48 , -1.80934 , 7.16541 , 0.0258495 , 0.0259396 , 0.0259782
1.476e-06 , 116.732 , 0.0389107 , 3e+21 , 11.48 , -1.80934 , 7.16541 , 0.0258495 , 0.0259396 , 0.0259782
1.48e-06 , 116.732 , 0.0389107 , 3e+21 , 11.48 , -1.80934 , 7.16541 , 0.0258495 , 0.0259396 , 0.0259782
1.484e-06 , 116.732 , 0.0389107 , 3e+21 , 11.48 , -1.80934 , 7.16541 , 0.0258495 , 0.0259396 , 0.0259782
1.488e-06 , 116.732 , 0.0389107 , 3e+21 , 11.48 , -1.80934 , 7.16541 , 0.0258495 , 0.0259396 , 0.0259782
1.492e-06 , 116.732 , 0.0389107 , 3e+21 , 11.48 , -1.80934 , 7.16541 , 0.0258495 , 0.0259396 , 0.0259782
1.496e-06 , 116.732 , 0.0389107 , 3e+21 , 11.48 , -1.80934 , 7.16541 , 0.0258495 , 0.0259396 , 0.0259782
1.5e-06 , 116.732 , 0.0389107 , 3e+21 , 11.48 , -1.80934 , 7.16541 , 0.0258495 , 0.0259396 , 0.0259782
1.504e-06 , 116.732 , 0.0389107 , 3e+21 , 11.48 , -1.80934 , 7.16541 , 0.0258495 , 0.0259396 , 0.0259782
1.508e-06 , 116.732 , 0.0389107 , 3e+21 , 11.48 , -1.80934 , 7.16541 , 0.0258495 , 0.0259396 , 0.0259782
1.512e-06 , 116.732 , 0.0389107 , 3e+21 , 11.48 , -1.80934 , 7.16541 , 0.0258495 , 0.0259396 , 0.0259782
1.516e-06 , 116.732 , 0.0389107 , 3e+21 , 11.48 , -1.80934 , 7.16541 , 0.0258495 , 0.0259396 , 0.0259782
1.52e-06 , 116.732 , 0.0389107 , 3e+21 , 11.48 , -1.80934 , 7.16541 , 0.0258495 , 0.0259396 , 0.0259782
1.524e-06 , 116.732 , 0.0389107 , 3e+21 , 11.48 , -1.80934 , 7.16541 , 0.0258495 , 0.0259396 , 0.0259782
1.528e-06 , 116.732 , 0.0389107 , 3e+21 , 11.48 , -1.80934 , 7.16541 , 0.0258495 , 0.0259396 , 0.0259782
1.532e-06 , 116.732 , 0.0389107 , 3e+21 , 11.48 , -1.80934 , 7.16541 , 0.0258495 , 0.0259396 , 0.0259782
1.536e-06 , 116.732 , 0.0389107 , 3e+21 , 11.48 , -1.80934 , 7.16541 , 0.0258495 , 0.0259396 , 0.0259782
1.54e-06 , 116.732 , 0.0389107 , 3e+21 , 11.48 , -1.80934 , 7.16541 , 0.0258495 , 0.0259396 , 0.0259782
1.544e-06 , 116.732 , 0.0389107 , 3e+21 , 11.48 , -1.80934 , 7.16541 , 0.0258495 , 0.0259396 , 0.0259782
1.548e-06 , 116.732 , 0.0389107 , 3e+21 , 11.48 , -1.80934 , 7.16541 , 0.0258495 , 0.0259396 , 0.0259782
1.552e-06 , 116.732 , 0.0389107 , 3e+21 , 11.48 , -1.80934 , 7.16541 , 0.0258495 , 0.0259396 , 0.0259782
1.556e-06 , 116.732 , 0.0389107 , 3e+21 , 11.48 , -1.80934 , 7.16541 , 0.0258495 , 0.0259396 , 0.0259782
1.56e-06 , 116.732 , 0.0389107 , 3e+21 , 11.48 , -1.80934 , 7.16541 , 0.0258495 , 0.0259396 , 0.0259782
1.564e-06 , 116.732 , 0.0389107 , 3e+21 , 11.48 , -1.80934 , 7.16541 , 0.0258495 , 0.0259396 , 0.0259782
1.568e-06 , 116.732 , 0.0389107 , 3e+21 , 11.48 , -1.80934 , 7.16541 , 0.0258495 , 0.0259396 , 0.0259782
1.572e-06 , 116.732 , 0.0389107 , 3e+21 , 11.48 , -1.80934 , 7.16541 , 0.0258495 , 0.0259396 , 0.0259782
1.576e-06 , 116.732 , 0.0389107 , 3e+21 , 11.48 , -1.80934 , 7.16541 , 0.0258495 , 0.0259396 , 0.0259782
1.58e-06 , 116.732 , 0.0389107 , 3e+21 , 11.48 , -1.80934 , 7.16541 , 0.0258495 , 0.0259396 , 0.0259782
1.584e-06 , 116.732 , 0.0389107 , 3e+21 , 11.48 , -1.80934 , 7.16541 , 0.0258495 , 0.0259396 , 0.0259782
1.588e-06 , 116.732 , 0.0389107 , 3e+21 , 11.48 , -1.80934 , 7.16541 , 0.0258495 , 0.0259396 , 0.0259782
1.592e-06 , 116.732 , 0.0389107 , 3e+21 , 11.48 , -1.80934 , 7.16541 , 0.0258495 , 0.0259396 , 0.0259782
1.596e-06 , 116.732 , 0.0389107 , 3e+21 , 11.48 , -1.80934 , 7.16541 , 0.0258495 , 0.0259396 , 0.0259782
1.6e-06 , 116.732 , 0.0389107 , 3e+21 , 11.48 , -1.80934 , 7.16541 , 0.0258495 , 0.0259396 , 0.0259782
1.604e-06 , 116.732 , 0.0389107 , 3e+21 , 11.48 , -1.80934 , 7.16541 , 0.0258495 , 0.0259396 , 0.0259782
1.608e-06 , 116.732 , 0.0389107 , 3e+21 , 11.48 , -1.80934 , 7.16541 , 0.0258495 , 0.0259396 , 0.0259782
1.612e-06 , 116.732 , 0.0389107 , 3e+21 , 11.48 , -1.80934 , 7.16541 , 0.0258495 , 0.0259396 , 0.0259782
1.616e-06 , 116.732 , 0.0389107 , 3e+21 , 11.48 , -1.80934 , 7.16541 , 0.0258495 , 0.0259396 , 0.0259782
1.62e-06 , 116.732 , 0.0389107 , 3e+21 , 11.48 , -1.80934 , 7.16541 , 0.0258495 , 0.0259396 , 0.0259782
1.624e-06 , 116.732 , 0.0389107 , 3e+21 , 11.48 , -1.80934 , 7.16541 , 0.0258495 , 0.0259396 , 0.0259782
1.628e-06 , 116.732 , 0.0389107 , 3e+21 , 11.48 , -1.80934 , 7.16541 , 0.0258495 , 0.0259396 , 0.0259782
1.632e-06 , 116.732 , 0.0389107 , 3e+21 , 11.48 , -1.80934 , 7.16541 , 0.0258495 , 0.0259396 , 0.0259782
1.636e-06 , 116.732 , 0.0389107 , 3e+21 , 11.48 , -1.80934 , 7.16541 , 0.0258495 , 0.0259396 , 0.0259782
1.64e-06 , 116.732 , 0.0389107 , 3e+21 , 11.48 , -1.80934 , 7.16541 , 0.0258495 , 0.0259396 , 0.0259782
1.644e-06 , 116.732 , 0.0389107 , 3e+21 , 11.48 , -1.80934 , 7.16541 , 0.0258495 , 0.0259396 , 0.0259782
1.648e-06 , 116.732 , 0.0389107 , 3e+21 , 11.48 , -1.80934 , 7.16541 , 0.0258495 , 0.0259396 , 0.0259782
1.652e-06 , 116.732 , 0.0389107 , 3e+21 , 11.48 , -1.80934 , 7.16541 , 0.0258495 , 0.0259396 , 0.0259782
1.656e-06 , 116.732 , 0.0389107 , 3e+21 , 11.48 , -1.80934 , 7.16541 , 0.0258495 , 0.0259396 , 0.0259782
1.66e-06 , 116.732 , 0.0389107 , 3e+21 , 11.48 , -1.80934 , 7.16541 , 0.0258495 , 0.0259396 , 0.0259782
1.664e-06 , 116.732 , 0.0389107 , 3e+21 , 11.48 , -1.80934 , 7.16541 , 0.0258495 , 0.0259396 , 0.0259782
1.668e-06 , 116.732 , 0.0389107 , 3e+21 , 11.48 , -1.80934 , 7.16541 , 0.0258495 , 0.0259396 , 0.0259782
1.672e-06 , 116.732 , 0.0389107 , 3e+21 , 11.48 , -1.80934 , 7.16541 , 0.0258495 , 0.0259396 , 0.0259782
1.676e-06 , 116.732 , 0.0389107 , 3e+21 , 11.48 , -1.80934 , 7.16541 , 0.0258495 , 0.0259396 , 0.0259782
1.68e-06 , 116.732 , 0.0389107 , 3e+21 , 11.48 , -1.80934 , 7.16541 , 0.0258495 , 0.0259396 , 0.0259782
1.684e-06 , 116.732 , 0.0389107 , 3e+21 , 11.48 , -1.80934 , 7.16541 , 0.0258495 , 0.0259396 , 0.0259782
1.688e-06 , 116.732 , 0.0389107 , 3e+21 , 11.48 , -1.80934 , 7.16541 , 0.0258495 , 0.0259396 , 0.0259782
1.692e-06 , 116.732 , 0.0389107 , 3e+21 , 11.48 , -1.80934 , 7.16541 , 0.0258495 , 0.0259396 , 0.0259782
1.696e-06 , 116.732 , 0.0389107 , 3e+21 , 11.48 , -1.80934 , 7.16541 , 0.0258495 , 0.0259396 , 0.0259782
1.7e-06 , 116.732 , 0.0389107 , 3e+21 , 11.48 , -1.80934 , 7.16541 , 0.0258495 , 0.0259396 , 0.0259782
1.704e-06 , 116.732 , 0.0389107 , 3e+21 , 11.48 , -1.80934 , 7.16541 , 0.0258495 , 0.0259396 , 0.0259782
1.708e-06 , 116.732 , 0.0389107 , 3e+21 , 11.48 , -1.80934 , 7.16541 , 0.0258495 , 0.0259396 , 0.0259782
1.712e-06 , 116.732 , 0.0389107 , 3e+21 , 11.48 , -1.80934 , 7.16541 , 0.0258495 , 0.0259396 , 0.0259782
1.716e-06 , 116.732 , 0.0389107 , 3e+21 , 11.48 , -1.80934 , 7.16541 , 0.0258495 , 0.0259396 , 0.0259782
1.72e-06 , 116.732 , 0.0389107 , 3e+21 , 11.48 , -1.80934 , 7.16541 , 0.0258495 , 0.0259396 , 0.0259782
1.724e-06 , 116.732 , 0.0389107 , 3e+21 , 11.48 , -1.80934 , 7.16541 , 0.0258495 , 0.0259396 , 0.0259782
1.728e-06 , 116.732 , 0.0389107 , 3e+21 , 11.48 , -1.80934 , 7.16541 , 0.0258495 , 0.0259396 , 0.0259782
1.732e-06 , 116.732 , 0.0389107 , 3e+21 , 11.48 , -1.80934 , 7.16541 , 0.0258495 , 0.0259396 , 0.0259782
1.736e-06 , 116.732 , 0.0389107 , 3e+21 , 11.48 , -1.80934 , 7.16541 , 0.0258495 , 0.0259396 , 0.0259782
1.74e-06 , 116.732 , 0.0389107 , 3e+21 , 11.48 , -1.80934 , 7.16541 , 0.0258495 , 0.0259396 , 0.0259782
1.744e-06 , 116.732 , 0.0389107 , 3e+21 , 11.48 , -1.80934 , 7.16541 , 0.0258495 , 0.0259396 , 0.0259782
1.748e-06 , 116.732 , 0.0389107 , 3e+21 , 11.48 , -1.80934 , 7.16541 , 0.0258495 , 0.0259396 , 0.0259782
1.752e-06 , 116.732 , 0.0389107 , 3e+21 , 11.48 , -1.80934 , 7.16541 , 0.0258495 , 0.0259396 , 0.0259782
1.756e-06 , 116.732 , 0.0389107 , 3e+21 , 11.48 , -1.80934 , 7.16541 , 0.0258495 , 0.0259396 , 0.0259782
1.76e-06 , 116.732 , 0.0389107 , 3e+21 , 11.48 , -1.80934 , 7.16541 , 0.0258495 , 0.0259396 , 0.0259782
1.764e-06 , 116.732 , 0.0389107 , 3e+21 , 11.48 , -1.80934 , 7.16541 , 0.0258495 , 0.0259396 , 0.0259782
1.768e-06 , 116.732 , 0.0389107 , 3e+21 , 11.48 , -1.80934 , 7.16541 , 0.0258495 , 0.0259396 , 0.0259782
1.772e-06 , 116.732 , 0.0389107 , 3e+21 , 11.48 , -1.80934 , 7.16541 , 0.0258495 , 0.0259396 , 0.0259782
1.776e-06 , 116.732 , 0.0389107 , 3e+21 , 11.48 , -1.80934 , 7.16541 , 0.0258495 , 0.0259396 , 0.0259782
1.78e-06 , 116.732 , 0.0389107 , 3e+21 , 11.48 , -1.80934 , 7.16541 , 0.0258495 , 0.0259396 , 0.0259782
1.784e-06 , 116.732 , 0.0389107 , 3e+21 , 11.48 , -1.80934 , 7.16541 , 0.0258495 , 0.0259396 , 0.0259782
1.788e-06 , 116.732 , 0.0389107 , 3e+21 , 11.48 , -1.80934 , 7.16541 , 0.0258495 , 0.0259396 , 0.0259782
1.792e-06 , 116.732 , 0.0389107 , 3e+21 , 11.48 , -1.80934 , 7.16541 , 0.0258495 , 0.0259396 , 0.0259782
1.796e-06 , 116.732 , 0.0389107 , 3e+21 , 11.48 , -1.80934 , 7.16541 , 0.0258495 , 0.0259396 , 0.0259782
1.8e-06 , 116.732 , 0.0389107 , 3e+21 , 11.48 , -1.80934 , 7.16541 , 0.0258495 , 0.0259396 , 0.0259782
1.804e-06 , 116.732 , 0.0389107 , 3e+21 , 11.48 , -1.80934 , 7.16541 , 0.0258495 , 0.0259396 , 0.0259782
1.808e-06 , 116.732 , 0.0389107 , 3e+21 , 11.48 , -1.80934 , 7.16541 , 0.0258495 , 0.0259396 , 0.0259782
1.812e-06 , 116.732 , 0.0389107 , 3e+21 , 11.48 , -1.80934 , 7.16541 , 0.0258495 , 0.0259396 , 0.0259782
1.816e-06 , 116.732 , 0.0389107 , 3e+21 , 11.48 , -1.80934 , 7.16541 , 0.0258495 , 0.0259396 , 0.0259782
1.82e-06 , 116.732 , 0.0389107 , 3e+21 , 11.48 , -1.80934 , 7.16541 , 0.0258495 , 0.0259396 , 0.0259782
1.824e-06 , 116.732 , 0.0389107 , 3e+21 , 11.48 , -1.80934 , 7.16541 , 0.0258495 , 0.0259396 , 0.0259782
1.828e-06 , 116.732 , 0.0389107 , 3e+21 , 11.48 , -1.80934 , 7.16541 , 0.0258495 , 0.0259396 , 0.0259782
1.832e-06 , 116.732 , 0.0389107 , 3e+21 , 11.48 , -1.80934 , 7.16541 , 0.0258495 , 0.0259396 , 0.0259782
1.836e-06 , 116.732 , 0.0389107 , 3e+21 , 11.48 , -1.80934 , 7.16541 , 0.0258495 , 0.0259396 , 0.0259782
1.84e-06 , 116.732 , 0.0389107 , 3e+21 , 11.48 , -1.80934 , 7.16541 , 0.0258495 , 0.0259396 , 0.0259782
1.844e-06 , 116.732 , 0.0389107 , 3e+21 , 11.48 , -1.80934 , 7.16541 , 0.0258495 , 0.0259396 , 0.0259782
1.848e-06 , 116.732 , 0.0389107 , 3e+21 , 11.48 , -1.80934 , 7.16541 , 0.0258495 , 0.0259396 , 0.0259782
1.852e-06 , 116.732 , 0.0389107 , 3e+21 , 11.48 , -1.80934 , 7.16541 , 0.0258495 , 0.0259396 , 0.0259782
1.856e-06 , 116.732 , 0.0389107 , 3e+21 , 11.48 , -1.80934 , 7.16541 , 0.0258495 , 0.0259396 , 0.0259782
1.86e-06 , 116.732 , 0.0389107 , 3e+21 , 11.48 , -1.80934 , 7.16541 , 0.0258495 , 0.0259396 , 0.0259782
1.864e-06 , 116.732 , 0.0389107 , 3e+21 , 11.48 , -1.80934 , 7.16541 , 0.0258495 , 0.0259396 , 0.0259782
1.868e-06 , 116.732 , 0.0389107 , 3e+21 , 11.48 , -1.80934 , 7.16541 , 0.0258495 , 0.0259396 , 0.0259782
1.872e-06 , 116.732 , 0.0389107 , 3e+21 , 11.48 , -1.80934 , 7.16541 , 0.0258495 , 0.0259396 , 0.0259782
1.876e-06 , 116.732 , 0.0389107 , 3e+21 , 11.48 , -1.80934 , 7.16541 , 0.0258495 , 0.0259396 , 0.0259782
1.88e-06 , 116.732 , 0.0389107 , 3e+21 , 11.48 , -1.80934 , 7.16541 , 0.0258495 , 0.0259396 , 0.0259782
1.884e-06 , 116.732 , 0.0389107 , 3e+21 , 11.48 , -1.80934 , 7.16541 , 0.0258495 , 0.0259396 , 0.0259782
1.888e-06 , 116.732 , 0.0389107 , 3e+21 , 11.48 , -1.80934 , 7.16541 , 0.0258495 , 0.0259396 , 0.0259782
1.892e-06 , 116.732 , 0.0389107 , 3e+21 , 11.48 , -1.80934 , 7.16541 , 0.0258495 , 0.0259396 , 0.0259782
1.896e-06 , 116.732 , 0.0389107 , 3e+21 , 11.48 , -1.80934 , 7.16541 , 0.0258495 , 0.0259396 , 0.0259782
1.9e-06 , 116.732 , 0.0389107 , 3e+21 , 11.48 , -1.80934 , 7.16541 , 0.0258495 , 0.0259396 , 0.0259782
1.904e-06 , 116.732 , 0.0389107 , 3e+21 , 11.48 , -1.80934 , 7.16541 , 0.0258495 , 0.0259396 , 0.0259782
1.908e-06 , 116.732 , 0.0389107 , 3e+21 , 11.48 , -1.80934 , 7.16541 , 0.0258495 , 0.0259396 , 0.0259782
1.912e-06 , 116.732 , 0.0389107 , 3e+21 , 11.48 , -1.80934 , 7.16541 , 0.0258495 , 0.0259396 , 0.0259782
1.916e-06 , 116.732 , 0.0389107 , 3e+21 , 11.48 , -1.80934 , 7.16541 , 0.0258495 , 0.0259396 , 0.0259782
1.92e-06 , 116.732 , 0.0389107 , 3e+21 , 11.48 , -1.80934 , 7.16541 , 0.0258495 , 0.0259396 , 0.0259782
1.924e-06 , 116.732 , 0.0389107 , 3e+21 , 11.48 , -1.80934 , 7.16541 , 0.0258495 , 0.0259396 , 0.0259782
1.928e-06 , 116.732 , 0.0389107 , 3e+21 , 11.48 , -1.80934 , 7.16541 , 0.0258495 , 0.0259396 , 0.0259782
1.932e-06 , 116.732 , 0.0389107 , 3e+21 , 11.48 , -1.80934 , 7.16541 , 0.0258495 , 0.0259396 , 0.0259782
1.936e-06 , 116.732 , 0.0389107 , 3e+21 , 11.48 , -1.80934 , 7.16541 , 0.0258495 , 0.0259396 , 0.0259782
1.94e-06 , 116.732 , 0.0389107 , 3e+21 , 11.48 , -1.80934 , 7.16541 , 0.0258495 , 0.0259396 , 0.0259782
1.944e-06 , 116.732 , 0.0389107 , 3e+21 , 11.48 , -1.80934 , 7.16541 , 0.0258495 , 0.0259396 , 0.0259782
1.948e-06 , 116.732 , 0.0389107 , 3e+21 , 11.48 , -1.80934 , 7.16541 , 0.0258495 , 0.0259396 , 0.0259782
1.952e-06 , 116.732 , 0.0389107 , 3e+21 , 11.48 , -1.80934 , 7.16541 , 0.0258495 , 0.0259396 , 0.0259782
1.956e-06 , 116.732 , 0.0389107 , 3e+21 , 11.48 , -1.80934 , 7.16541 , 0.0258495 , 0.0259396 , 0.0259782
1.96e-06 , 116.732 , 0.0389107 , 3e+21 , 11.48 , -1.80934 , 7.16541 , 0.0258495 , 0.0259396 , 0.0259782
1.964e-06 , 116.732 , 0.0389107 , 3e+21 , 11.48 , -1.80934 , 7.16541 , 0.0258495 , 0.0259396 , 0.0259782
1.968e-06 , 116.732 , 0.0389107 , 3e+21 , 11.48 , -1.80934 , 7.16541 , 0.0258495 , 0.0259396 , 0.0259782
1.972e-06 , 116.732 , 0.0389107 , 3e+21 , 11.48 , -1.80934 , 7.16541 , 0.0258495 , 0.0259396 , 0.0259782
1.976e-06 , 116.732 , 0.0389107 , 3e+21 , 11.48 , -1.80934 , 7.16541 , 0.0258495 , 0.0259396 , 0.0259782
1.98e-06 , 116.732 , 0.0389107 , 3e+21 , 11.48 , -1.80934 , 7.16541 , 0.0258495 , 0.0259396 , 0.0259782
1.984e-06 , 116.732 , 0.0389107 , 3e+21 , 11.48 , -1.80934 , 7.16541 , 0.0258495 , 0.0259396 , 0.0259782
1.988e-06 , 116.732 , 0.0389107 , 3e+21 , 11.48 , -1.80934 , 7.16541 , 0.0258495 , 0.0259396 , 0.0259782
1.992e-06 , 116.732 , 0.0389107 , 3e+21 , 11.48 , -1.80934 , 7.16541 , 0.0258495 , 0.0259396 , 0.0259782
1.996e-06 , 116.732 , 0.0389107 , 3e+21 , 11.48 , -1.80934 , 7.16541 , 0.0258495 , 0.0259396 , 0.0259782
2e-06 , 116.732 , 0.0389107 , 3e+21 , 11.48 , -1.80934 , 7.16541 , 0.0258495 , 0.0259396 , 0.0259782
2.004e-06 , 116.732 , 0.0389107 , 3e+21 , 11.48 , -1.80934 , 7.16541 , 0.0258495 , 0.0259396 , 0.0259782
2.008e-06 , 116.732 , 0.0389107 , 3e+21 , 11.48 , -1.80934 , 7.16541 , 0.0258495 , 0.0259396 , 0.0259782
2.012e-06 , 116.732 , 0.0389107 , 3e+21 , 11.48 , -1.80934 , 7.16541 , 0.0258495 , 0.0259396 , 0.0259782
2.016e-06 , 116.732 , 0.0389107 , 3e+21 , 11.48 , -1.80934 , 7.16541 , 0.0258495 , 0.0259396 , 0.0259782
2.02e-06 , 116.732 , 0.0389107 , 3e+21 , 11.48 , -1.80934 , 7.16541 , 0.0258495 , 0.0259396 , 0.0259782
2.024e-06 , 116.732 , 0.0389107 , 3e+21 , 11.48 , -1.80934 , 7.16541 , 0.0258495 , 0.0259396 , 0.0259782
2.028e-06 , 116.732 , 0.0389107 , 3e+21 , 11.48 , -1.80934 , 7.16541 , 0.0258495 , 0.0259396 , 0.0259782
2.032e-06 , 116.732 , 0.0389107 , 3e+21 , 11.48 , -1.80934 , 7.16541 , 0.0258495 , 0.0259396 , 0.0259782
2.036e-06 , 116.732 , 0.0389107 , 3e+21 , 11.48 , -1.80934 , 7.16541 , 0.0258495 , 0.0259396 , 0.0259782
2.04e-06 , 116.732 , 0.0389107 , 3e+21 , 11.48 , -1.80934 , 7.16541 , 0.0258495 , 0.0259396 , 0.0259782
2.044e-06 , 116.732 , 0.0389107 , 3e+21 , 11.48 , -1.80934 , 7.16541 , 0.0258495 , 0.0259396 , 0.0259782
2.048e-06 , 116.732 , 0.0389107 , 3e+21 , 11.48 , -1.80934 , 7.16541 , 0.0258495 , 0.0259396 , 0.0259782
2.052e-06 , 116.732 , 0.0389107 , 3e+21 , 11.48 , -1.80934 , 7.16541 , 0.0258495 , 0.0259396 , 0.0259782
2.056e-06 , 116.732 , 0.0389107 , 3e+21 , 11.48 , -1.80934 , 7.16541 , 0.0258495 , 0.0259396 , 0.0259782
2.06e-06 , 116.732 , 0.0389107 , 3e+21 , 11.48 , -1.80934 , 7.16541 , 0.0258495 , 0.0259396 , 0.0259782
2.064e-06 , 116.732 , 0.0389107 , 3e+21 , 11.48 , -1.80934 , 7.16541 , 0.0258495 , 0.0259396 , 0.0259782
2.068e-06 , 116.732 , 0.0389107 , 3e+21 , 11.48 , -1.80934 , 7.16541 , 0.0258495 , 0.0259396 , 0.0259782
2.072e-06 , 116.732 , 0.0389107 , 3e+21 , 11.48 , -1.80934 , 7.16541 , 0.0258495 , 0.0259396 , 0.0259782
2.076e-06 , 116.732 , 0.0389107 , 3e+21 , 11.48 , -1.80934 , 7.16541 , 0.0258495 , 0.0259396 , 0.0259782
2.08e-06 , 116.732 , 0.0389107 , 3e+21 , 11.48 , -1.80934 , 7.16541 , 0.0258495 , 0.0259396 , 0.0259782
2.084e-06 , 116.732 , 0.0389107 , 3e+21 , 11.48 , -1.80934 , 7.16541 , 0.0258495 , 0.0259396 , 0.0259782
2.088e-06 , 116.732 , 0.0389107 , 3e+21 , 11.48 , -1.80934 , 7.16541 , 0.0258495 , 0.0259396 , 0.0259782
2.092e-06 , 116.732 , 0.0389107 , 3e+21 , 11.48 , -1.80934 , 7.16541 , 0.0258495 , 0.0259396 , 0.0259782
2.096e-06 , 116.732 , 0.0389107 , 3e+21 , 11.48 , -1.80934 , 7.16541 , 0.0258495 , 0.0259396 , 0.0259782
2.1e-06 , 116.732 , 0.0389107 , 3e+21 , 11.48 , -1.80934 , 7.16541 , 0.0258495 , 0.0259396 , 0.0259782
2.104e-06 , 116.732 , 0.0389107 , 3e+21 , 11.48 , -1.80934 , 7.16541 , 0.0258495 , 0.0259396 , 0.0259782
2.108e-06 , 116.732 , 0.0389107 , 3e+21 , 11.48 , -1.80934 , 7.16541 , 0.0258495 , 0.0259396 , 0.0259782
2.112e-06 , 116.732 , 0.0389107 , 3e+21 , 11.48 , -1.80934 , 7.16541 , 0.0258495 , 0.0259396 , 0.0259782
2.116e-06 , 116.732 , 0.0389107 , 3e+21 , 11.48 , -1.80934 , 7.16541 , 0.0258495 , 0.0259396 , 0.0259782
2.12e-06 , 116.732 , 0.0389107 , 3e+21 , 11.48 , -1.80934 , 7.16541 , 0.0258495 , 0.0259396 , 0.0259782
2.124e-06 , 116.732 , 0.0389107 , 3e+21 , 11.48 , -1.80934 , 7.16541 , 0.0258495 , 0.0259396 , 0.0259782
2.128e-06 , 116.732 , 0.0389107 , 3e+21 , 11.48 , -1.80934 , 7.16541 , 0.0258495 , 0.0259396 , 0.0259782
2.132e-06 , 116.732 , 0.0389107 , 3e+21 , 11.48 , -1.80934 , 7.16541 , 0.0258495 , 0.0259396 , 0.0259782
2.136e-06 , 116.732 , 0.0389107 , 3e+21 , 11.48 , -1.80934 , 7.16541 , 0.0258495 , 0.0259396 , 0.0259782
2.14e-06 , 116.732 , 0.0389107 , 3e+21 , 11.48 , -1.80934 , 7.16541 , 0.0258495 , 0.0259396 , 0.0259782
2.144e-06 , 116.732 , 0.0389107 , 3e+21 , 11.48 , -1.80934 , 7.16541 , 0.0258495 , 0.0259396 , 0.0259782
2.148e-06 , 116.732 , 0.0389107 , 3e+21 , 11.48 , -1.80934 , 7.16541 , 0.0258495 , 0.0259396 , 0.0259782
2.152e-06 , 116.732 , 0.0389107 , 3e+21 , 11.48 , -1.80934 , 7.16541 , 0.0258495 , 0.0259396 , 0.0259782
2.156e-06 , 116.732 , 0.0389107 , 3e+21 , 11.48 , -1.80934 , 7.16541 , 0.0258495 , 0.0259396 , 0.0259782
2.16e-06 , 116.732 , 0.0389107 , 3e+21 , 11.48 , -1.80934 , 7.16541 , 0.0258495 , 0.0259396 , 0.0259782
2.164e-06 , 116.732 , 0.0389107 , 3e+21 , 11.48 , -1.80934 , 7.16541 , 0.0258495 , 0.0259396 , 0.0259782
2.168e-06 , 116.732 , 0.0389107 , 3e+21 , 11.48 , -1.80934 , 7.16541 , 0.0258495 , 0.0259396 , 0.0259782
2.172e-06 , 116.732 , 0.0389107 , 3e+21 , 11.48 , -1.80934 , 7.16541 , 0.0258495 , 0.0259396 , 0.0259782
2.176e-06 , 116.732 , 0.0389107 , 3e+21 , 11.48 , -1.80934 , 7.16541 , 0.0258495 , 0.0259396 , 0.0259782
2.18e-06 , 116.732 , 0.0389107 , 3e+21 , 11.48 , -1.80934 , 7.16541 , 0.0258495 , 0.0259396 , 0.0259782
2.184e-06 , 116.732 , 0.0389107 , 3e+21 , 11.48 , -1.80934 , 7.16541 , 0.0258495 , 0.0259396 , 0.0259782
2.188e-06 , 116.732 , 0.0389107 , 3e+21 , 11.48 , -1.80934 , 7.16541 , 0.0258495 , 0.0259396 , 0.0259782
2.192e-06 , 116.732 , 0.0389107 , 3e+21 , 11.48 , -1.80934 , 7.16541 , 0.0258495 , 0.0259396 , 0.0259782
2.196e-06 , 116.732 , 0.0389107 , 3e+21 , 11.48 , -1.80934 , 7.16541 , 0.0258495 , 0.0259396 , 0.0259782
2.2e-06 , 116.732 , 0.0389107 , 3e+21 , 11.48 , -1.80934 , 7.16541 , 0.0258495 , 0.0259396 , 0.0259782
2.204e-06 , 116.732 , 0.0389107 , 3e+21 , 11.48 , -1.80934 , 7.16541 , 0.0258495 , 0.0259396 , 0.0259782
2.208e-06 , 116.732 , 0.0389107 , 3e+21 , 11.48 , -1.80934 , 7.16541 , 0.0258495 , 0.0259396 , 0.0259782
2.212e-06 , 116.732 , 0.0389107 , 3e+21 , 11.48 , -1.80934 , 7.16541 , 0.0258495 , 0.0259396 , 0.0259782
2.216e-06 , 116.732 , 0.0389107 , 3e+21 , 11.48 , -1.80934 , 7.16541 , 0.0258495 , 0.0259396 , 0.0259782
2.22e-06 , 116.732 , 0.0389107 , 3e+21 , 11.48 , -1.80934 , 7.16541 , 0.0258495 , 0.0259396 , 0.0259782
2.224e-06 , 116.732 , 0.0389107 , 3e+21 , 11.48 , -1.80934 , 7.16541 , 0.0258495 , 0.0259396 , 0.0259782
2.228e-06 , 116.732 , 0.0389107 , 3e+21 , 11.48 , -1.80934 , 7.16541 , 0.0258495 , 0.0259396 , 0.0259782
2.232e-06 , 116.732 , 0.0389107 , 3e+21 , 11.48 , -1.80934 , 7.16541 , 0.0258495 , 0.0259396 , 0.0259782
2.236e-06 , 116.732 , 0.0389107 , 3e+21 , 11.48 , -1.80934 , 7.16541 , 0.0258495 , 0.0259396 , 0.0259782
2.24e-06 , 116.732 , 0.0389107 , 3e+21 , 11.48 , -1.80934 , 7.16541 , 0.0258495 , 0.0259396 , 0.0259782
2.244e-06 , 116.732 , 0.0389107 , 3e+21 , 11.48 , -1.80934 , 7.16541 , 0.0258495 , 0.0259396 , 0.0259782
2.248e-06 , 116.732 , 0.0389107 , 3e+21 , 11.48 , -1.80934 , 7.16541 , 0.0258495 , 0.0259396 , 0.0259782
2.252e-06 , 116.732 , 0.0389107 , 3e+21 , 11.48 , -1.80934 , 7.16541 , 0.0258495 , 0.0259396 , 0.0259782
2.256e-06 , 116.732 , 0.0389107 , 3e+21 , 11.48 , -1.80934 , 7.16541 , 0.0258495 , 0.0259396 , 0.0259782
2.26e-06 , 116.732 , 0.0389107 , 3e+21 , 11.48 , -1.80934 , 7.16541 , 0.0258495 , 0.0259396 , 0.0259782
2.264e-06 , 116.732 , 0.0389107 , 3e+21 , 11.48 , -1.80934 , 7.16541 , 0.0258495 , 0.0259396 , 0.0259782
2.268e-06 , 116.732 , 0.0389107 , 3e+21 , 11.48 , -1.80934 , 7.16541 , 0.0258495 , 0.0259396 , 0.0259782
2.272e-06 , 116.732 , 0.0389107 , 3e+21 , 11.48 , -1.80934 , 7.16541 , 0.0258495 , 0.0259396 , 0.0259782
2.276e-06 , 116.732 , 0.0389107 , 3e+21 , 11.48 , -1.80934 , 7.16541 , 0.0258495 , 0.0259396 , 0.0259782
2.28e-06 , 116.732 , 0.0389107 , 3e+21 , 11.48 , -1.80934 , 7.16541 , 0.0258495 , 0.0259396 , 0.0259782
2.284e-06 , 116.732 , 0.0389107 , 3e+21 , 11.48 , -1.80934 , 7.16541 , 0.0258495 , 0.0259396 , 0.0259782
2.288e-06 , 116.732 , 0.0389107 , 3e+21 , 11.48 , -1.80934 , 7.16541 , 0.0258495 , 0.0259396 , 0.0259782
2.292e-06 , 116.732 , 0.0389107 , 3e+21 , 11.48 , -1.80934 , 7.16541 , 0.0258495 , 0.0259396 , 0.0259782
2.296e-06 , 116.732 , 0.0389107 , 3e+21 , 11.48 , -1.80934 , 7.16541 , 0.0258495 , 0.0259396 , 0.0259782
2.3e-06 , 116.732 , 0.0389107 , 3e+21 , 11.48 , -1.80934 , 7.16541 , 0.0258495 , 0.0259396 , 0.0259782
2.304e-06 , 116.732 , 0.0389107 , 3e+21 , 11.48 , -1.80934 , 7.16541 , 0.0258495 , 0.0259396 , 0.0259782
2.308e-06 , 116.732 , 0.0389107 , 3e+21 , 11.48 , -1.80934 , 7.16541 , 0.0258495 , 0.0259396 , 0.0259782
2.312e-06 , 116.732 , 0.0389107 , 3e+21 , 11.48 , -1.80934 , 7.16541 , 0.0258495 , 0.0259396 , 0.0259782
2.316e-06 , 116.732 , 0.0389107 , 3e+21 , 11.48 , -1.80934 , 7.16541 , 0.0258495 , 0.0259396 , 0.0259782
2.32e-06 , 116.732 , 0.0389107 , 3e+21 , 11.48 , -1.80934 , 7.16541 , 0.0258495 , 0.0259396 , 0.0259782
2.324e-06 , 116.732 , 0.0389107 , 3e+21 , 11.48 , -1.80934 , 7.16541 , 0.0258495 , 0.0259396 , 0.0259782
2.328e-06 , 116.732 , 0.0389107 , 3e+21 , 11.48 , -1.80934 , 7.16541 , 0.0258495 , 0.0259396 , 0.0259782
2.332e-06 , 116.732 , 0.0389107 , 3e+21 , 11.48 , -1.80934 , 7.16541 , 0.0258495 , 0.0259396 , 0.0259782
2.336e-06 , 116.732 , 0.0389107 , 3e+21 , 11.48 , -1.80934 , 7.16541 , 0.0258495 , 0.0259396 , 0.0259782
2.34e-06 , 116.732 , 0.0389107 , 3e+21 , 11.48 , -1.80934 , 7.16541 , 0.0258495 , 0.0259396 , 0.0259782
2.344e-06 , 116.732 , 0.0389107 , 3e+21 , 11.48 , -1.80934 , 7.16541 , 0.0258495 , 0.0259396 , 0.0259782
2.348e-06 , 116.732 , 0.0389107 , 3e+21 , 11.48 , -1.80934 , 7.16541 , 0.0258495 , 0.0259396 , 0.0259782
2.352e-06 , 116.732 , 0.0389107 , 3e+21 , 11.48 , -1.80934 , 7.16541 , 0.0258495 , 0.0259396 , 0.0259782
2.356e-06 , 116.732 , 0.0389107 , 3e+21 , 11.48 , -1.80934 , 7.16541 , 0.0258495 , 0.0259396 , 0.0259782
2.36e-06 , 116.732 , 0.0389107 , 3e+21 , 11.48 , -1.80934 , 7.16541 , 0.0258495 , 0.0259396 , 0.0259782
2.364e-06 , 116.732 , 0.0389107 , 3e+21 , 11.48 , -1.80934 , 7.16541 , 0.0258495 , 0.0259396 , 0.0259782
2.368e-06 , 116.732 , 0.0389107 , 3e+21 , 11.48 , -1.80934 , 7.16541 , 0.0258495 , 0.0259396 , 0.0259782
2.372e-06 , 116.732 , 0.0389107 , 3e+21 , 11.48 , -1.80934 , 7.16541 , 0.0258495 , 0.0259396 , 0.0259782
2.376e-06 , 116.732 , 0.0389107 , 3e+21 , 11.48 , -1.80934 , 7.16541 , 0.0258495 , 0.0259396 , 0.0259782
2.38e-06 , 116.732 , 0.0389107 , 3e+21 , 11.48 , -1.80934 , 7.16541 , 0.0258495 , 0.0259396 , 0.0259782
2.384e-06 , 116.732 , 0.0389107 , 3e+21 , 11.48 , -1.80934 , 7.16541 , 0.0258495 , 0.0259396 , 0.0259782
2.388e-06 , 116.732 , 0.0389107 , 3e+21 , 11.48 , -1.80934 , 7.16541 , 0.0258495 , 0.0259396 , 0.0259782
2.392e-06 , 116.732 , 0.0389107 , 3e+21 , 11.48 , -1.80934 , 7.16541 , 0.0258495 , 0.0259396 , 0.0259782
2.396e-06 , 116.732 , 0.0389107 , 3e+21 , 11.48 , -1.80934 , 7.16541 , 0.0258495 , 0.0259396 , 0.0259782
2.4e-06 , 116.732 , 0.0389107 , 3e+21 , 11.48 , -1.80934 , 7.16541 , 0.0258495 , 0.0259396 , 0.0259782
2.404e-06 , 116.732 , 0.0389107 , 3e+21 , 11.48 , -1.80934 , 7.16541 , 0.0258495 , 0.0259396 , 0.0259782
2.408e-06 , 116.732 , 0.0389107 , 3e+21 , 11.48 , -1.80934 , 7.16541 , 0.0258495 , 0.0259396 , 0.0259782
2.412e-06 , 116.732 , 0.0389107 , 3e+21 , 11.48 , -1.80934 , 7.16541 , 0.0258495 , 0.0259396 , 0.0259782
2.416e-06 , 116.732 , 0.0389107 , 3e+21 , 11.48 , -1.80934 , 7.16541 , 0.0258495 , 0.0259396 , 0.0259782
2.42e-06 , 116.732 , 0.0389107 , 3e+21 , 11.48 , -1.80934 , 7.16541 , 0.0258495 , 0.0259396 , 0.0259782
2.424e-06 , 116.732 , 0.0389107 , 3e+21 , 11.48 , -1.80934 , 7.16541 , 0.0258495 , 0.0259396 , 0.0259782
2.428e-06 , 116.732 , 0.0389107 , 3e+21 , 11.48 , -1.80934 , 7.16541 , 0.0258495 , 0.0259396 , 0.0259782
2.432e-06 , 116.732 , 0.0389107 , 3e+21 , 11.48 , -1.80934 , 7.16541 , 0.0258495 , 0.0259396 , 0.0259782
2.436e-06 , 116.732 , 0.0389107 , 3e+21 , 11.48 , -1.80934 , 7.16541 , 0.0258495 , 0.0259396 , 0.0259782
2.44e-06 , 116.732 , 0.0389107 , 3e+21 , 11.48 , -1.80934 , 7.16541 , 0.0258495 , 0.0259396 , 0.0259782
2.444e-06 , 116.732 , 0.0389107 , 3e+21 , 11.48 , -1.80934 , 7.16541 , 0.0258495 , 0.0259396 , 0.0259782
2.448e-06 , 116.732 , 0.0389107 , 3e+21 , 11.48 , -1.80934 , 7.16541 , 0.0258495 , 0.0259396 , 0.0259782
2.452e-06 , 116.732 , 0.0389107 , 3e+21 , 11.48 , -1.80934 , 7.16541 , 0.0258495 , 0.0259396 , 0.0259782
2.456e-06 , 116.732 , 0.0389107 , 3e+21 , 11.48 , -1.80934 , 7.16541 , 0.0258495 , 0.0259396 , 0.0259782
2.46e-06 , 116.732 , 0.0389107 , 3e+21 , 11.48 , -1.80934 , 7.16541 , 0.0258495 , 0.0259396 , 0.0259782
2.464e-06 , 116.732 , 0.0389107 , 3e+21 , 11.48 , -1.80934 , 7.16541 , 0.0258495 , 0.0259396 , 0.0259782
2.468e-06 , 116.732 , 0.0389107 , 3e+21 , 11.48 , -1.80934 , 7.16541 , 0.0258495 , 0.0259396 , 0.0259782
2.472e-06 , 116.732 , 0.0389107 , 3e+21 , 11.48 , -1.80934 , 7.16541 , 0.0258495 , 0.0259396 , 0.0259782
2.476e-06 , 116.732 , 0.0389107 , 3e+21 , 11.48 , -1.80934 , 7.16541 , 0.0258495 , 0.0259396 , 0.0259782
2.48e-06 , 116.732 , 0.0389107 , 3e+21 , 11.48 , -1.80934 , 7.16541 , 0.0258495 , 0.0259396 , 0.0259782
2.484e-06 , 116.732 , 0.0389107 , 3e+21 , 11.48 , -1.80934 , 7.16541 , 0.0258495 , 0.0259396 , 0.0259782
2.488e-06 , 116.732 , 0.0389107 , 3e+21 , 11.48 , -1.80934 , 7.16541 , 0.0258495 , 0.0259396 , 0.0259782
2.492e-06 , 116.732 , 0.0389107 , 3e+21 , 11.48 , -1.80934 , 7.16541 , 0.0258495 , 0.0259396 , 0.0259782
2.496e-06 , 116.732 , 0.0389107 , 3e+21 , 11.48 , -1.80934 , 7.16541 , 0.0258495 , 0.0259396 , 0.0259782
2.5e-06 , 116.732 , 0.0389107 , 3e+21 , 11.48 , -1.80934 , 7.16541 , 0.0258495 , 0.0259396 , 0.0259782
2.504e-06 , 116.732 , 0.0389107 , 3e+21 , 11.48 , -1.80934 , 7.16541 , 0.0258495 , 0.0259396 , 0.0259782
2.508e-06 , 116.732 , 0.0389107 , 3e+21 , 11.48 , -1.80934 , 7.16541 , 0.0258495 , 0.0259396 , 0.0259782
2.512e-06 , 116.732 , 0.0389107 , 3e+21 , 11.48 , -1.80934 , 7.16541 , 0.0258495 , 0.0259396 , 0.0259782
2.516e-06 , 116.732 , 0.0389107 , 3e+21 , 11.48 , -1.80934 , 7.16541 , 0.0258495 , 0.0259396 , 0.0259782
2.52e-06 , 116.732 , 0.0389107 , 3e+21 , 11.48 , -1.80934 , 7.16541 , 0.0258495 , 0.0259396 , 0.0259782
2.524e-06 , 116.732 , 0.0389107 , 3e+21 , 11.48 , -1.80934 , 7.16541 , 0.0258495 , 0.0259396 , 0.0259782
2.528e-06 , 116.732 , 0.0389107 , 3e+21 , 11.48 , -1.80934 , 7.16541 , 0.0258495 , 0.0259396 , 0.0259782
2.532e-06 , 116.732 , 0.0389107 , 3e+21 , 11.48 , -1.80934 , 7.16541 , 0.0258495 , 0.0259396 , 0.0259782
2.536e-06 , 116.732 , 0.0389107 , 3e+21 , 11.48 , -1.80934 , 7.16541 , 0.0258495 , 0.0259396 , 0.0259782
2.54e-06 , 116.732 , 0.0389107 , 3e+21 , 11.48 , -1.80934 , 7.16541 , 0.0258495 , 0.0259396 , 0.0259782
2.544e-06 , 116.732 , 0.0389107 , 3e+21 , 11.48 , -1.80934 , 7.16541 , 0.0258495 , 0.0259396 , 0.0259782
2.548e-06 , 116.732 , 0.0389107 , 3e+21 , 11.48 , -1.80934 , 7.16541 , 0.0258495 , 0.0259396 , 0.0259782
2.552e-06 , 116.732 , 0.0389107 , 3e+21 , 11.48 , -1.80934 , 7.16541 , 0.0258495 , 0.0259396 , 0.0259782
2.556e-06 , 116.732 , 0.0389107 , 3e+21 , 11.48 , -1.80934 , 7.16541 , 0.0258495 , 0.0259396 , 0.0259782
2.56e-06 , 116.732 , 0.0389107 , 3e+21 , 11.48 , -1.80934 , 7.16541 , 0.0258495 , 0.0259396 , 0.0259782
2.564e-06 , 116.732 , 0.0389107 , 3e+21 , 11.48 , -1.80934 , 7.16541 , 0.0258495 , 0.0259396 , 0.0259782
2.568e-06 , 116.732 , 0.0389107 , 3e+21 , 11.48 , -1.80934 , 7.16541 , 0.0258495 , 0.0259396 , 0.0259782
2.572e-06 , 116.732 , 0.0389107 , 3e+21 , 11.48 , -1.80934 , 7.16541 , 0.0258495 , 0.0259396 , 0.0259782
2.576e-06 , 116.732 , 0.0389107 , 3e+21 , 11.48 , -1.80934 , 7.16541 , 0.0258495 , 0.0259396 , 0.0259782
2.58e-06 , 116.732 , 0.0389107 , 3e+21 , 11.48 , -1.80934 , 7.16541 , 0.0258495 , 0.0259396 , 0.0259782
2.584e-06 , 116.732 , 0.0389107 , 3e+21 , 11.48 , -1.80934 , 7.16541 , 0.0258495 , 0.0259396 , 0.0259782
2.588e-06 , 116.732 , 0.0389107 , 3e+21 , 11.48 , -1.80934 , 7.16541 , 0.0258495 , 0.0259396 , 0.0259782
2.592e-06 , 116.732 , 0.0389107 , 3e+21 , 11.48 , -1.80934 , 7.16541 , 0.0258495 , 0.0259396 , 0.0259782
2.596e-06 , 116.732 , 0.0389107 , 3e+21 , 11.48 , -1.80934 , 7.16541 , 0.0258495 , 0.0259396 , 0.0259782
2.6e-06 , 116.732 , 0.0389107 , 3e+21 , 11.48 , -1.80934 , 7.16541 , 0.0258495 , 0.0259396 , 0.0259782
2.604e-06 , 116.732 , 0.0389107 , 3e+21 , 11.48 , -1.80934 , 7.16541 , 0.0258495 , 0.0259396 , 0.0259782
2.608e-06 , 116.732 , 0.0389107 , 3e+21 , 11.48 , -1.80934 , 7.16541 , 0.0258495 , 0.0259396 , 0.0259782
2.612e-06 , 116.732 , 0.0389107 , 3e+21 , 11.48 , -1.80934 , 7.16541 , 0.0258495 , 0.0259396 , 0.0259782
2.616e-06 , 116.732 , 0.0389107 , 3e+21 , 11.48 , -1.80934 , 7.16541 , 0.0258495 , 0.0259396 , 0.0259782
2.62e-06 , 116.732 , 0.0389107 , 3e+21 , 11.48 , -1.80934 , 7.16541 , 0.0258495 , 0.0259396 , 0.0259782
2.624e-06 , 116.732 , 0.0389107 , 3e+21 , 11.48 , -1.80934 , 7.16541 , 0.0258495 , 0.0259396 , 0.0259782
2.628e-06 , 116.732 , 0.0389107 , 3e+21 , 11.48 , -1.80934 , 7.16541 , 0.0258495 , 0.0259396 , 0.0259782
2.632e-06 , 116.732 , 0.0389107 , 3e+21 , 11.48 , -1.80934 , 7.16541 , 0.0258495 , 0.0259396 , 0.0259782
2.636e-06 , 116.732 , 0.0389107 , 3e+21 , 11.48 , -1.80934 , 7.16541 , 0.0258495 , 0.0259396 , 0.0259782
2.64e-06 , 116.732 , 0.0389107 , 3e+21 , 11.48 , -1.80934 , 7.16541 , 0.0258495 , 0.0259396 , 0.0259782
2.644e-06 , 116.732 , 0.0389107 , 3e+21 , 11.48 , -1.80934 , 7.16541 , 0.0258495 , 0.0259396 , 0.0259782
2.648e-06 , 116.732 , 0.0389107 , 3e+21 , 11.48 , -1.80934 , 7.16541 , 0.0258495 , 0.0259396 , 0.0259782
2.652e-06 , 116.732 , 0.0389107 , 3e+21 , 11.48 , -1.80934 , 7.16541 , 0.0258495 , 0.0259396 , 0.0259782
2.656e-06 , 116.732 , 0.0389107 , 3e+21 , 11.48 , -1.80934 , 7.16541 , 0.0258495 , 0.0259396 , 0.0259782
2.66e-06 , 116.732 , 0.0389107 , 3e+21 , 11.48 , -1.80934 , 7.16541 , 0.0258495 , 0.0259396 , 0.0259782
2.664e-06 , 116.732 , 0.0389107 , 3e+21 , 11.48 , -1.80934 , 7.16541 , 0.0258495 , 0.0259396 , 0.0259782
2.668e-06 , 116.732 , 0.0389107 , 3e+21 , 11.48 , -1.80934 , 7.16541 , 0.0258495 , 0.0259396 , 0.0259782
2.672e-06 , 116.732 , 0.0389107 , 3e+21 , 11.48 , -1.80934 , 7.16541 , 0.0258495 , 0.0259396 , 0.0259782
2.676e-06 , 116.732 , 0.0389107 , 3e+21 , 11.48 , -1.80934 , 7.16541 , 0.0258495 , 0.0259396 , 0.0259782
2.68e-06 , 116.732 , 0.0389107 , 3e+21 , 11.48 , -1.80934 , 7.16541 , 0.0258495 , 0.0259396 , 0.0259782
2.684e-06 , 116.732 , 0.0389107 , 3e+21 , 11.48 , -1.80934 , 7.16541 , 0.0258495 , 0.0259396 , 0.0259782
2.688e-06 , 116.732 , 0.0389107 , 3e+21 , 11.48 , -1.80934 , 7.16541 , 0.0258495 , 0.0259396 , 0.0259782
2.692e-06 , 116.732 , 0.0389107 , 3e+21 , 11.48 , -1.80934 , 7.16541 , 0.0258495 , 0.0259396 , 0.0259782
2.696e-06 , 116.732 , 0.0389107 , 3e+21 , 11.48 , -1.80934 , 7.16541 , 0.0258495 , 0.0259396 , 0.0259782
2.7e-06 , 116.732 , 0.0389107 , 3e+21 , 11.48 , -1.80934 , 7.16541 , 0.0258495 , 0.0259396 , 0.0259782
2.704e-06 , 116.732 , 0.0389107 , 3e+21 , 11.48 , -1.80934 , 7.16541 , 0.0258495 , 0.0259396 , 0.0259782
2.708e-06 , 116.732 , 0.0389107 , 3e+21 , 11.48 , -1.80934 , 7.16541 , 0.0258495 , 0.0259396 , 0.0259782
2.712e-06 , 116.732 , 0.0389107 , 3e+21 , 11.48 , -1.80934 , 7.16541 , 0.0258495 , 0.0259396 , 0.0259782
2.716e-06 , 116.732 , 0.0389107 , 3e+21 , 11.48 , -1.80934 , 7.16541 , 0.0258495 , 0.0259396 , 0.0259782
2.72e-06 , 116.732 , 0.0389107 , 3e+21 , 11.48 , -1.80934 , 7.16541 , 0.0258495 , 0.0259396 , 0.0259782
2.724e-06 , 116.732 , 0.0389107 , 3e+21 , 11.48 , -1.80934 , 7.16541 , 0.0258495 , 0.0259396 , 0.0259782
2.728e-06 , 116.732 , 0.0389107 , 3e+21 , 11.48 , -1.80934 , 7.16541 , 0.0258495 , 0.0259396 , 0.0259782
2.732e-06 , 116.732 , 0.0389107 , 3e+21 , 11.48 , -1.80934 , 7.16541 , 0.0258495 , 0.0259396 , 0.0259782
2.736e-06 , 116.732 , 0.0389107 , 3e+21 , 11.48 , -1.80934 , 7.16541 , 0.0258495 , 0.0259396 , 0.0259782
2.74e-06 , 116.732 , 0.0389107 , 3e+21 , 11.48 , -1.80934 , 7.16541 , 0.0258495 , 0.0259396 , 0.0259782
2.744e-06 , 116.732 , 0.0389107 , 3e+21 , 11.48 , -1.80934 , 7.16541 , 0.0258495 , 0.0259396 , 0.0259782
2.748e-06 , 116.732 , 0.0389107 , 3e+21 , 11.48 , -1.80934 , 7.16541 , 0.0258495 , 0.0259396 , 0.0259782
2.752e-06 , 116.732 , 0.0389107 , 3e+21 , 11.48 , -1.80934 , 7.16541 , 0.0258495 , 0.0259396 , 0.0259782
2.756e-06 , 116.732 , 0.0389107 , 3e+21 , 11.48 , -1.80934 , 7.16541 , 0.0258495 , 0.0259396 , 0.0259782
2.76e-06 , 116.732 , 0.0389107 , 3e+21 , 11.48 , -1.80934 , 7.16541 , 0.0258495 , 0.0259396 , 0.0259782
2.764e-06 , 116.732 , 0.0389107 , 3e+21 , 11.48 , -1.80934 , 7.16541 , 0.0258495 , 0.0259396 , 0.0259782
2.768e-06 , 116.732 , 0.0389107 , 3e+21 , 11.48 , -1.80934 , 7.16541 , 0.0258495 , 0.0259396 , 0.0259782
2.772e-06 , 116.732 , 0.0389107 , 3e+21 , 11.48 , -1.80934 , 7.16541 , 0.0258495 , 0.0259396 , 0.0259782
2.776e-06 , 116.732 , 0.0389107 , 3e+21 , 11.48 , -1.80934 , 7.16541 , 0.0258495 , 0.0259396 , 0.0259782
2.78e-06 , 116.732 , 0.0389107 , 3e+21 , 11.48 , -1.80934 , 7.16541 , 0.0258495 , 0.0259396 , 0.0259782
2.784e-06 , 116.732 , 0.0389107 , 3e+21 , 11.48 , -1.80934 , 7.16541 , 0.0258495 , 0.0259396 , 0.0259782
2.788e-06 , 116.732 , 0.0389107 , 3e+21 , 11.48 , -1.80934 , 7.16541 , 0.0258495 , 0.0259396 , 0.0259782
2.792e-06 , 116.732 , 0.0389107 , 3e+21 , 11.48 , -1.80934 , 7.16541 , 0.0258495 , 0.0259396 , 0.0259782
2.796e-06 , 116.732 , 0.0389107 , 3e+21 , 11.48 , -1.80934 , 7.16541 , 0.0258495 , 0.0259396 , 0.0259782
2.8e-06 , 116.732 , 0.0389107 , 3e+21 , 11.48 , -1.80934 , 7.16541 , 0.0258495 , 0.0259396 , 0.0259782
2.804e-06 , 116.732 , 0.0389107 , 3e+21 , 11.48 , -1.80934 , 7.16541 , 0.0258495 , 0.0259396 , 0.0259782
2.808e-06 , 116.732 , 0.0389107 , 3e+21 , 11.48 , -1.80934 , 7.16541 , 0.0258495 , 0.0259396 , 0.0259782
2.812e-06 , 116.732 , 0.0389107 , 3e+21 , 11.48 , -1.80934 , 7.16541 , 0.0258495 , 0.0259396 , 0.0259782
2.816e-06 , 116.732 , 0.0389107 , 3e+21 , 11.48 , -1.80934 , 7.16541 , 0.0258495 , 0.0259396 , 0.0259782
2.82e-06 , 116.732 , 0.0389107 , 3e+21 , 11.48 , -1.80934 , 7.16541 , 0.0258495 , 0.0259396 , 0.0259782
2.824e-06 , 116.732 , 0.0389107 , 3e+21 , 11.48 , -1.80934 , 7.16541 , 0.0258495 , 0.0259396 , 0.0259782
2.828e-06 , 116.732 , 0.0389107 , 3e+21 , 11.48 , -1.80934 , 7.16541 , 0.0258495 , 0.0259396 , 0.0259782
2.832e-06 , 116.732 , 0.0389107 , 3e+21 , 11.48 , -1.80934 , 7.16541 , 0.0258495 , 0.0259396 , 0.0259782
2.836e-06 , 116.732 , 0.0389107 , 3e+21 , 11.48 , -1.80934 , 7.16541 , 0.0258495 , 0.0259396 , 0.0259782
2.84e-06 , 116.732 , 0.0389107 , 3e+21 , 11.48 , -1.80934 , 7.16541 , 0.0258495 , 0.0259396 , 0.0259782
2.844e-06 , 116.732 , 0.0389107 , 3e+21 , 11.48 , -1.80934 , 7.16541 , 0.0258495 , 0.0259396 , 0.0259782
2.848e-06 , 116.732 , 0.0389107 , 3e+21 , 11.48 , -1.80934 , 7.16541 , 0.0258495 , 0.0259396 , 0.0259782
2.852e-06 , 116.732 , 0.0389107 , 3e+21 , 11.48 , -1.80934 , 7.16541 , 0.0258495 , 0.0259396 , 0.0259782
2.856e-06 , 116.732 , 0.0389107 , 3e+21 , 11.48 , -1.80934 , 7.16541 , 0.0258495 , 0.0259396 , 0.0259782
2.86e-06 , 116.732 , 0.0389107 , 3e+21 , 11.48 , -1.80934 , 7.16541 , 0.0258495 , 0.0259396 , 0.0259782
2.864e-06 , 116.732 , 0.0389107 , 3e+21 , 11.48 , -1.80934 , 7.16541 , 0.0258495 , 0.0259396 , 0.0259782
2.868e-06 , 116.732 , 0.0389107 , 3e+21 , 11.48 , -1.80934 , 7.16541 , 0.0258495 , 0.0259396 , 0.0259782
2.872e-06 , 116.732 , 0.0389107 , 3e+21 , 11.48 , -1.80934 , 7.16541 , 0.0258495 , 0.0259396 , 0.0259782
2.876e-06 , 116.732 , 0.0389107 , 3e+21 , 11.48 , -1.80934 , 7.16541 , 0.0258495 , 0.0259396 , 0.0259782
2.88e-06 , 116.732 , 0.0389107 , 3e+21 , 11.48 , -1.80934 , 7.16541 , 0.0258495 , 0.0259396 , 0.0259782
2.884e-06 , 116.732 , 0.0389107 , 3e+21 , 11.48 , -1.80934 , 7.16541 , 0.0258495 , 0.0259396 , 0.0259782
2.888e-06 , 116.732 , 0.0389107 , 3e+21 , 11.48 , -1.80934 , 7.16541 , 0.0258495 , 0.0259396 , 0.0259782
2.892e-06 , 116.732 , 0.0389107 , 3e+21 , 11.48 , -1.80934 , 7.16541 , 0.0258495 , 0.0259396 , 0.0259782
2.896e-06 , 116.732 , 0.0389107 , 3e+21 , 11.48 , -1.80934 , 7.16541 , 0.0258495 , 0.0259396 , 0.0259782
2.9e-06 , 116.732 , 0.0389107 , 3e+21 , 11.48 , -1.80934 , 7.16541 , 0.0258495 , 0.0259396 , 0.0259782
2.904e-06 , 116.732 , 0.0389107 , 3e+21 , 11.48 , -1.80934 , 7.16541 , 0.0258495 , 0.0259396 , 0.0259782
2.908e-06 , 116.732 , 0.0389107 , 3e+21 , 11.48 , -1.80934 , 7.16541 , 0.0258495 , 0.0259396 , 0.0259782
2.912e-06 , 116.732 , 0.0389107 , 3e+21 , 11.48 , -1.80934 , 7.16541 , 0.0258495 , 0.0259396 , 0.0259782
2.916e-06 , 116.732 , 0.0389107 , 3e+21 , 11.48 , -1.80934 , 7.16541 , 0.0258495 , 0.0259396 , 0.0259782
2.92e-06 , 116.732 , 0.0389107 , 3e+21 , 11.48 , -1.80934 , 7.16541 , 0.0258495 , 0.0259396 , 0.0259782
2.924e-06 , 116.732 , 0.0389107 , 3e+21 , 11.48 , -1.80934 , 7.16541 , 0.0258495 , 0.0259396 , 0.0259782
2.928e-06 , 116.732 , 0.0389107 , 3e+21 , 11.48 , -1.80934 , 7.16541 , 0.0258495 , 0.0259396 , 0.0259782
2.932e-06 , 116.732 , 0.0389107 , 3e+21 , 11.48 , -1.80934 , 7.16541 , 0.0258495 , 0.0259396 , 0.0259782
2.936e-06 , 116.732 , 0.0389107 , 3e+21 , 11.48 , -1.80934 , 7.16541 , 0.0258495 , 0.0259396 , 0.0259782
2.94e-06 , 116.732 , 0.0389107 , 3e+21 , 11.48 , -1.80934 , 7.16541 , 0.0258495 , 0.0259396 , 0.0259782
2.944e-06 , 116.732 , 0.0389107 , 3e+21 , 11.48 , -1.80934 , 7.16541 , 0.0258495 , 0.0259396 , 0.0259782
2.948e-06 , 116.732 , 0.0389107 , 3e+21 , 11.48 , -1.80934 , 7.16541 , 0.0258495 , 0.0259396 , 0.0259782
2.952e-06 , 116.732 , 0.0389107 , 3e+21 , 11.48 , -1.80934 , 7.16541 , 0.0258495 , 0.0259396 , 0.0259782
2.956e-06 , 116.732 , 0.0389107 , 3e+21 , 11.48 , -1.80934 , 7.16541 , 0.0258495 , 0.0259396 , 0.0259782
2.96e-06 , 116.732 , 0.0389107 , 3e+21 , 11.48 , -1.80934 , 7.16541 , 0.0258495 , 0.0259396 , 0.0259782
2.964e-06 , 116.732 , 0.0389107 , 3e+21 , 11.48 , -1.80934 , 7.16541 , 0.0258495 , 0.0259396 , 0.0259782
2.968e-06 , 116.732 , 0.0389107 , 3e+21 , 11.48 , -1.80934 , 7.16541 , 0.0258495 , 0.0259396 , 0.0259782
2.972e-06 , 116.732 , 0.0389107 , 3e+21 , 11.48 , -1.80934 , 7.16541 , 0.0258495 , 0.0259396 , 0.0259782
2.976e-06 , 116.732 , 0.0389107 , 3e+21 , 11.48 , -1.80934 , 7.16541 , 0.0258495 , 0.0259396 , 0.0259782
2.98e-06 , 116.732 , 0.0389107 , 3e+21 , 11.48 , -1.80934 , 7.16541 , 0.0258495 , 0.0259396 , 0.0259782
2.984e-06 , 116.732 , 0.0389107 , 3e+21 , 11.48 , -1.80934 , 7.16541 , 0.0258495 , 0.0259396 , 0.0259782
2.988e-06 , 116.732 , 0.0389107 , 3e+21 , 11.48 , -1.80934 , 7.16541 , 0.0258495 , 0.0259396 , 0.0259782
2.992e-06 , 116.732 , 0.0389107 , 3e+21 , 11.48 , -1.80934 , 7.16541 , 0.0258495 , 0.0259396 , 0.0259782
2.996e-06 , 116.732 , 0.0389107 , 3e+21 , 11.48 , -1.80934 , 7.16541 , 0.0258495 , 0.0259396 , 0.0259782
3e-06 , 116.732 , 0.0389107 , 3e+21 , 11.48 , -1.80934 , 7.16541 , 0.0258495 , 0.0259396 , 0.0259782
3.004e-06 , 116.732 , 0.0389107 , 3e+21 , 11.48 , -1.80934 , 7.16541 , 0.0258495 , 0.0259396 , 0.0259782
3.008e-06 , 116.732 , 0.0389107 , 3e+21 , 11.48 , -1.80934 , 7.16541 , 0.0258495 , 0.0259396 , 0.0259782
3.012e-06 , 116.732 , 0.0389107 , 3e+21 , 11.48 , -1.80934 , 7.16541 , 0.0258495 , 0.0259396 , 0.0259782
3.016e-06 , 116.732 , 0.0389107 , 3e+21 , 11.48 , -1.80934 , 7.16541 , 0.0258495 , 0.0259396 , 0.0259782
3.02e-06 , 116.732 , 0.0389107 , 3e+21 , 11.48 , -1.80934 , 7.16541 , 0.0258495 , 0.0259396 , 0.0259782
3.024e-06 , 116.732 , 0.0389107 , 3e+21 , 11.48 , -1.80934 , 7.16541 , 0.0258495 , 0.0259396 , 0.0259782
3.028e-06 , 116.732 , 0.0389107 , 3e+21 , 11.48 , -1.80934 , 7.16541 , 0.0258495 , 0.0259396 , 0.0259782
3.032e-06 , 116.732 , 0.0389107 , 3e+21 , 11.48 , -1.80934 , 7.16541 , 0.0258495 , 0.0259396 , 0.0259782
3.036e-06 , 116.732 , 0.0389107 , 3e+21 , 11.48 , -1.80934 , 7.16541 , 0.0258495 , 0.0259396 , 0.0259782
3.04e-06 , 116.732 , 0.0389107 , 3e+21 , 11.48 , -1.80934 , 7.16541 , 0.0258495 , 0.0259396 , 0.0259782
3.044e-06 , 116.732 , 0.0389107 , 3e+21 , 11.48 , -1.80934 , 7.16541 , 0.0258495 , 0.0259396 , 0.0259782
3.048e-06 , 116.732 , 0.0389107 , 3e+21 , 11.48 , -1.80934 , 7.16541 , 0.0258495 , 0.0259396 , 0.0259782
3.052e-06 , 116.732 , 0.0389107 , 3e+21 , 11.48 , -1.80934 , 7.16541 , 0.0258495 , 0.0259396 , 0.0259782
3.056e-06 , 116.732 , 0.0389107 , 3e+21 , 11.48 , -1.80934 , 7.16541 , 0.0258495 , 0.0259396 , 0.0259782
3.06e-06 , 116.732 , 0.0389107 , 3e+21 , 11.48 , -1.80934 , 7.16541 , 0.0258495 , 0.0259396 , 0.0259782
3.064e-06 , 116.732 , 0.0389107 , 3e+21 , 11.48 , -1.80934 , 7.16541 , 0.0258495 , 0.0259396 , 0.0259782
3.068e-06 , 116.732 , 0.0389107 , 3e+21 , 11.48 , -1.80934 , 7.16541 , 0.0258495 , 0.0259396 , 0.0259782
3.072e-06 , 116.732 , 0.0389107 , 3e+21 , 11.48 , -1.80934 , 7.16541 , 0.0258495 , 0.0259396 , 0.0259782
3.076e-06 , 116.732 , 0.0389107 , 3e+21 , 11.48 , -1.80934 , 7.16541 , 0.0258495 , 0.0259396 , 0.0259782
3.08e-06 , 116.732 , 0.0389107 , 3e+21 , 11.48 , -1.80934 , 7.16541 , 0.0258495 , 0.0259396 , 0.0259782
3.084e-06 , 116.732 , 0.0389107 , 3e+21 , 11.48 , -1.80934 , 7.16541 , 0.0258495 , 0.0259396 , 0.0259782
3.088e-06 , 116.732 , 0.0389107 , 3e+21 , 11.48 , -1.80934 , 7.16541 , 0.0258495 , 0.0259396 , 0.0259782
3.092e-06 , 116.732 , 0.0389107 , 3e+21 , 11.48 , -1.80934 , 7.16541 , 0.0258495 , 0.0259396 , 0.0259782
3.096e-06 , 116.732 , 0.0389107 , 3e+21 , 11.48 , -1.80934 , 7.16541 , 0.0258495 , 0.0259396 , 0.0259782
3.1e-06 , 116.732 , 0.0389107 , 3e+21 , 11.48 , -1.80934 , 7.16541 , 0.0258495 , 0.0259396 , 0.0259782
3.104e-06 , 116.732 , 0.0389107 , 3e+21 , 11.48 , -1.80934 , 7.16541 , 0.0258495 , 0.0259396 , 0.0259782
3.108e-06 , 116.732 , 0.0389107 , 3e+21 , 11.48 , -1.80934 , 7.16541 , 0.0258495 , 0.0259396 , 0.0259782
3.112e-06 , 116.732 , 0.0389107 , 3e+21 , 11.48 , -1.80934 , 7.16541 , 0.0258495 , 0.0259396 , 0.0259782
3.116e-06 , 116.732 , 0.0389107 , 3e+21 , 11.48 , -1.80934 , 7.16541 , 0.0258495 , 0.0259396 , 0.0259782
3.12e-06 , 116.732 , 0.0389107 , 3e+21 , 11.48 , -1.80934 , 7.16541 , 0.0258495 , 0.0259396 , 0.0259782
3.124e-06 , 116.732 , 0.0389107 , 3e+21 , 11.48 , -1.80934 , 7.16541 , 0.0258495 , 0.0259396 , 0.0259782
3.128e-06 , 116.732 , 0.0389107 , 3e+21 , 11.48 , -1.80934 , 7.16541 , 0.0258495 , 0.0259396 , 0.0259782
3.132e-06 , 116.732 , 0.0389107 , 3e+21 , 11.48 , -1.80934 , 7.16541 , 0.0258495 , 0.0259396 , 0.0259782
3.136e-06 , 116.732 , 0.0389107 , 3e+21 , 11.48 , -1.80934 , 7.16541 , 0.0258495 , 0.0259396 , 0.0259782
3.14e-06 , 116.732 , 0.0389107 , 3e+21 , 11.48 , -1.80934 , 7.16541 , 0.0258495 , 0.0259396 , 0.0259782
3.144e-06 , 116.732 , 0.0389107 , 3e+21 , 11.48 , -1.80934 , 7.16541 , 0.0258495 , 0.0259396 , 0.0259782
3.148e-06 , 116.732 , 0.0389107 , 3e+21 , 11.48 , -1.80934 , 7.16541 , 0.0258495 , 0.0259396 , 0.0259782
3.152e-06 , 116.732 , 0.0389107 , 3e+21 , 11.48 , -1.80934 , 7.16541 , 0.0258495 , 0.0259396 , 0.0259782
3.156e-06 , 116.732 , 0.0389107 , 3e+21 , 11.48 , -1.80934 , 7.16541 , 0.0258495 , 0.0259396 , 0.0259782
3.16e-06 , 116.732 , 0.0389107 , 3e+21 , 11.48 , -1.80934 , 7.16541 , 0.0258495 , 0.0259396 , 0.0259782
3.164e-06 , 116.732 , 0.0389107 , 3e+21 , 11.48 , -1.80934 , 7.16541 , 0.0258495 , 0.0259396 , 0.0259782
3.168e-06 , 116.732 , 0.0389107 , 3e+21 , 11.48 , -1.80934 , 7.16541 , 0.0258495 , 0.0259396 , 0.0259782
3.172e-06 , 116.732 , 0.0389107 , 3e+21 , 11.48 , -1.80934 , 7.16541 , 0.0258495 , 0.0259396 , 0.0259782
3.176e-06 , 116.732 , 0.0389107 , 3e+21 , 11.48 , -1.80934 , 7.16541 , 0.0258495 , 0.0259396 , 0.0259782
3.18e-06 , 116.732 , 0.0389107 , 3e+21 , 11.48 , -1.80934 , 7.16541 , 0.0258495 , 0.0259396 , 0.0259782
3.184e-06 , 116.732 , 0.0389107 , 3e+21 , 11.48 , -1.80934 , 7.16541 , 0.0258495 , 0.0259396 , 0.0259782
3.188e-06 , 116.732 , 0.0389107 , 3e+21 , 11.48 , -1.80934 , 7.16541 , 0.0258495 , 0.0259396 , 0.0259782
3.192e-06 , 116.732 , 0.0389107 , 3e+21 , 11.48 , -1.80934 , 7.16541 , 0.0258495 , 0.0259396 , 0.0259782
3.196e-06 , 116.732 , 0.0389107 , 3e+21 , 11.48 , -1.80934 , 7.16541 , 0.0258495 , 0.0259396 , 0.0259782
3.2e-06 , 116.732 , 0.0389107 , 3e+21 , 11.48 , -1.80934 , 7.16541 , 0.0258495 , 0.0259396 , 0.0259782
