0,0,0,0,0,0,0,0,0,0,0,0,0,0,0,0,0,0,0,0,0,0,0,0,0,0,0,0,0,0,0,0,0,0
100,30572,0,0,0,0,0,0,0,0,0,0,0,0,0,0,0,0,0,0,0,0,0,0,0,0,0,0,0,0,0,0,0,0
200,207910,0,0,0,0,0,0,0,0,0,0,0,0,0,0,0,0,0,0,0,0,0,0,0,0,0,0,0,0,0,0,0,0
300,457553,0,0,0,0,0,0,0,0,0,0,0,0,0,0,0,0,0,0,0,0,0,0,0,0,0,0,0,0,0,0,0,0
400,761758,0,0,0,0,0,0,0,0,0,0,0,0,0,0,0,0,0,0,0,0,0,0,0,2,0,0,0,0,0,0,0,0
500,1114545,0,0,0,0,0,0,0,0,0,0,0,0,0,0,0,0,0,0,0,0,0,0,0,3,7,2,0,0,0,0,0,0
600,1509346,0,0,0,0,0,0,0,0,0,0,0,0,0,0,0,0,0,0,1,0,1,1,3,13,17,12,0,0,0,0,0,0
700,1945099,0,0,0,0,0,0,0,0,0,0,0,0,2,0,0,0,0,2,1,5,4,2,4,30,34,27,0,1,0,1,3,1
800,2413450,0,0,0,0,0,3,0,1,0,1,0,0,3,1,0,1,2,3,1,10,7,4,5,73,56,44,1,1,2,3,7,2
900,2910182,0,1,1,0,0,3,1,1,0,4,2,0,6,1,0,1,3,5,3,14,14,11,11,131,76,79,1,1,2,3,19,4
1000,3432395,0,2,2,0,2,3,6,2,0,5,3,1,11,4,1,1,4,12,6,31,20,14,22,210,134,132,1,4,5,3,33,8
1100,3973514,1,2,2,0,2,5,8,3,1,5,4,5,17,10,1,1,5,18,6,44,30,22,32,300,183,194,2,5,8,6,53,15
1200,4530170,2,3,3,0,2,7,8,5,1,6,4,6,26,16,3,1,8,27,9,55,43,34,44,421,237,260,2,9,11,8,83,27
1300,5097301,3,3,4,0,3,9,10,5,1,7,6,7,39,21,3,4,9,39,14,71,57,41,58,533,307,327,2,14,18,8,115,38
1400,5672580,4,5,6,0,3,9,10,8,1,8,7,7,49,25,3,4,14,50,19,81,72,51,65,666,375,403,2,18,22,11,142,48
1500,6255650,6,9,6,0,3,12,14,12,2,8,11,8,67,31,4,6,16,64,24,97,85,59,76,797,443,493,2,22,27,11,183,63
1600,6843315,10,11,9,0,3,13,18,15,2,8,14,11,79,39,7,7,20,81,29,111,95,70,91,923,525,577,4,28,30,12,221,78
1700,7435863,17,12,11,0,3,19,23,18,2,12,15,12,90,41,8,8,23,96,31,122,123,82,99,1050,613,661,5,35,36,18,255,93
1800,8032404,19,12,12,0,4,19,28,20,5,13,18,17,101,50,9,10,27,108,34,135,142,89,116,1186,687,747,5,46,40,20,302,109
1900,8630920,22,12,12,0,4,21,33,23,6,14,19,18,124,59,10,15,29,116,38,149,162,97,129,1318,784,839,6,51,50,25,357,123
2000,9228335,25,12,13,0,5,22,39,28,7,17,22,21,138,64,12,17,30,134,45,174,180,108,147,1477,881,942,6,55,55,28,408,133
2100,9826983,27,15,15,0,9,24,44,31,8,19,25,23,157,69,13,18,34,146,53,191,198,124,158,1638,987,1030,6,63,57,33,440,152
2200,10429164,29,15,17,0,9,25,49,36,8,23,29,26,170,74,17,20,39,159,59,212,217,135,179,1795,1065,1116,6,73,65,37,487,170
2300,11031876,31,15,17,0,9,28,52,39,10,25,34,28,185,79,18,21,43,177,63,231,234,147,200,1945,1159,1220,6,86,74,40,533,186
2400,11633381,34,18,20,0,9,29,53,43,13,26,38,31,205,86,22,24,48,186,71,257,249,162,215,2093,1251,1346,7,91,83,47,572,200
2500,12234775,36,19,23,0,10,33,54,47,15,28,39,34,216,93,23,26,51,201,73,275,261,177,233,2279,1337,1441,7,97,92,50,620,222
2600,12836027,41,19,29,0,11,37,60,51,15,33,40,35,238,101,26,27,57,212,78,299,277,187,248,2439,1417,1538,7,103,101,55,676,252
2700,13437150,42,20,29,0,12,38,62,54,16,34,42,39,258,106,28,31,65,228,82,323,298,196,261,2601,1505,1647,7,109,105,57,714,270
2800,14039632,44,22,29,0,13,44,67,56,16,38,45,44,280,116,31,34,71,242,84,341,313,214,281,2746,1599,1744,7,115,109,63,753,287
2900,14644235,51,25,29,0,13,46,72,64,16,41,47,46,297,121,32,34,72,255,88,358,333,228,295,2901,1686,1829,8,120,113,66,793,307
3000,15248910,54,26,30,0,13,51,75,68,17,47,47,50,319,127,36,40,77,277,93,375,353,247,315,3065,1768,1948,8,129,120,72,831,330
3100,15856019,59,27,31,0,13,53,81,74,17,48,50,57,331,135,37,43,82,287,98,393,372,258,330,3209,1839,2039,8,133,130,75,873,346
3200,16460387,61,27,32,0,14,55,83,80,18,51,54,59,348,146,39,46,91,300,103,403,394,274,349,3384,1929,2145,10,135,138,76,932,362
3300,17064401,66,28,33,0,15,59,88,83,18,54,57,64,366,152,41,46,92,314,108,419,417,285,369,3543,2013,2238,10,140,144,81,977,375
3400,17668632,70,31,34,0,15,60,95,89,18,59,60,70,385,161,43,50,96,326,113,444,432,296,382,3685,2092,2327,10,144,151,82,1028,394
3500,18272712,72,31,34,0,16,60,100,93,18,62,67,73,403,167,47,53,102,346,115,466,449,311,399,3859,2177,2406,10,149,159,87,1066,415
3600,18877082,76,34,37,0,19,63,101,95,19,66,70,79,421,174,47,55,107,360,122,484,466,325,417,4006,2280,2495,11,153,167,96,1115,442
3700,19481112,84,37,37,0,20,67,104,99,19,71,73,84,433,182,48,60,112,375,126,498,493,338,433,4166,2361,2576,11,157,174,99,1173,460
3800,20086192,86,39,37,0,20,68,110,102,19,73,78,89,442,194,50,63,121,388,131,519,507,353,451,4324,2450,2673,12,162,180,104,1207,480
3900,20691659,91,42,39,0,20,69,111,107,19,73,83,91,463,201,52,63,125,403,140,536,526,366,470,4492,2530,2785,12,164,183,107,1264,501
4000,21296723,95,42,41,0,20,74,113,111,21,77,87,97,475,207,52,66,127,410,144,557,548,375,488,4645,2625,2883,12,167,189,109,1314,518
4100,21901215,97,43,45,0,20,79,116,112,22,81,88,98,501,213,52,67,133,418,151,571,569,391,505,4794,2704,2992,12,171,193,111,1368,545
4200,22504747,100,46,45,0,20,84,126,113,23,87,91,103,516,218,56,68,138,428,156,591,594,405,525,4953,2789,3086,13,174,203,115,1415,570
4300,23107256,103,48,48,0,21,86,126,120,23,92,94,110,540,230,60,71,142,445,159,616,606,413,535,5098,2877,3182,14,180,204,120,1463,590
4400,23709826,108,52,49,0,21,94,130,125,24,92,99,110,552,246,65,75,148,455,162,640,621,427,554,5260,2951,3273,14,185,206,123,1507,605
4500,24311934,110,54,49,0,21,94,132,129,24,96,104,115,570,253,70,76,151,466,166,658,641,439,568,5409,3059,3382,15,186,207,128,1559,631
4600,24913399,114,56,51,0,21,95,143,133,26,97,107,118,586,259,71,79,156,473,171,673,656,454,584,5565,3154,3481,15,197,215,135,1594,654
4700,25516090,118,57,52,0,22,97,147,135,27,98,113,120,604,264,75,81,163,490,175,703,681,466,599,5726,3245,3577,16,200,216,138,1635,678
4800,26114911,126,58,53,0,22,99,152,139,27,103,116,121,619,269,77,82,175,500,179,720,702,481,619,5883,3336,3673,17,205,224,141,1677,700
4900,26716175,131,59,58,0,22,100,154,144,29,104,119,123,637,275,81,85,180,508,185,740,713,503,635,6011,3421,3773,17,209,234,148,1709,717
5000,27319054,133,60,58,0,23,102,155,146,33,107,122,128,650,284,84,86,183,523,186,757,733,514,653,6185,3514,3878,17,214,244,158,1760,736
5100,27921588,138,61,60,0,24,102,158,148,33,110,126,130,669,290,86,89,189,535,191,778,757,524,663,6359,3599,3989,18,219,249,160,1815,748
5200,28524103,141,63,62,0,24,106,161,154,35,113,130,132,689,296,88,93,191,544,200,800,775,536,679,6517,3695,4080,19,223,258,163,1864,762
5300,29128797,146,68,64,0,24,109,165,160,36,123,131,137,703,305,90,95,194,556,201,824,796,549,693,6666,3793,4173,20,226,265,166,1900,769
5400,29733663,150,70,69,0,25,110,173,165,37,127,138,143,720,307,93,97,196,568,203,841,810,569,712,6835,3877,4274,20,233,272,169,1941,787
5500,30338162,154,72,71,0,25,114,174,167,37,128,142,146,739,317,93,98,202,588,207,853,834,578,733,6987,3958,4392,21,236,276,173,1996,810
5600,30940242,162,73,72,0,25,116,177,169,39,129,145,149,766,325,96,100,204,593,207,880,855,590,744,7131,4062,4486,22,242,283,179,2032,827
5700,31541730,166,73,74,0,25,117,184,173,40,134,146,153,779,330,97,104,208,606,210,908,880,603,765,7284,4141,4595,22,247,292,186,2085,836
5800,32144598,168,74,76,0,27,120,187,179,40,137,149,156,798,335,97,105,212,619,215,922,899,614,787,7439,4233,4710,22,255,295,189,2129,852
5900,32746088,172,77,78,0,27,121,194,186,40,141,151,160,822,344,97,107,216,633,218,941,928,628,797,7595,4329,4797,24,263,303,194,2181,877
6000,33348527,174,81,82,0,30,125,199,187,40,144,154,171,843,348,100,108,219,646,223,957,945,642,810,7742,4416,4894,24,267,310,201,2238,904
6100,33952208,177,82,85,0,30,127,203,194,40,145,156,174,867,350,101,109,221,657,230,976,969,651,820,7919,4508,4992,24,272,317,208,2286,915
6200,34553625,179,85,87,0,31,128,206,202,42,150,157,178,878,359,103,110,227,671,234,988,996,670,836,8055,4615,5096,26,281,325,212,2336,928
6300,35157096,184,87,88,0,31,133,210,204,42,156,161,183,899,372,106,117,230,679,238,1008,1017,690,852,8218,4689,5200,26,286,330,216,2384,942
6400,35761039,186,90,90,0,32,137,214,206,42,157,161,190,914,378,107,120,232,696,241,1026,1037,698,867,8385,4780,5313,28,290,343,225,2440,961
6500,36365553,188,90,93,0,32,140,217,209,42,159,165,191,929,383,107,121,236,709,244,1036,1061,710,881,8519,4873,5419,28,293,352,230,2495,984
6600,36970291,195,91,96,0,32,142,218,214,43,162,167,194,948,389,108,121,243,723,246,1061,1082,721,904,8669,4955,5513,28,299,360,236,2549,999
6700,37574988,196,91,97,0,32,145,221,218,45,167,169,199,965,393,109,124,245,738,250,1076,1105,735,920,8823,5041,5632,29,305,369,237,2596,1015
6800,38179343,202,92,99,0,33,147,224,223,47,170,176,203,985,407,110,127,249,746,251,1091,1123,745,941,8970,5128,5740,29,310,374,241,2632,1031
6900,38786651,208,92,100,0,34,150,227,227,49,171,179,206,1005,413,112,130,256,762,254,1111,1138,760,956,9152,5219,5860,30,318,387,251,2679,1049
7000,39389907,211,94,102,0,35,151,233,230,49,173,182,209,1020,417,114,133,259,774,263,1128,1158,770,967,9337,5318,5966,30,323,393,254,2724,1072
7100,39993432,218,95,102,0,36,152,238,233,49,173,184,211,1032,424,115,133,262,786,267,1150,1180,783,981,9501,5424,6075,30,325,398,258,2770,1094
7200,40598609,223,96,104,0,38,157,242,240,49,175,187,212,1047,434,119,133,267,803,270,1168,1199,797,998,9664,5526,6185,30,331,406,262,2813,1114
7300,41204315,230,98,109,0,39,164,247,244,49,178,191,218,1071,438,121,137,273,819,273,1181,1220,807,1021,9834,5612,6274,30,337,416,270,2863,1130
7400,41807141,235,99,111,0,40,169,257,251,49,182,197,221,1090,444,126,139,281,831,279,1207,1239,822,1039,9993,5716,6370,30,342,424,272,2928,1153
7500,42405648,241,99,111,0,40,171,262,257,49,184,197,222,1105,454,130,140,285,847,283,1225,1263,835,1054,10139,5800,6472,30,348,434,276,2992,1177
7600,43001595,242,104,113,0,40,173,267,260,49,188,198,225,1128,463,130,142,291,858,288,1245,1285,853,1075,10312,5892,6570,30,352,444,282,3032,1197
7700,43597176,247,105,115,0,41,177,271,265,50,188,203,227,1155,469,134,145,296,872,293,1265,1299,865,1089,10460,5983,6678,30,356,453,284,3073,1207
7800,44193529,248,108,116,0,41,177,274,272,51,190,205,231,1176,476,135,148,308,881,301,1283,1310,877,1108,10617,6075,6786,30,364,462,294,3111,1220
7900,44789392,250,109,117,0,41,178,277,276,51,193,207,235,1195,482,136,148,310,901,307,1298,1334,891,1124,10776,6170,6923,30,368,464,297,3159,1237
8000,45385102,254,109,117,0,44,178,281,279,51,193,210,239,1216,493,137,149,315,913,316,1315,1345,902,1141,10921,6263,7023,30,372,472,300,3199,1252
8100,45981915,254,110,121,1,44,179,283,282,53,200,214,242,1233,501,138,149,318,931,318,1327,1365,924,1155,11082,6347,7116,31,379,484,303,3257,1269
8200,46579364,259,111,121,1,45,181,288,288,53,202,219,248,1248,513,138,151,325,943,326,1347,1387,935,1173,11227,6428,7224,31,381,487,305,3309,1284
8300,47178903,259,112,122,1,47,183,291,293,54,202,222,255,1253,516,138,153,330,953,328,1362,1408,951,1183,11368,6513,7328,32,386,490,311,3365,1297
8400,47780983,261,114,123,1,47,183,291,296,55,204,224,259,1268,524,139,154,335,962,336,1382,1422,966,1201,11509,6612,7432,32,394,497,313,3419,1311
8500,48382978,267,116,124,1,47,184,293,299,55,204,230,262,1289,534,144,155,343,968,337,1406,1439,978,1220,11668,6703,7528,32,400,502,316,3462,1325
8600,48988634,270,116,125,1,47,189,298,306,55,205,233,264,1312,542,146,157,349,981,342,1425,1460,993,1242,11814,6797,7615,32,405,510,320,3523,1344
8700,49592622,274,119,125,1,47,192,303,309,57,207,235,267,1327,547,146,161,353,999,348,1438,1474,1008,1258,11987,6881,7728,33,414,516,321,3575,1363
8800,50198263,279,119,127,1,47,192,304,312,57,213,240,271,1346,552,147,163,361,1014,352,1457,1494,1023,1274,12118,6977,7826,34,420,523,324,3615,1375
8900,50805044,282,120,127,1,48,200,306,320,57,217,242,275,1361,563,151,164,363,1029,358,1468,1510,1037,1294,12296,7065,7927,34,424,527,327,3655,1389
9000,51411786,287,122,129,1,48,202,307,325,60,221,243,281,1382,573,152,167,366,1038,359,1493,1531,1050,1311,12436,7171,8023,35,427,531,332,3698,1408
9100,52018362,292,124,131,1,48,207,314,328,61,226,248,282,1396,583,154,169,374,1051,364,1514,1552,1064,1333,12598,7258,8129,36,435,539,333,3750,1422
9200,52621414,295,125,135,1,48,209,319,334,62,228,248,284,1412,591,158,169,379,1064,369,1525,1569,1081,1350,12777,7332,8233,36,443,549,336,3808,1441
9300,53224059,300,125,137,1,48,210,321,337,63,232,249,286,1431,598,158,170,381,1078,371,1549,1590,1101,1368,12940,7413,8334,36,448,554,338,3853,1460
9400,53830489,304,126,138,1,50,211,323,341,63,234,253,292,1445,609,160,171,390,1090,380,1565,1604,1114,1380,13108,7504,8440,36,449,560,344,3906,1487
9500,54435110,306,130,139,1,50,213,334,344,65,234,253,294,1459,623,161,173,392,1109,386,1583,1622,1126,1392,13278,7577,8541,36,455,566,349,3957,1508
9600,55037696,311,132,140,1,51,215,340,348,65,237,258,296,1472,636,163,176,395,1120,391,1604,1637,1138,1406,13463,7680,8644,36,459,572,354,3999,1523
9700,55639238,317,132,142,1,51,216,341,354,66,238,262,300,1492,643,166,183,405,1140,394,1630,1657,1154,1432,13629,7766,8765,36,467,581,359,4040,1544
9800,56239936,324,135,142,1,51,217,345,365,66,242,265,301,1513,653,166,186,409,1159,395,1651,1678,1167,1450,13766,7850,8869,36,473,587,361,4087,1569
9900,56838912,327,136,146,1,51,219,346,372,66,243,273,302,1525,655,168,187,418,1181,401,1665,1706,1179,1471,13890,7938,8974,36,478,594,363,4137,1583
10000,57440649,334,139,147,1,51,220,351,376,66,246,277,304,1550,666,172,189,422,1196,406,1678,1724,1193,1491,14059,8040,9064,37,480,606,365,4170,1603
10100,58041088,338,139,148,1,52,222,357,378,67,247,281,308,1565,675,173,192,429,1213,408,1695,1746,1209,1510,14218,8126,9178,38,488,613,368,4213,1618
10200,58641298,344,142,149,1,54,223,362,383,67,252,283,311,1579,682,173,193,432,1219,414,1708,1758,1227,1521,14358,8239,9305,38,498,621,370,4259,1630
10300,59240466,349,144,149,1,54,230,364,384,68,252,285,314,1597,687,176,196,437,1231,418,1719,1775,1242,1537,14517,8328,9398,38,507,630,374,4314,1651
10400,59839677,353,146,150,1,55,232,368,389,69,253,286,316,1615,695,178,199,439,1244,424,1733,1797,1255,1554,14677,8424,9489,38,509,641,377,4364,1676
10500,60437278,356,147,150,1,56,234,369,397,70,256,290,321,1629,703,178,200,442,1257,429,1753,1819,1267,1571,14843,8519,9594,38,513,647,383,4414,1695
10600,61038912,361,149,150,1,57,234,373,400,71,262,291,325,1641,713,181,203,445,1274,436,1770,1837,1283,1593,14984,8621,9700,40,515,657,389,4459,1725
10700,61638898,366,154,150,1,59,237,377,406,73,264,292,329,1664,722,184,204,448,1295,439,1785,1853,1296,1608,15147,8716,9796,40,521,664,392,4504,1738
10800,62239186,372,156,153,1,60,237,386,409,74,266,295,332,1689,733,185,208,451,1304,442,1804,1874,1307,1624,15304,8807,9896,40,527,673,397,4555,1757
10900,62839741,378,158,154,1,60,239,389,413,75,268,297,335,1704,739,186,209,456,1322,453,1824,1898,1323,1636,15454,8906,9999,41,535,678,404,4593,1776
11000,63440474,383,159,155,1,61,239,390,418,75,271,303,337,1717,748,187,213,461,1331,457,1845,1923,1338,1651,15618,8982,10108,41,539,685,408,4643,1791
11100,64040282,386,159,159,1,61,241,392,430,75,273,310,338,1734,753,190,215,462,1341,459,1857,1938,1359,1663,15775,9065,10208,43,540,690,411,4686,1811
11200,64644522,390,159,161,1,63,244,393,433,75,274,310,342,1747,755,192,216,465,1351,466,1873,1952,1372,1672,15917,9145,10311,44,549,694,419,4726,1828
11300,65248698,394,162,162,1,63,247,399,435,76,277,314,349,1764,767,193,220,467,1366,473,1890,1975,1388,1688,16085,9232,10411,45,555,705,424,4776,1847
11400,65850361,398,163,163,1,64,248,400,443,79,280,319,354,1779,774,197,221,471,1379,476,1912,1999,1401,1704,16237,9320,10526,45,563,712,429,4816,1866
11500,66452128,398,164,165,1,64,252,402,447,79,281,323,356,1798,783,199,227,482,1392,480,1932,2017,1413,1715,16417,9425,10631,46,571,719,431,4864,1883
11600,67053816,399,167,166,1,64,253,406,451,80,287,324,359,1818,791,202,229,488,1405,483,1952,2029,1427,1730,16574,9503,10737,46,573,728,436,4912,1902
11700,67656465,402,168,167,1,65,255,412,453,81,288,325,361,1836,799,203,233,493,1411,486,1967,2052,1439,1750,16719,9575,10854,46,579,738,440,4951,1919
11800,68259726,404,168,169,1,66,257,414,456,81,289,331,366,1856,807,205,237,497,1427,493,1992,2067,1457,1767,16863,9669,10983,46,587,740,440,5002,1940
11900,68862465,408,168,169,1,69,259,417,460,82,291,336,368,1873,817,209,238,503,1446,497,2003,2081,1474,1783,17022,9747,11083,48,588,747,443,5058,1964
12000,69465156,411,170,172,1,70,262,421,462,83,293,338,369,1890,826,211,240,506,1456,510,2014,2101,1482,1796,17169,9854,11197,48,593,757,450,5118,1980
12100,70067780,416,171,176,1,71,267,426,467,83,295,341,372,1903,832,212,240,510,1466,513,2033,2117,1500,1820,17341,9942,11292,48,602,762,454,5160,1995
12200,70670625,419,171,176,1,71,269,429,469,83,298,344,375,1920,838,218,240,511,1480,518,2060,2136,1511,1834,17472,10047,11399,48,612,770,457,5207,2013
12300,71273099,420,173,177,1,73,271,432,471,84,300,345,379,1935,841,222,242,515,1492,526,2082,2151,1526,1846,17635,10150,11518,48,616,776,463,5257,2039
12400,71875085,428,174,179,1,75,275,434,472,86,302,348,384,1949,853,225,245,520,1503,530,2106,2160,1538,1873,17795,10247,11619,48,621,783,464,5303,2056
12500,72476414,431,176,181,1,78,276,439,474,87,309,351,388,1966,863,230,247,526,1520,534,2125,2182,1551,1887,17934,10332,11729,48,623,789,467,5351,2076
12600,73077260,434,180,183,1,78,278,444,480,87,310,353,394,1984,869,233,250,527,1532,537,2142,2202,1561,1897,18104,10414,11837,48,628,792,476,5403,2097
12700,73679285,441,181,185,1,78,283,445,483,87,314,359,395,1998,877,235,250,531,1543,542,2161,2221,1570,1911,18261,10507,11918,48,635,796,481,5462,2112
12800,74281926,449,181,185,1,79,286,449,485,88,317,359,400,2020,889,235,252,540,1555,551,2178,2239,1588,1932,18406,10609,12024,48,639,801,483,5502,2128
12900,74883885,452,182,186,1,79,289,450,491,89,319,363,404,2044,898,236,258,542,1566,555,2196,2264,1601,1950,18574,10703,12125,48,647,811,489,5556,2149
13000,75485967,457,183,188,1,79,292,453,495,91,319,368,406,2062,906,237,264,547,1584,558,2216,2288,1614,1966,18758,10800,12219,48,651,817,494,5600,2168
13100,76086472,461,184,191,1,80,297,456,499,91,322,369,409,2078,912,242,266,550,1599,568,2238,2308,1623,1982,18936,10890,12317,48,654,823,499,5643,2179
13200,76685930,463,189,192,1,80,299,460,509,91,323,371,412,2100,918,242,267,558,1610,577,2255,2324,1633,1998,19123,10980,12429,50,664,828,503,5686,2195
13300,77286016,465,191,194,1,81,300,464,516,91,327,372,417,2108,927,245,268,565,1621,582,2274,2345,1646,2013,19288,11060,12532,50,668,832,508,5726,2206
13400,77888417,468,193,195,1,81,301,467,518,91,329,378,421,2128,932,246,269,570,1638,585,2284,2370,1656,2025,19447,11143,12620,51,673,842,512,5774,2221
13500,78492530,473,195,195,1,82,304,470,520,91,332,379,426,2146,940,247,271,579,1648,586,2303,2390,1668,2041,19598,11240,12715,53,676,850,515,5811,2232
13600,79098456,478,196,195,1,82,309,473,522,92,334,381,430,2156,947,250,274,584,1655,588,2324,2419,1675,2058,19739,11334,12820,53,683,859,517,5852,2253
13700,79703291,481,199,196,1,83,311,477,528,93,335,384,430,2171,954,252,278,585,1667,590,2343,2435,1699,2079,19903,11432,12913,53,687,867,523,5894,2269
13800,80308191,487,201,200,1,83,315,478,531,93,336,388,433,2186,964,255,282,590,1679,591,2359,2456,1723,2094,20046,11521,13015,53,688,872,529,5937,2289
13900,80915593,490,204,202,1,83,317,480,536,96,340,392,436,2196,969,259,285,594,1695,594,2377,2469,1733,2105,20217,11606,13123,53,692,880,532,5984,2311
14000,81522385,493,204,204,1,84,323,482,540,97,344,399,441,2209,974,260,288,600,1704,599,2396,2489,1745,2120,20373,11687,13225,53,700,884,535,6040,2326
14100,82131366,497,205,206,1,84,326,486,542,97,348,401,443,2227,981,261,288,603,1722,599,2409,2512,1762,2127,20529,11777,13316,53,705,887,538,6092,2344
14200,82737325,501,211,208,1,84,330,492,548,98,351,403,445,2243,984,262,290,610,1736,604,2433,2528,1774,2140,20686,11880,13416,54,711,897,540,6140,2366
14300,83343062,505,213,208,1,86,332,496,551,100,352,407,446,2257,988,265,291,618,1749,608,2457,2548,1795,2162,20852,11963,13528,54,712,906,544,6181,2381
14400,83948378,511,215,211,1,86,333,500,559,100,353,413,450,2276,996,267,292,621,1760,611,2475,2557,1802,2173,20983,12048,13635,54,715,913,547,6226,2403
14500,84555794,512,217,212,1,88,335,514,564,101,354,418,455,2294,1005,272,294,623,1770,611,2487,2575,1821,2183,21158,12152,13738,54,722,916,551,6274,2417
14600,85160171,515,219,213,1,88,337,516,569,101,356,422,456,2313,1018,272,295,631,1785,615,2505,2586,1832,2200,21314,12263,13833,54,725,922,555,6324,2430
14700,85767548,520,220,213,1,88,337,518,574,101,359,427,459,2332,1026,279,300,637,1802,620,2523,2598,1846,2214,21469,12344,13936,54,729,928,561,6373,2451
14800,86373799,526,221,215,1,88,339,518,579,102,360,429,462,2348,1033,279,303,640,1820,627,2558,2611,1858,2234,21638,12426,14039,54,732,936,567,6423,2477
14900,86977965,530,224,219,1,88,343,522,580,103,360,432,463,2361,1040,281,303,646,1828,635,2582,2634,1880,2250,21792,12535,14139,54,739,940,574,6460,2493
15000,87580229,535,225,221,1,89,345,523,587,105,364,434,464,2381,1050,284,307,651,1840,643,2600,2655,1899,2263,21954,12624,14240,54,746,951,576,6511,2507
15100,88185325,537,225,221,1,89,347,527,590,106,367,436,470,2402,1059,288,309,658,1848,647,2616,2676,1913,2273,22104,12712,14338,55,755,958,577,6567,2516
15200,88789320,540,225,222,1,92,350,529,593,108,370,438,470,2418,1069,290,310,661,1858,653,2633,2690,1927,2284,22274,12807,14438,55,760,970,580,6603,2532
15300,89396610,544,228,224,1,92,352,535,599,108,373,440,476,2432,1077,292,310,667,1874,659,2654,2706,1938,2305,22440,12875,14561,56,762,978,581,6642,2554
15400,90003719,548,230,224,2,92,356,536,603,109,376,441,483,2450,1082,295,312,670,1886,664,2680,2724,1955,2322,22592,12967,14674,56,765,985,584,6681,2576
15500,90608423,552,233,224,2,93,357,542,607,110,376,443,487,2475,1090,300,315,676,1896,670,2700,2741,1966,2340,22770,13066,14789,56,767,995,586,6737,2603
15600,91210725,560,235,226,2,93,357,546,610,111,380,451,491,2496,1097,301,318,680,1908,677,2713,2756,1983,2363,22922,13156,14895,56,769,1005,591,6778,2619
15700,91814873,564,236,229,2,94,360,550,613,111,383,456,495,2514,1102,304,321,687,1919,684,2734,2780,1993,2383,23076,13234,14997,57,774,1016,593,6823,2632
15800,92417842,567,236,231,2,94,361,556,614,112,384,459,495,2526,1111,310,321,690,1935,686,2749,2797,2008,2405,23234,13316,15095,58,779,1020,599,6866,2656
15900,93022796,574,240,232,2,94,364,560,617,113,387,466,501,2542,1115,312,321,691,1945,689,2763,2819,2019,2419,23384,13399,15188,58,782,1026,603,6919,2675
16000,93627297,577,244,235,2,94,365,563,619,115,389,469,503,2563,1119,314,326,692,1954,699,2781,2838,2029,2433,23562,13489,15300,58,787,1036,608,6961,2696
16100,94229420,580,244,236,2,94,368,566,622,115,395,474,509,2576,1127,316,327,698,1966,705,2802,2859,2043,2455,23721,13591,15420,58,789,1042,612,6997,2711
16200,94830126,587,244,238,2,94,369,573,629,115,397,478,511,2592,1135,317,328,702,1978,715,2816,2877,2061,2467,23902,13677,15525,59,796,1051,615,7045,2732
16300,95430512,591,246,238,2,94,372,578,633,115,397,478,516,2614,1140,320,331,708,1996,720,2836,2893,2075,2488,24050,13758,15613,59,802,1056,618,7089,2754
16400,96032184,596,249,239,2,95,374,582,638,116,397,478,521,2642,1146,324,335,714,2007,724,2857,2909,2094,2509,24219,13831,15710,59,807,1066,623,7131,2765
16500,96632221,601,253,241,2,96,377,582,640,117,400,484,528,2663,1154,325,336,719,2022,731,2869,2934,2110,2522,24385,13924,15820,60,813,1075,628,7171,2786
16600,97233754,602,254,241,2,98,378,588,646,118,405,486,532,2675,1162,329,339,724,2039,739,2887,2955,2121,2535,24524,14005,15920,61,815,1081,634,7214,2805
16700,97835909,604,255,242,2,99,380,593,649,118,408,489,536,2685,1168,331,342,732,2048,743,2909,2971,2141,2550,24699,14107,16021,62,818,1085,639,7270,2821
16800,98440609,610,257,242,2,99,383,599,651,119,411,489,538,2705,1175,332,342,738,2060,747,2930,2996,2151,2573,24847,14184,16124,62,823,1089,643,7309,2838
16900,99045451,616,261,243,2,99,385,604,654,119,415,490,539,2722,1180,333,345,741,2067,750,2954,3014,2168,2587,25004,14280,16203,63,827,1099,647,7350,2849
17000,99650825,618,264,244,2,100,390,611,662,120,418,494,540,2739,1187,336,348,747,2077,756,2979,3028,2180,2597,25174,14363,16310,64,833,1105,651,7392,2869
17100,100256758,618,266,245,2,102,396,615,667,121,422,497,544,2759,1191,336,349,748,2085,757,2992,3047,2196,2613,25306,14465,16420,64,838,1110,655,7435,2883
17200,100863686,624,267,247,2,102,401,622,673,121,423,499,547,2775,1196,338,351,753,2100,763,3007,3070,2206,2629,25466,14567,16536,64,846,1116,659,7478,2902
17300,101471751,627,268,249,2,102,405,623,677,123,426,501,550,2787,1203,339,353,756,2111,772,3023,3088,2218,2650,25642,14661,16633,65,851,1121,665,7527,2918
17400,102078194,636,268,251,2,104,410,627,681,123,427,505,552,2805,1213,341,357,763,2119,775,3038,3103,2230,2662,25813,14756,16729,65,854,1129,671,7574,2945
17500,102685974,639,268,253,2,105,412,635,688,124,432,507,555,2820,1219,342,358,767,2132,780,3055,3122,2238,2676,25984,14827,16831,65,858,1143,674,7614,2967
17600,103292241,640,268,257,2,105,415,636,691,124,435,508,559,2833,1228,342,364,770,2147,785,3078,3147,2248,2690,26154,14926,16932,65,863,1153,677,7662,2987
17700,103897879,641,273,258,2,105,418,640,698,124,439,512,562,2849,1239,346,368,775,2158,790,3098,3168,2256,2701,26324,15023,17031,65,866,1158,681,7702,3004
17800,104500156,643,273,261,2,107,419,642,704,126,441,515,569,2861,1250,348,369,779,2178,795,3111,3183,2270,2728,26484,15119,17139,65,871,1165,686,7743,3021
17900,105102599,644,275,261,2,107,420,649,706,127,443,517,574,2879,1260,351,371,785,2185,797,3124,3201,2281,2739,26651,15207,17248,66,873,1168,694,7784,3042
18000,105706030,648,278,263,2,108,424,649,710,127,448,521,575,2888,1269,352,371,785,2194,800,3144,3230,2292,2759,26833,15284,17363,67,879,1177,700,7831,3050
18100,106309548,654,278,265,2,109,424,653,712,127,450,526,578,2897,1276,357,376,790,2206,805,3170,3250,2308,2769,27002,15368,17480,67,887,1184,704,7865,3059
18200,106911345,664,280,267,2,110,425,656,717,128,452,533,579,2923,1281,357,380,792,2216,811,3186,3272,2317,2782,27138,15461,17577,68,894,1191,712,7921,3081
18300,107512847,668,281,270,2,110,428,657,720,129,453,536,582,2937,1285,360,382,795,2230,814,3205,3294,2335,2800,27309,15559,17683,68,898,1202,715,7975,3096
18400,108113619,673,284,272,2,111,432,664,724,129,457,537,587,2956,1288,360,383,797,2246,818,3219,3312,2351,2814,27469,15648,17791,69,904,1211,718,8022,3116
18500,108712823,678,286,273,2,111,437,668,729,129,460,541,588,2980,1294,363,383,802,2260,825,3235,3322,2359,2833,27622,15734,17900,69,908,1219,722,8072,3134
18600,109313067,681,287,275,2,112,440,673,731,131,465,544,593,2995,1301,367,385,809,2272,828,3250,3339,2369,2848,27767,15827,17998,70,910,1227,725,8127,3157
18700,109912901,683,290,277,2,113,440,675,737,133,468,548,595,3013,1307,369,387,813,2285,832,3270,3359,2388,2861,27931,15918,18091,71,917,1233,730,8165,3176
18800,110514584,686,290,279,2,114,442,679,742,134,468,553,597,3025,1312,371,389,818,2297,839,3280,3372,2400,2879,28085,16007,18177,72,920,1239,732,8212,3198
18900,111118251,688,291,280,2,114,447,684,749,134,469,556,600,3039,1316,374,392,822,2308,844,3299,3384,2414,2891,28262,16099,18278,72,925,1248,736,8255,3215
19000,111719929,691,291,280,2,114,450,687,754,136,471,558,608,3055,1326,375,397,825,2313,849,3320,3407,2429,2907,28433,16212,18375,72,928,1254,739,8303,3226
19100,112319512,694,295,280,2,114,451,694,757,137,474,559,609,3068,1336,376,397,831,2328,856,3340,3420,2441,2928,28597,16308,18474,72,931,1259,741,8354,3253
19200,112917446,698,298,283,2,114,453,699,766,138,477,562,613,3084,1341,379,401,831,2340,863,3356,3440,2460,2947,28749,16411,18562,72,939,1268,745,8402,3269
19300,113515443,701,298,285,2,114,454,700,773,138,480,568,619,3104,1346,382,404,838,2349,866,3369,3468,2469,2969,28907,16505,18661,72,942,1271,748,8445,3280
19400,114115589,707,303,286,2,114,459,700,775,139,484,571,622,3116,1353,383,406,843,2364,877,3387,3480,2480,2984,29065,16600,18760,72,944,1277,752,8491,3291
19500,114716903,710,306,288,2,114,463,704,782,139,486,572,624,3126,1358,383,410,846,2376,880,3410,3503,2491,2998,29227,16681,18861,73,948,1285,753,8541,3316
19600,115318744,713,308,288,2,116,464,708,787,139,491,576,627,3142,1368,385,411,849,2392,882,3429,3521,2503,3015,29399,16781,18947,73,954,1293,757,8602,3327
19700,115920651,719,314,291,2,117,466,710,789,140,493,580,634,3163,1374,388,411,854,2407,885,3443,3547,2517,3031,29549,16865,19058,73,962,1305,764,8641,3348
19800,116521583,722,316,291,2,118,471,713,798,140,496,582,638,3183,1381,391,416,859,2425,891,3462,3558,2533,3043,29697,16955,19174,75,963,1312,769,8672,3372
19900,117123842,723,319,291,2,119,474,717,802,140,497,589,639,3201,1386,395,420,863,2435,894,3476,3578,2551,3056,29871,17042,19275,75,969,1315,773,8711,3396
20000,117724742,727,320,292,2,119,476,722,808,142,500,589,645,3218,1391,396,424,867,2441,899,3500,3596,2565,3073,30019,17142,19380,75,972,1324,776,8763,3411
20100,118328084,731,322,292,2,119,478,724,815,142,503,591,649,3233,1398,399,424,871,2449,901,3514,3615,2581,3091,30175,17225,19493,75,976,1329,781,8818,3428
20200,118929086,735,325,292,2,119,481,728,821,143,505,595,656,3256,1401,399,427,874,2466,905,3528,3632,2595,3109,30329,17314,19601,75,982,1338,787,8860,3448
20300,119529799,737,325,295,2,119,481,730,828,144,508,596,659,3268,1404,401,432,880,2483,912,3546,3651,2608,3124,30478,17415,19694,75,991,1345,788,8911,3463
20400,120132863,743,327,296,2,119,485,735,833,146,508,600,661,3290,1415,401,433,884,2500,912,3555,3668,2617,3140,30628,17499,19806,75,994,1353,790,8952,3484
20500,120737481,749,329,297,2,119,486,738,837,146,511,600,667,3302,1422,403,437,886,2509,917,3572,3687,2631,3161,30771,17586,19901,75,998,1359,792,8994,3505
20600,121346268,754,329,298,2,119,489,742,845,146,515,605,670,3322,1429,405,438,888,2528,922,3584,3705,2647,3177,30923,17661,20016,75,1001,1369,796,9045,3527
20700,121953198,760,331,300,2,120,492,750,850,146,517,610,673,3339,1434,407,439,894,2537,926,3604,3724,2666,3201,31086,17751,20132,75,1004,1376,800,9093,3547
20800,122558636,765,333,302,2,122,497,754,854,149,519,613,678,3352,1440,409,440,899,2547,933,3620,3741,2676,3221,31257,17850,20235,76,1008,1381,802,9149,3562
20900,123162236,771,335,304,2,123,504,754,861,152,519,615,682,3364,1449,411,441,903,2567,939,3641,3761,2692,3239,31406,17939,20342,77,1009,1392,806,9202,3575
21000,123768141,776,338,307,2,124,506,757,862,153,522,617,682,3381,1455,411,443,913,2580,945,3658,3779,2709,3258,31582,18023,20444,77,1014,1394,810,9248,3591
21100,124374247,781,342,308,2,124,509,759,866,154,527,617,684,3391,1466,411,444,917,2594,951,3685,3795,2726,3281,31753,18108,20540,78,1020,1402,817,9309,3613
21200,124977562,787,343,310,2,124,514,761,868,155,529,619,689,3411,1471,412,446,920,2606,951,3703,3817,2734,3298,31915,18196,20655,79,1026,1407,825,9359,3640
21300,125581334,791,344,311,2,124,517,766,870,156,531,624,691,3428,1477,412,447,925,2616,956,3731,3840,2749,3310,32084,18285,20776,79,1030,1410,827,9402,3657
21400,126186238,797,345,311,2,124,521,770,877,156,532,627,693,3444,1482,413,450,928,2628,960,3742,3865,2762,3335,32234,18380,20871,79,1037,1418,833,9454,3668
21500,126791337,799,346,313,2,124,522,776,882,158,533,633,693,3463,1493,413,451,929,2646,962,3753,3883,2770,3360,32375,18481,20989,79,1047,1427,836,9513,3685
21600,127393797,804,349,314,2,124,524,783,883,161,539,636,693,3488,1497,413,452,934,2657,967,3769,3910,2781,3366,32546,18543,21095,79,1049,1435,839,9567,3703
21700,127997735,809,352,316,2,124,528,789,888,161,545,638,698,3500,1505,414,452,939,2671,972,3792,3932,2802,3377,32704,18635,21191,79,1053,1445,843,9604,3716
21800,128600729,813,355,321,2,126,531,792,891,163,547,643,703,3515,1511,416,453,943,2692,975,3812,3948,2814,3396,32856,18744,21283,80,1057,1451,845,9641,3732
21900,129203223,818,355,322,2,127,531,796,893,163,550,643,705,3533,1523,418,456,950,2700,980,3836,3962,2838,3412,33032,18828,21388,80,1065,1455,851,9686,3753
22000,129801480,818,357,324,2,128,534,801,899,164,550,646,709,3550,1535,421,459,953,2710,985,3845,3982,2861,3430,33167,18917,21486,80,1069,1466,856,9728,3772
22100,130401270,823,358,328,2,128,535,805,902,165,552,647,711,3569,1539,422,462,958,2723,991,3860,4000,2877,3449,33320,18994,21595,81,1077,1469,858,9772,3787
22200,131000520,825,358,331,2,128,540,811,905,165,553,649,714,3584,1544,426,463,961,2735,995,3872,4012,2894,3462,33464,19101,21699,81,1081,1477,861,9804,3804
22300,131601416,827,359,332,2,129,545,815,908,166,554,653,716,3603,1554,428,467,965,2754,1000,3887,4035,2908,3487,33613,19187,21794,81,1083,1486,864,9850,3823
22400,132202713,831,361,334,2,130,549,819,918,167,558,656,719,3622,1565,431,470,969,2767,1003,3907,4054,2921,3500,33763,19283,21911,82,1089,1491,866,9887,3840
22500,132802731,834,364,337,2,130,551,822,923,168,558,657,719,3642,1572,431,471,971,2788,1011,3926,4083,2932,3517,33917,19380,22032,84,1092,1499,868,9930,3855
22600,133400100,836,364,340,2,132,557,824,927,168,561,658,720,3662,1583,431,473,972,2798,1016,3947,4106,2940,3536,34074,19469,22127,84,1093,1507,874,9985,3871
22700,133999258,840,366,340,2,132,559,825,933,168,564,658,721,3681,1593,432,479,978,2809,1023,3961,4123,2958,3554,34213,19557,22231,84,1096,1512,874,10022,3895
22800,134601193,849,369,340,2,133,564,834,937,168,567,658,724,3694,1600,433,481,982,2821,1027,3976,4140,2971,3572,34375,19646,22326,84,1099,1519,877,10075,3916
22900,135201601,852,370,341,2,133,567,840,942,170,570,661,727,3712,1606,437,485,986,2833,1029,3991,4156,2982,3582,34527,19739,22431,84,1108,1524,883,10118,3938
23000,135801891,854,370,344,2,133,569,843,947,170,574,667,729,3730,1616,438,485,988,2841,1033,4007,4177,2994,3590,34688,19841,22520,84,1114,1529,888,10175,3959
23100,136405521,857,372,346,2,133,571,846,950,170,574,669,732,3749,1620,439,486,991,2856,1038,4022,4197,3000,3605,34835,19928,22629,85,1118,1534,892,10230,3976
23200,137008351,860,375,347,2,133,575,849,952,170,576,670,737,3766,1629,443,487,995,2863,1044,4038,4215,3018,3621,35007,20030,22747,86,1122,1542,896,10285,3988
23300,137611384,863,378,349,2,134,580,853,960,172,579,674,742,3786,1639,444,490,998,2871,1049,4050,4232,3035,3634,35164,20119,22839,86,1129,1547,901,10324,4003
23400,138216596,865,379,351,3,134,580,857,966,172,582,679,745,3802,1645,445,492,1001,2880,1053,4063,4250,3042,3654,35337,20207,22939,86,1133,1555,903,10373,4024
23500,138822204,867,381,353,3,135,584,862,970,172,584,682,750,3816,1651,449,495,1001,2892,1061,4087,4265,3054,3675,35492,20306,23038,86,1143,1562,908,10411,4047
23600,139427740,871,384,356,3,136,586,866,975,173,588,684,757,3832,1657,451,495,1009,2906,1063,4110,4278,3070,3692,35659,20389,23133,86,1147,1570,913,10452,4060
23700,140032810,874,390,358,3,136,587,870,980,174,589,688,761,3851,1667,452,495,1014,2919,1068,4125,4299,3077,3715,35815,20466,23249,89,1151,1577,920,10497,4082
23800,140635700,881,391,361,3,136,589,876,986,174,590,692,765,3864,1670,453,498,1017,2936,1072,4141,4322,3100,3736,35980,20559,23353,89,1153,1583,928,10550,4097
23900,141236663,885,392,361,3,136,591,882,991,175,593,695,769,3881,1678,456,498,1021,2948,1078,4160,4348,3111,3758,36151,20660,23451,89,1157,1593,928,10597,4112
24000,141839298,888,395,361,3,136,593,886,993,175,596,701,770,3899,1689,458,500,1024,2964,1086,4177,4365,3125,3780,36305,20753,23547,89,1163,1598,931,10637,4126
24100,142441518,893,397,362,3,137,596,891,999,176,599,709,771,3916,1696,461,503,1026,2981,1087,4198,4391,3138,3788,36446,20837,23670,89,1166,1605,938,10677,4144
24200,143044497,895,399,364,3,137,600,893,1007,176,602,710,779,3925,1706,462,505,1030,2990,1091,4215,4410,3148,3804,36602,20912,23749,89,1171,1611,942,10729,4156
24300,143649323,900,401,366,3,138,602,897,1010,177,605,714,783,3940,1710,465,506,1032,2996,1098,4236,4432,3161,3820,36758,21010,23856,89,1182,1614,944,10779,4169
24400,144252054,906,402,367,3,139,604,904,1015,177,607,717,786,3953,1719,468,511,1036,3005,1104,4249,4451,3177,3836,36921,21098,23957,91,1185,1623,951,10830,4187
24500,144855656,910,403,369,3,139,604,908,1018,178,610,718,788,3973,1727,468,512,1042,3019,1114,4266,4462,3189,3851,37068,21194,24082,93,1194,1629,951,10877,4204
24600,145461535,911,404,372,3,139,608,911,1023,178,614,720,794,3986,1730,471,514,1043,3031,1120,4287,4481,3202,3867,37228,21286,24174,94,1198,1632,953,10931,4232
24700,146065367,915,407,373,3,139,609,915,1028,178,615,723,799,4006,1736,473,515,1048,3042,1124,4314,4499,3218,3881,37392,21397,24275,95,1200,1639,953,10969,4248
24800,146667629,921,408,375,3,139,609,922,1033,181,619,725,802,4024,1744,476,516,1054,3055,1131,4337,4512,3230,3901,37566,21498,24388,96,1207,1640,956,11009,4271
24900,147268852,927,410,376,3,139,612,927,1034,181,622,726,807,4042,1755,481,517,1058,3068,1136,4352,4530,3241,3920,37729,21577,24498,96,1208,1648,957,11060,4296
25000,147866978,928,411,378,3,143,613,933,1039,182,627,726,810,4054,1764,483,522,1065,3079,1138,4372,4550,3265,3941,37919,21673,24610,97,1212,1652,962,11113,4310
25100,148465068,932,412,380,3,145,614,936,1043,183,632,731,814,4070,1772,486,525,1067,3094,1145,4400,4562,3277,3955,38077,21751,24729,97,1220,1658,964,11177,4325
25200,149063702,934,415,381,3,146,616,939,1047,184,642,732,819,4089,1783,490,526,1068,3109,1150,4418,4580,3289,3972,38235,21832,24828,97,1221,1665,967,11229,4339
25300,149663675,943,417,385,3,146,620,940,1050,184,644,736,823,4109,1790,494,527,1073,3120,1156,4432,4600,3305,3986,38395,21926,24938,97,1229,1671,969,11282,4356
25400,150263359,948,420,387,3,146,624,944,1054,184,648,739,825,4129,1794,498,528,1080,3128,1160,4447,4622,3320,3995,38551,22006,25053,97,1233,1681,975,11325,4370
25500,150865017,954,422,391,3,146,626,947,1054,184,650,743,828,4144,1801,501,531,1085,3135,1164,4476,4639,3332,4018,38715,22094,25156,97,1238,1687,978,11367,4384
25600,151466314,955,422,392,3,148,629,952,1058,185,650,749,828,4158,1809,503,535,1087,3144,1167,4494,4661,3351,4036,38850,22173,25266,99,1241,1697,982,11422,4396
25700,152066840,963,423,392,3,148,631,956,1062,187,653,750,831,4174,1820,504,535,1087,3152,1172,4513,4681,3364,4051,39005,22273,25350,99,1243,1706,984,11476,4418
25800,152668374,965,423,396,3,148,633,958,1063,187,657,755,833,4196,1830,509,540,1090,3166,1175,4535,4701,3376,4066,39184,22360,25451,99,1248,1714,987,11508,4436
25900,153269418,973,424,397,4,148,640,962,1069,187,663,755,836,4208,1834,510,543,1092,3177,1179,4555,4717,3391,4089,39334,22442,25555,99,1254,1722,992,11540,4453
26000,153872525,977,428,401,4,148,642,965,1072,187,669,757,841,4230,1843,514,544,1099,3181,1183,4572,4736,3407,4104,39493,22518,25648,99,1259,1727,996,11586,4467
26100,154473716,982,431,402,4,149,643,968,1074,187,669,763,843,4252,1856,517,546,1102,3192,1189,4588,4753,3420,4117,39643,22604,25758,99,1265,1732,999,11626,4485
26200,155073848,989,434,403,4,151,643,970,1078,188,670,769,846,4265,1867,518,549,1107,3207,1191,4615,4779,3436,4141,39801,22682,25883,100,1268,1734,1001,11681,4504
26300,155673518,994,434,405,4,151,645,970,1080,188,674,770,849,4276,1878,519,551,1110,3222,1195,4637,4802,3450,4155,39945,22761,25996,100,1274,1743,1003,11724,4523
26400,156274716,1000,437,405,5,153,650,974,1084,188,679,770,853,4298,1883,521,553,1112,3235,1199,4656,4826,3465,4165,40102,22850,26094,100,1278,1749,1007,11776,4541
26500,156877056,1005,441,405,5,153,653,976,1092,188,684,774,858,4316,1891,523,554,1118,3245,1202,4673,4850,3479,4174,40229,22937,26172,100,1283,1752,1010,11812,4557
26600,157481217,1011,441,405,5,153,655,979,1096,188,685,775,861,4336,1900,527,555,1125,3262,1206,4691,4869,3490,4185,40384,23016,26287,100,1287,1763,1011,11861,4572
26700,158085099,1017,442,405,5,153,658,984,1098,188,688,779,865,4354,1905,529,558,1133,3283,1211,4706,4895,3508,4198,40551,23115,26376,100,1288,1768,1015,11920,4582
26800,158687366,1023,443,407,5,156,659,993,1101,188,692,786,869,4365,1914,530,559,1138,3297,1213,4720,4911,3524,4213,40734,23212,26478,102,1296,1773,1017,11954,4596
26900,159289852,1029,443,409,5,156,662,998,1108,189,694,788,871,4385,1924,531,560,1141,3315,1216,4745,4932,3534,4230,40874,23303,26588,104,1300,1780,1022,11997,4616
27000,159892779,1034,443,410,6,157,664,1001,1110,189,696,789,876,4408,1931,533,560,1147,3323,1220,4764,4952,3550,4245,41031,23403,26701,104,1301,1788,1025,12036,4639
27100,160495792,1040,445,411,6,158,668,1004,1116,190,698,793,883,4424,1942,536,563,1150,3341,1223,4787,4963,3564,4260,41190,23477,26791,106,1305,1796,1033,12079,4659
27200,161098353,1043,447,414,6,159,671,1008,1121,190,702,795,885,4437,1950,538,564,1155,3355,1231,4807,4973,3574,4276,41357,23569,26880,108,1310,1806,1039,12121,4671
27300,161701869,1049,449,415,6,160,673,1013,1124,191,703,797,888,4456,1957,541,567,1165,3371,1236,4819,4998,3590,4289,41528,23666,26968,109,1311,1811,1043,12162,4687
27400,162304935,1053,451,417,6,161,674,1014,1125,191,711,801,897,4466,1961,543,569,1167,3386,1239,4835,5026,3600,4306,41704,23768,27073,111,1318,1818,1047,12200,4702
27500,162907392,1057,453,418,6,161,674,1016,1132,193,712,803,901,4488,1969,545,574,1174,3395,1243,4851,5045,3614,4317,41882,23870,27181,112,1322,1824,1054,12234,4724
27600,163509199,1061,454,421,6,161,677,1018,1138,195,715,805,906,4504,1978,546,578,1177,3409,1252,4871,5059,3628,4335,42059,23957,27284,114,1326,1828,1059,12278,4739
27700,164109925,1068,456,422,6,161,678,1021,1144,196,719,809,909,4516,1990,549,580,1181,3426,1256,4890,5077,3638,4352,42196,24056,27381,114,1333,1831,1066,12321,4760
27800,164713086,1071,458,422,6,161,679,1023,1148,196,723,813,912,4525,1993,551,584,1188,3442,1262,4914,5098,3649,4368,42341,24166,27479,114,1341,1834,1068,12369,4774
27900,165315599,1077,460,423,6,162,680,1026,1151,196,726,816,913,4544,2002,555,586,1192,3459,1270,4935,5121,3668,4380,42495,24268,27576,114,1348,1842,1073,12414,4795
28000,165919852,1079,463,423,6,162,685,1028,1157,196,728,816,915,4556,2009,558,590,1198,3479,1274,4948,5140,3676,4395,42633,24351,27678,115,1352,1850,1078,12453,4813
28100,166525280,1081,463,425,6,164,686,1029,1161,197,728,817,919,4575,2019,561,592,1201,3488,1280,4961,5159,3692,4416,42797,24436,27767,115,1356,1858,1082,12505,4836
28200,167131188,1086,463,426,6,164,689,1035,1166,197,731,822,920,4589,2023,563,595,1202,3503,1286,4984,5180,3705,4430,42977,24532,27874,115,1363,1863,1088,12554,4856
28300,167735006,1090,465,427,6,164,690,1038,1169,197,733,824,924,4603,2031,567,597,1202,3523,1291,4999,5198,3719,4448,43126,24619,27970,117,1371,1872,1094,12608,4872
28400,168339633,1093,466,428,6,164,696,1039,1175,197,735,828,928,4629,2035,572,598,1204,3534,1297,5021,5219,3728,4467,43279,24700,28080,117,1377,1876,1098,12647,4880
28500,168947219,1095,468,430,6,164,699,1041,1180,198,739,833,930,4644,2050,574,601,1210,3549,1309,5035,5239,3744,4484,43432,24780,28169,117,1382,1887,1100,12693,4901
28600,169553799,1096,472,430,6,164,699,1043,1183,202,742,837,934,4661,2055,577,605,1212,3560,1313,5058,5254,3756,4498,43605,24868,28272,117,1386,1892,1104,12744,4919
28700,170159197,1098,474,432,6,166,703,1051,1187,202,744,843,937,4678,2070,580,607,1218,3572,1319,5078,5276,3775,4507,43755,24948,28377,118,1390,1898,1107,12786,4936
28800,170764740,1103,475,433,6,167,706,1053,1194,203,745,848,938,4698,2081,583,608,1225,3584,1322,5101,5296,3786,4524,43908,25028,28477,119,1395,1903,1110,12842,4952
28900,171368735,1108,476,435,6,167,707,1055,1197,204,748,849,941,4717,2087,584,610,1228,3603,1326,5123,5318,3801,4538,44073,25125,28579,119,1401,1905,1115,12888,4969
29000,171973796,1114,479,437,6,169,709,1059,1204,204,749,851,942,4736,2094,586,614,1239,3618,1332,5147,5333,3811,4560,44222,25201,28700,121,1406,1909,1119,12935,4991
29100,172578984,1116,482,441,6,170,710,1064,1208,204,751,853,944,4751,2105,587,615,1239,3629,1337,5166,5350,3826,4575,44386,25283,28806,121,1414,1914,1122,12987,5009
29200,173183678,1121,483,442,6,170,714,1068,1212,206,751,855,949,4769,2108,587,615,1245,3641,1344,5185,5368,3843,4593,44529,25372,28936,121,1421,1922,1127,13034,5019
29300,173787359,1126,483,443,6,170,716,1072,1222,206,756,857,953,4784,2112,590,616,1249,3658,1352,5202,5393,3862,4608,44693,25468,29041,121,1428,1931,1134,13077,5035
29400,174391295,1127,485,446,6,171,716,1080,1226,206,759,859,957,4802,2116,593,618,1255,3676,1359,5224,5409,3876,4623,44856,25563,29138,121,1436,1937,1137,13121,5051
29500,174994840,1129,485,447,6,171,718,1084,1229,207,760,862,959,4816,2123,595,623,1260,3691,1366,5244,5436,3889,4643,45007,25658,29240,121,1442,1948,1140,13173,5072
29600,175598827,1131,487,447,6,173,720,1088,1234,207,762,865,959,4833,2132,601,626,1265,3699,1369,5256,5454,3907,4655,45167,25757,29343,121,1448,1957,1146,13211,5084
29700,176201833,1135,490,447,6,173,720,1088,1236,207,764,876,962,4844,2138,603,626,1275,3714,1373,5275,5472,3925,4673,45321,25864,29431,121,1452,1958,1148,13260,5094
29800,176805962,1136,491,448,6,174,724,1093,1239,207,770,879,968,4856,2146,605,631,1285,3725,1379,5300,5489,3941,4689,45467,25952,29526,121,1459,1964,1153,13297,5110
29900,177410832,1139,494,448,6,174,724,1097,1242,208,773,882,971,4875,2152,607,633,1289,3736,1382,5318,5507,3955,4703,45650,26051,29643,121,1466,1969,1158,13343,5124
30000,178016856,1142,494,449,6,174,725,1102,1246,208,773,884,975,4898,2159,608,639,1292,3751,1387,5334,5530,3966,4719,45801,26145,29727,122,1473,1974,1159,13382,5145
