t , Ki , Mi , Ni , Vxi , Vyi , Vzi , Txi , Tyi , Tzi
0 , 116.071 , 0.0386904 , 3e+21 , 3.55874 , 1.89587 , 4.09337 , 0.0259693 , 0.0255133 , 0.0258887
3.55454e-08 , 116.071 , 0.0386904 , 3e+21 , 3.55874 , 1.89587 , 4.09337 , 0.0259693 , 0.0255133 , 0.0258887
7.10907e-08 , 116.071 , 0.0386904 , 3e+21 , 3.55874 , 1.89587 , 4.09337 , 0.0259693 , 0.0255133 , 0.0258887
1.06636e-07 , 116.071 , 0.0386904 , 3e+21 , 3.55874 , 1.89587 , 4.09337 , 0.0259693 , 0.0255133 , 0.0258887
1.42181e-07 , 116.071 , 0.0386904 , 3e+21 , 3.55874 , 1.89587 , 4.09337 , 0.0259693 , 0.0255133 , 0.0258887
1.77727e-07 , 116.071 , 0.0386904 , 3e+21 , 3.55874 , 1.89587 , 4.09337 , 0.0259693 , 0.0255133 , 0.0258887
2.13272e-07 , 116.071 , 0.0386904 , 3e+21 , 3.55874 , 1.89587 , 4.09337 , 0.0259693 , 0.0255133 , 0.0258887
2.48818e-07 , 116.071 , 0.0386904 , 3e+21 , 3.55874 , 1.89587 , 4.09337 , 0.0259693 , 0.0255133 , 0.0258887
2.84363e-07 , 116.071 , 0.0386904 , 3e+21 , 3.55874 , 1.89587 , 4.09337 , 0.0259693 , 0.0255133 , 0.0258887
3.19908e-07 , 116.071 , 0.0386904 , 3e+21 , 3.55874 , 1.89587 , 4.09337 , 0.0259693 , 0.0255133 , 0.0258887
3.55454e-07 , 116.071 , 0.0386904 , 3e+21 , 3.55874 , 1.89587 , 4.09337 , 0.0259693 , 0.0255133 , 0.0258887
3.90999e-07 , 116.071 , 0.0386904 , 3e+21 , 3.55874 , 1.89587 , 4.09337 , 0.0259693 , 0.0255133 , 0.0258887
4.26544e-07 , 116.071 , 0.0386904 , 3e+21 , 3.55874 , 1.89587 , 4.09337 , 0.0259693 , 0.0255133 , 0.0258887
4.6209e-07 , 116.071 , 0.0386904 , 3e+21 , 3.55874 , 1.89587 , 4.09337 , 0.0259693 , 0.0255133 , 0.0258887
4.97635e-07 , 116.071 , 0.0386904 , 3e+21 , 3.55874 , 1.89587 , 4.09337 , 0.0259693 , 0.0255133 , 0.0258887
5.33181e-07 , 116.071 , 0.0386904 , 3e+21 , 3.55874 , 1.89587 , 4.09337 , 0.0259693 , 0.0255133 , 0.0258887
5.68726e-07 , 116.071 , 0.0386904 , 3e+21 , 3.55874 , 1.89587 , 4.09337 , 0.0259693 , 0.0255133 , 0.0258887
6.04271e-07 , 116.071 , 0.0386904 , 3e+21 , 3.55874 , 1.89587 , 4.09337 , 0.0259693 , 0.0255133 , 0.0258887
6.39817e-07 , 116.071 , 0.0386904 , 3e+21 , 3.55874 , 1.89587 , 4.09337 , 0.0259693 , 0.0255133 , 0.0258887
6.75362e-07 , 116.071 , 0.0386904 , 3e+21 , 3.55874 , 1.89587 , 4.09337 , 0.0259693 , 0.0255133 , 0.0258887
7.10907e-07 , 116.071 , 0.0386904 , 3e+21 , 3.55874 , 1.89587 , 4.09337 , 0.0259693 , 0.0255133 , 0.0258887
7.46453e-07 , 116.071 , 0.0386904 , 3e+21 , 3.55874 , 1.89587 , 4.09337 , 0.0259693 , 0.0255133 , 0.0258887
7.81998e-07 , 116.071 , 0.0386904 , 3e+21 , 3.55874 , 1.89587 , 4.09337 , 0.0259693 , 0.0255133 , 0.0258887
8.17544e-07 , 116.071 , 0.0386904 , 3e+21 , 3.55874 , 1.89587 , 4.09337 , 0.0259693 , 0.0255133 , 0.0258887
8.53089e-07 , 116.071 , 0.0386904 , 3e+21 , 3.55874 , 1.89587 , 4.09337 , 0.0259693 , 0.0255133 , 0.0258887
8.88634e-07 , 116.071 , 0.0386904 , 3e+21 , 3.55874 , 1.89587 , 4.09337 , 0.0259693 , 0.0255133 , 0.0258887
9.2418e-07 , 116.071 , 0.0386904 , 3e+21 , 3.55874 , 1.89587 , 4.09337 , 0.0259693 , 0.0255133 , 0.0258887
9.59725e-07 , 116.071 , 0.0386904 , 3e+21 , 3.55874 , 1.89587 , 4.09337 , 0.0259693 , 0.0255133 , 0.0258887
9.9527e-07 , 116.071 , 0.0386904 , 3e+21 , 3.55874 , 1.89587 , 4.09337 , 0.0259693 , 0.0255133 , 0.0258887
1.03082e-06 , 116.071 , 0.0386904 , 3e+21 , 3.55874 , 1.89587 , 4.09337 , 0.0259693 , 0.0255133 , 0.0258887
1.06636e-06 , 116.071 , 0.0386904 , 3e+21 , 3.55874 , 1.89587 , 4.09337 , 0.0259693 , 0.0255133 , 0.0258887
1.10191e-06 , 116.071 , 0.0386904 , 3e+21 , 3.55874 , 1.89587 , 4.09337 , 0.0259693 , 0.0255133 , 0.0258887
1.13745e-06 , 116.071 , 0.0386904 , 3e+21 , 3.55874 , 1.89587 , 4.09337 , 0.0259693 , 0.0255133 , 0.0258887
1.173e-06 , 116.071 , 0.0386904 , 3e+21 , 3.55874 , 1.89587 , 4.09337 , 0.0259693 , 0.0255133 , 0.0258887
1.20854e-06 , 116.071 , 0.0386904 , 3e+21 , 3.55874 , 1.89587 , 4.09337 , 0.0259693 , 0.0255133 , 0.0258887
1.24409e-06 , 116.071 , 0.0386904 , 3e+21 , 3.55874 , 1.89587 , 4.09337 , 0.0259693 , 0.0255133 , 0.0258887
1.27963e-06 , 116.071 , 0.0386904 , 3e+21 , 3.55874 , 1.89587 , 4.09337 , 0.0259693 , 0.0255133 , 0.0258887
1.31518e-06 , 116.071 , 0.0386904 , 3e+21 , 3.55874 , 1.89587 , 4.09337 , 0.0259693 , 0.0255133 , 0.0258887
1.35072e-06 , 116.071 , 0.0386904 , 3e+21 , 3.55874 , 1.89587 , 4.09337 , 0.0259693 , 0.0255133 , 0.0258887
1.38627e-06 , 116.071 , 0.0386904 , 3e+21 , 3.55874 , 1.89587 , 4.09337 , 0.0259693 , 0.0255133 , 0.0258887
1.42181e-06 , 116.071 , 0.0386904 , 3e+21 , 3.55874 , 1.89587 , 4.09337 , 0.0259693 , 0.0255133 , 0.0258887
1.45736e-06 , 116.071 , 0.0386904 , 3e+21 , 3.55874 , 1.89587 , 4.09337 , 0.0259693 , 0.0255133 , 0.0258887
1.49291e-06 , 116.071 , 0.0386904 , 3e+21 , 3.55874 , 1.89587 , 4.09337 , 0.0259693 , 0.0255133 , 0.0258887
1.52845e-06 , 116.071 , 0.0386904 , 3e+21 , 3.55874 , 1.89587 , 4.09337 , 0.0259693 , 0.0255133 , 0.0258887
1.564e-06 , 116.071 , 0.0386904 , 3e+21 , 3.55874 , 1.89587 , 4.09337 , 0.0259693 , 0.0255133 , 0.0258887
1.59954e-06 , 116.071 , 0.0386904 , 3e+21 , 3.55874 , 1.89587 , 4.09337 , 0.0259693 , 0.0255133 , 0.0258887
1.63509e-06 , 116.071 , 0.0386904 , 3e+21 , 3.55874 , 1.89587 , 4.09337 , 0.0259693 , 0.0255133 , 0.0258887
1.67063e-06 , 116.071 , 0.0386904 , 3e+21 , 3.55874 , 1.89587 , 4.09337 , 0.0259693 , 0.0255133 , 0.0258887
1.70618e-06 , 116.071 , 0.0386904 , 3e+21 , 3.55874 , 1.89587 , 4.09337 , 0.0259693 , 0.0255133 , 0.0258887
1.74172e-06 , 116.071 , 0.0386904 , 3e+21 , 3.55874 , 1.89587 , 4.09337 , 0.0259693 , 0.0255133 , 0.0258887
1.77727e-06 , 116.071 , 0.0386904 , 3e+21 , 3.55874 , 1.89587 , 4.09337 , 0.0259693 , 0.0255133 , 0.0258887
1.81281e-06 , 116.071 , 0.0386904 , 3e+21 , 3.55874 , 1.89587 , 4.09337 , 0.0259693 , 0.0255133 , 0.0258887
1.84836e-06 , 116.071 , 0.0386904 , 3e+21 , 3.55874 , 1.89587 , 4.09337 , 0.0259693 , 0.0255133 , 0.0258887
1.8839e-06 , 116.071 , 0.0386904 , 3e+21 , 3.55874 , 1.89587 , 4.09337 , 0.0259693 , 0.0255133 , 0.0258887
1.91945e-06 , 116.071 , 0.0386904 , 3e+21 , 3.55874 , 1.89587 , 4.09337 , 0.0259693 , 0.0255133 , 0.0258887
1.955e-06 , 116.071 , 0.0386904 , 3e+21 , 3.55874 , 1.89587 , 4.09337 , 0.0259693 , 0.0255133 , 0.0258887
1.99054e-06 , 116.071 , 0.0386904 , 3e+21 , 3.55874 , 1.89587 , 4.09337 , 0.0259693 , 0.0255133 , 0.0258887
2.02609e-06 , 116.071 , 0.0386904 , 3e+21 , 3.55874 , 1.89587 , 4.09337 , 0.0259693 , 0.0255133 , 0.0258887
2.06163e-06 , 116.071 , 0.0386904 , 3e+21 , 3.55874 , 1.89587 , 4.09337 , 0.0259693 , 0.0255133 , 0.0258887
2.09718e-06 , 116.071 , 0.0386904 , 3e+21 , 3.55874 , 1.89587 , 4.09337 , 0.0259693 , 0.0255133 , 0.0258887
2.13272e-06 , 116.071 , 0.0386904 , 3e+21 , 3.55874 , 1.89587 , 4.09337 , 0.0259693 , 0.0255133 , 0.0258887
2.16827e-06 , 116.071 , 0.0386904 , 3e+21 , 3.55874 , 1.89587 , 4.09337 , 0.0259693 , 0.0255133 , 0.0258887
2.20381e-06 , 116.071 , 0.0386904 , 3e+21 , 3.55874 , 1.89587 , 4.09337 , 0.0259693 , 0.0255133 , 0.0258887
2.23936e-06 , 116.071 , 0.0386904 , 3e+21 , 3.55874 , 1.89587 , 4.09337 , 0.0259693 , 0.0255133 , 0.0258887
2.2749e-06 , 116.071 , 0.0386904 , 3e+21 , 3.55874 , 1.89587 , 4.09337 , 0.0259693 , 0.0255133 , 0.0258887
2.31045e-06 , 116.071 , 0.0386904 , 3e+21 , 3.55874 , 1.89587 , 4.09337 , 0.0259693 , 0.0255133 , 0.0258887
2.34599e-06 , 116.071 , 0.0386904 , 3e+21 , 3.55874 , 1.89587 , 4.09337 , 0.0259693 , 0.0255133 , 0.0258887
2.38154e-06 , 116.071 , 0.0386904 , 3e+21 , 3.55874 , 1.89587 , 4.09337 , 0.0259693 , 0.0255133 , 0.0258887
2.41709e-06 , 116.071 , 0.0386904 , 3e+21 , 3.55874 , 1.89587 , 4.09337 , 0.0259693 , 0.0255133 , 0.0258887
2.45263e-06 , 116.071 , 0.0386904 , 3e+21 , 3.55874 , 1.89587 , 4.09337 , 0.0259693 , 0.0255133 , 0.0258887
2.48818e-06 , 116.071 , 0.0386904 , 3e+21 , 3.55874 , 1.89587 , 4.09337 , 0.0259693 , 0.0255133 , 0.0258887
2.52372e-06 , 116.071 , 0.0386904 , 3e+21 , 3.55874 , 1.89587 , 4.09337 , 0.0259693 , 0.0255133 , 0.0258887
2.55927e-06 , 116.071 , 0.0386904 , 3e+21 , 3.55874 , 1.89587 , 4.09337 , 0.0259693 , 0.0255133 , 0.0258887
2.59481e-06 , 116.071 , 0.0386904 , 3e+21 , 3.55874 , 1.89587 , 4.09337 , 0.0259693 , 0.0255133 , 0.0258887
2.63036e-06 , 116.071 , 0.0386904 , 3e+21 , 3.55874 , 1.89587 , 4.09337 , 0.0259693 , 0.0255133 , 0.0258887
2.6659e-06 , 116.071 , 0.0386904 , 3e+21 , 3.55874 , 1.89587 , 4.09337 , 0.0259693 , 0.0255133 , 0.0258887
2.70145e-06 , 116.071 , 0.0386904 , 3e+21 , 3.55874 , 1.89587 , 4.09337 , 0.0259693 , 0.0255133 , 0.0258887
2.73699e-06 , 116.071 , 0.0386904 , 3e+21 , 3.55874 , 1.89587 , 4.09337 , 0.0259693 , 0.0255133 , 0.0258887
2.77254e-06 , 116.071 , 0.0386904 , 3e+21 , 3.55874 , 1.89587 , 4.09337 , 0.0259693 , 0.0255133 , 0.0258887
2.80808e-06 , 116.071 , 0.0386904 , 3e+21 , 3.55874 , 1.89587 , 4.09337 , 0.0259693 , 0.0255133 , 0.0258887
2.84363e-06 , 116.071 , 0.0386904 , 3e+21 , 3.55874 , 1.89587 , 4.09337 , 0.0259693 , 0.0255133 , 0.0258887
2.87918e-06 , 116.071 , 0.0386904 , 3e+21 , 3.55874 , 1.89587 , 4.09337 , 0.0259693 , 0.0255133 , 0.0258887
2.91472e-06 , 116.071 , 0.0386904 , 3e+21 , 3.55874 , 1.89587 , 4.09337 , 0.0259693 , 0.0255133 , 0.0258887
2.95027e-06 , 116.071 , 0.0386904 , 3e+21 , 3.55874 , 1.89587 , 4.09337 , 0.0259693 , 0.0255133 , 0.0258887
2.98581e-06 , 116.071 , 0.0386904 , 3e+21 , 3.55874 , 1.89587 , 4.09337 , 0.0259693 , 0.0255133 , 0.0258887
3.02136e-06 , 116.071 , 0.0386904 , 3e+21 , 3.55874 , 1.89587 , 4.09337 , 0.0259693 , 0.0255133 , 0.0258887
3.0569e-06 , 116.071 , 0.0386904 , 3e+21 , 3.55874 , 1.89587 , 4.09337 , 0.0259693 , 0.0255133 , 0.0258887
3.09245e-06 , 116.071 , 0.0386904 , 3e+21 , 3.55874 , 1.89587 , 4.09337 , 0.0259693 , 0.0255133 , 0.0258887
3.12799e-06 , 116.071 , 0.0386904 , 3e+21 , 3.55874 , 1.89587 , 4.09337 , 0.0259693 , 0.0255133 , 0.0258887
3.16354e-06 , 116.071 , 0.0386904 , 3e+21 , 3.55874 , 1.89587 , 4.09337 , 0.0259693 , 0.0255133 , 0.0258887
3.19908e-06 , 116.071 , 0.0386904 , 3e+21 , 3.55874 , 1.89587 , 4.09337 , 0.0259693 , 0.0255133 , 0.0258887
3.23463e-06 , 116.071 , 0.0386904 , 3e+21 , 3.55874 , 1.89587 , 4.09337 , 0.0259693 , 0.0255133 , 0.0258887
3.27017e-06 , 116.071 , 0.0386904 , 3e+21 , 3.55874 , 1.89587 , 4.09337 , 0.0259693 , 0.0255133 , 0.0258887
3.30572e-06 , 116.071 , 0.0386904 , 3e+21 , 3.55874 , 1.89587 , 4.09337 , 0.0259693 , 0.0255133 , 0.0258887
3.34126e-06 , 116.071 , 0.0386904 , 3e+21 , 3.55874 , 1.89587 , 4.09337 , 0.0259693 , 0.0255133 , 0.0258887
3.37681e-06 , 116.071 , 0.0386904 , 3e+21 , 3.55874 , 1.89587 , 4.09337 , 0.0259693 , 0.0255133 , 0.0258887
3.41236e-06 , 116.071 , 0.0386904 , 3e+21 , 3.55874 , 1.89587 , 4.09337 , 0.0259693 , 0.0255133 , 0.0258887
3.4479e-06 , 116.071 , 0.0386904 , 3e+21 , 3.55874 , 1.89587 , 4.09337 , 0.0259693 , 0.0255133 , 0.0258887
3.48345e-06 , 116.071 , 0.0386904 , 3e+21 , 3.55874 , 1.89587 , 4.09337 , 0.0259693 , 0.0255133 , 0.0258887
3.51899e-06 , 116.071 , 0.0386904 , 3e+21 , 3.55874 , 1.89587 , 4.09337 , 0.0259693 , 0.0255133 , 0.0258887
3.55454e-06 , 116.071 , 0.0386904 , 3e+21 , 3.55874 , 1.89587 , 4.09337 , 0.0259693 , 0.0255133 , 0.0258887
3.59008e-06 , 116.071 , 0.0386904 , 3e+21 , 3.55874 , 1.89587 , 4.09337 , 0.0259693 , 0.0255133 , 0.0258887
3.62563e-06 , 116.071 , 0.0386904 , 3e+21 , 3.55874 , 1.89587 , 4.09337 , 0.0259693 , 0.0255133 , 0.0258887
3.66117e-06 , 116.071 , 0.0386904 , 3e+21 , 3.55874 , 1.89587 , 4.09337 , 0.0259693 , 0.0255133 , 0.0258887
3.69672e-06 , 116.071 , 0.0386904 , 3e+21 , 3.55874 , 1.89587 , 4.09337 , 0.0259693 , 0.0255133 , 0.0258887
3.73226e-06 , 116.071 , 0.0386904 , 3e+21 , 3.55874 , 1.89587 , 4.09337 , 0.0259693 , 0.0255133 , 0.0258887
3.76781e-06 , 116.071 , 0.0386904 , 3e+21 , 3.55874 , 1.89587 , 4.09337 , 0.0259693 , 0.0255133 , 0.0258887
3.80335e-06 , 116.071 , 0.0386904 , 3e+21 , 3.55874 , 1.89587 , 4.09337 , 0.0259693 , 0.0255133 , 0.0258887
3.8389e-06 , 116.071 , 0.0386904 , 3e+21 , 3.55874 , 1.89587 , 4.09337 , 0.0259693 , 0.0255133 , 0.0258887
3.87445e-06 , 116.071 , 0.0386904 , 3e+21 , 3.55874 , 1.89587 , 4.09337 , 0.0259693 , 0.0255133 , 0.0258887
3.90999e-06 , 116.071 , 0.0386904 , 3e+21 , 3.55874 , 1.89587 , 4.09337 , 0.0259693 , 0.0255133 , 0.0258887
3.94554e-06 , 116.071 , 0.0386904 , 3e+21 , 3.55874 , 1.89587 , 4.09337 , 0.0259693 , 0.0255133 , 0.0258887
3.98108e-06 , 116.071 , 0.0386904 , 3e+21 , 3.55874 , 1.89587 , 4.09337 , 0.0259693 , 0.0255133 , 0.0258887
4.01663e-06 , 116.071 , 0.0386904 , 3e+21 , 3.55874 , 1.89587 , 4.09337 , 0.0259693 , 0.0255133 , 0.0258887
4.05217e-06 , 116.071 , 0.0386904 , 3e+21 , 3.55874 , 1.89587 , 4.09337 , 0.0259693 , 0.0255133 , 0.0258887
4.08772e-06 , 116.071 , 0.0386904 , 3e+21 , 3.55874 , 1.89587 , 4.09337 , 0.0259693 , 0.0255133 , 0.0258887
4.12326e-06 , 116.071 , 0.0386904 , 3e+21 , 3.55874 , 1.89587 , 4.09337 , 0.0259693 , 0.0255133 , 0.0258887
4.15881e-06 , 116.071 , 0.0386904 , 3e+21 , 3.55874 , 1.89587 , 4.09337 , 0.0259693 , 0.0255133 , 0.0258887
4.19435e-06 , 116.071 , 0.0386904 , 3e+21 , 3.55874 , 1.89587 , 4.09337 , 0.0259693 , 0.0255133 , 0.0258887
4.2299e-06 , 116.071 , 0.0386904 , 3e+21 , 3.55874 , 1.89587 , 4.09337 , 0.0259693 , 0.0255133 , 0.0258887
4.26544e-06 , 116.071 , 0.0386904 , 3e+21 , 3.55874 , 1.89587 , 4.09337 , 0.0259693 , 0.0255133 , 0.0258887
4.30099e-06 , 116.071 , 0.0386904 , 3e+21 , 3.55874 , 1.89587 , 4.09337 , 0.0259693 , 0.0255133 , 0.0258887
4.33654e-06 , 116.071 , 0.0386904 , 3e+21 , 3.55874 , 1.89587 , 4.09337 , 0.0259693 , 0.0255133 , 0.0258887
4.37208e-06 , 116.071 , 0.0386904 , 3e+21 , 3.55874 , 1.89587 , 4.09337 , 0.0259693 , 0.0255133 , 0.0258887
4.40763e-06 , 116.071 , 0.0386904 , 3e+21 , 3.55874 , 1.89587 , 4.09337 , 0.0259693 , 0.0255133 , 0.0258887
4.44317e-06 , 116.071 , 0.0386904 , 3e+21 , 3.55874 , 1.89587 , 4.09337 , 0.0259693 , 0.0255133 , 0.0258887
4.47872e-06 , 116.071 , 0.0386904 , 3e+21 , 3.55874 , 1.89587 , 4.09337 , 0.0259693 , 0.0255133 , 0.0258887
4.51426e-06 , 116.071 , 0.0386904 , 3e+21 , 3.55874 , 1.89587 , 4.09337 , 0.0259693 , 0.0255133 , 0.0258887
4.54981e-06 , 116.071 , 0.0386904 , 3e+21 , 3.55874 , 1.89587 , 4.09337 , 0.0259693 , 0.0255133 , 0.0258887
4.58535e-06 , 116.071 , 0.0386904 , 3e+21 , 3.55874 , 1.89587 , 4.09337 , 0.0259693 , 0.0255133 , 0.0258887
4.6209e-06 , 116.071 , 0.0386904 , 3e+21 , 3.55874 , 1.89587 , 4.09337 , 0.0259693 , 0.0255133 , 0.0258887
4.65644e-06 , 116.071 , 0.0386904 , 3e+21 , 3.55874 , 1.89587 , 4.09337 , 0.0259693 , 0.0255133 , 0.0258887
4.69199e-06 , 116.071 , 0.0386904 , 3e+21 , 3.55874 , 1.89587 , 4.09337 , 0.0259693 , 0.0255133 , 0.0258887
4.72753e-06 , 116.071 , 0.0386904 , 3e+21 , 3.55874 , 1.89587 , 4.09337 , 0.0259693 , 0.0255133 , 0.0258887
4.76308e-06 , 116.071 , 0.0386904 , 3e+21 , 3.55874 , 1.89587 , 4.09337 , 0.0259693 , 0.0255133 , 0.0258887
4.79863e-06 , 116.071 , 0.0386904 , 3e+21 , 3.55874 , 1.89587 , 4.09337 , 0.0259693 , 0.0255133 , 0.0258887
4.83417e-06 , 116.071 , 0.0386904 , 3e+21 , 3.55874 , 1.89587 , 4.09337 , 0.0259693 , 0.0255133 , 0.0258887
4.86972e-06 , 116.071 , 0.0386904 , 3e+21 , 3.55874 , 1.89587 , 4.09337 , 0.0259693 , 0.0255133 , 0.0258887
4.90526e-06 , 116.071 , 0.0386904 , 3e+21 , 3.55874 , 1.89587 , 4.09337 , 0.0259693 , 0.0255133 , 0.0258887
4.94081e-06 , 116.071 , 0.0386904 , 3e+21 , 3.55874 , 1.89587 , 4.09337 , 0.0259693 , 0.0255133 , 0.0258887
4.97635e-06 , 116.071 , 0.0386904 , 3e+21 , 3.55874 , 1.89587 , 4.09337 , 0.0259693 , 0.0255133 , 0.0258887
5.0119e-06 , 116.071 , 0.0386904 , 3e+21 , 3.55874 , 1.89587 , 4.09337 , 0.0259693 , 0.0255133 , 0.0258887
5.04744e-06 , 116.071 , 0.0386904 , 3e+21 , 3.55874 , 1.89587 , 4.09337 , 0.0259693 , 0.0255133 , 0.0258887
5.08299e-06 , 116.071 , 0.0386904 , 3e+21 , 3.55874 , 1.89587 , 4.09337 , 0.0259693 , 0.0255133 , 0.0258887
5.11853e-06 , 116.071 , 0.0386904 , 3e+21 , 3.55874 , 1.89587 , 4.09337 , 0.0259693 , 0.0255133 , 0.0258887
5.15408e-06 , 116.071 , 0.0386904 , 3e+21 , 3.55874 , 1.89587 , 4.09337 , 0.0259693 , 0.0255133 , 0.0258887
5.18962e-06 , 116.071 , 0.0386904 , 3e+21 , 3.55874 , 1.89587 , 4.09337 , 0.0259693 , 0.0255133 , 0.0258887
5.22517e-06 , 116.071 , 0.0386904 , 3e+21 , 3.55874 , 1.89587 , 4.09337 , 0.0259693 , 0.0255133 , 0.0258887
5.26071e-06 , 116.071 , 0.0386904 , 3e+21 , 3.55874 , 1.89587 , 4.09337 , 0.0259693 , 0.0255133 , 0.0258887
5.29626e-06 , 116.071 , 0.0386904 , 3e+21 , 3.55874 , 1.89587 , 4.09337 , 0.0259693 , 0.0255133 , 0.0258887
5.33181e-06 , 116.071 , 0.0386904 , 3e+21 , 3.55874 , 1.89587 , 4.09337 , 0.0259693 , 0.0255133 , 0.0258887
5.36735e-06 , 116.071 , 0.0386904 , 3e+21 , 3.55874 , 1.89587 , 4.09337 , 0.0259693 , 0.0255133 , 0.0258887
5.4029e-06 , 116.071 , 0.0386904 , 3e+21 , 3.55874 , 1.89587 , 4.09337 , 0.0259693 , 0.0255133 , 0.0258887
5.43844e-06 , 116.071 , 0.0386904 , 3e+21 , 3.55874 , 1.89587 , 4.09337 , 0.0259693 , 0.0255133 , 0.0258887
5.47399e-06 , 116.071 , 0.0386904 , 3e+21 , 3.55874 , 1.89587 , 4.09337 , 0.0259693 , 0.0255133 , 0.0258887
5.50953e-06 , 116.071 , 0.0386904 , 3e+21 , 3.55874 , 1.89587 , 4.09337 , 0.0259693 , 0.0255133 , 0.0258887
5.54508e-06 , 116.071 , 0.0386904 , 3e+21 , 3.55874 , 1.89587 , 4.09337 , 0.0259693 , 0.0255133 , 0.0258887
5.58062e-06 , 116.071 , 0.0386904 , 3e+21 , 3.55874 , 1.89587 , 4.09337 , 0.0259693 , 0.0255133 , 0.0258887
5.61617e-06 , 116.071 , 0.0386904 , 3e+21 , 3.55874 , 1.89587 , 4.09337 , 0.0259693 , 0.0255133 , 0.0258887
5.65171e-06 , 116.071 , 0.0386904 , 3e+21 , 3.55874 , 1.89587 , 4.09337 , 0.0259693 , 0.0255133 , 0.0258887
5.68726e-06 , 116.071 , 0.0386904 , 3e+21 , 3.55874 , 1.89587 , 4.09337 , 0.0259693 , 0.0255133 , 0.0258887
5.7228e-06 , 116.071 , 0.0386904 , 3e+21 , 3.55874 , 1.89587 , 4.09337 , 0.0259693 , 0.0255133 , 0.0258887
5.75835e-06 , 116.071 , 0.0386904 , 3e+21 , 3.55874 , 1.89587 , 4.09337 , 0.0259693 , 0.0255133 , 0.0258887
5.7939e-06 , 116.071 , 0.0386904 , 3e+21 , 3.55874 , 1.89587 , 4.09337 , 0.0259693 , 0.0255133 , 0.0258887
5.82944e-06 , 116.071 , 0.0386904 , 3e+21 , 3.55874 , 1.89587 , 4.09337 , 0.0259693 , 0.0255133 , 0.0258887
5.86499e-06 , 116.071 , 0.0386904 , 3e+21 , 3.55874 , 1.89587 , 4.09337 , 0.0259693 , 0.0255133 , 0.0258887
5.90053e-06 , 116.071 , 0.0386904 , 3e+21 , 3.55874 , 1.89587 , 4.09337 , 0.0259693 , 0.0255133 , 0.0258887
5.93608e-06 , 116.071 , 0.0386904 , 3e+21 , 3.55874 , 1.89587 , 4.09337 , 0.0259693 , 0.0255133 , 0.0258887
5.97162e-06 , 116.071 , 0.0386904 , 3e+21 , 3.55874 , 1.89587 , 4.09337 , 0.0259693 , 0.0255133 , 0.0258887
6.00717e-06 , 116.071 , 0.0386904 , 3e+21 , 3.55874 , 1.89587 , 4.09337 , 0.0259693 , 0.0255133 , 0.0258887
6.04271e-06 , 116.071 , 0.0386904 , 3e+21 , 3.55874 , 1.89587 , 4.09337 , 0.0259693 , 0.0255133 , 0.0258887
6.07826e-06 , 116.071 , 0.0386904 , 3e+21 , 3.55874 , 1.89587 , 4.09337 , 0.0259693 , 0.0255133 , 0.0258887
6.1138e-06 , 116.071 , 0.0386904 , 3e+21 , 3.55874 , 1.89587 , 4.09337 , 0.0259693 , 0.0255133 , 0.0258887
6.14935e-06 , 116.071 , 0.0386904 , 3e+21 , 3.55874 , 1.89587 , 4.09337 , 0.0259693 , 0.0255133 , 0.0258887
6.18489e-06 , 116.071 , 0.0386904 , 3e+21 , 3.55874 , 1.89587 , 4.09337 , 0.0259693 , 0.0255133 , 0.0258887
6.22044e-06 , 116.071 , 0.0386904 , 3e+21 , 3.55874 , 1.89587 , 4.09337 , 0.0259693 , 0.0255133 , 0.0258887
6.25599e-06 , 116.071 , 0.0386904 , 3e+21 , 3.55874 , 1.89587 , 4.09337 , 0.0259693 , 0.0255133 , 0.0258887
6.29153e-06 , 116.071 , 0.0386904 , 3e+21 , 3.55874 , 1.89587 , 4.09337 , 0.0259693 , 0.0255133 , 0.0258887
6.32708e-06 , 116.071 , 0.0386904 , 3e+21 , 3.55874 , 1.89587 , 4.09337 , 0.0259693 , 0.0255133 , 0.0258887
6.36262e-06 , 116.071 , 0.0386904 , 3e+21 , 3.55874 , 1.89587 , 4.09337 , 0.0259693 , 0.0255133 , 0.0258887
6.39817e-06 , 116.071 , 0.0386904 , 3e+21 , 3.55874 , 1.89587 , 4.09337 , 0.0259693 , 0.0255133 , 0.0258887
6.43371e-06 , 116.071 , 0.0386904 , 3e+21 , 3.55874 , 1.89587 , 4.09337 , 0.0259693 , 0.0255133 , 0.0258887
6.46926e-06 , 116.071 , 0.0386904 , 3e+21 , 3.55874 , 1.89587 , 4.09337 , 0.0259693 , 0.0255133 , 0.0258887
6.5048e-06 , 116.071 , 0.0386904 , 3e+21 , 3.55874 , 1.89587 , 4.09337 , 0.0259693 , 0.0255133 , 0.0258887
6.54035e-06 , 116.071 , 0.0386904 , 3e+21 , 3.55874 , 1.89587 , 4.09337 , 0.0259693 , 0.0255133 , 0.0258887
6.57589e-06 , 116.071 , 0.0386904 , 3e+21 , 3.55874 , 1.89587 , 4.09337 , 0.0259693 , 0.0255133 , 0.0258887
6.61144e-06 , 116.071 , 0.0386904 , 3e+21 , 3.55874 , 1.89587 , 4.09337 , 0.0259693 , 0.0255133 , 0.0258887
6.64698e-06 , 116.071 , 0.0386904 , 3e+21 , 3.55874 , 1.89587 , 4.09337 , 0.0259693 , 0.0255133 , 0.0258887
6.68253e-06 , 116.071 , 0.0386904 , 3e+21 , 3.55874 , 1.89587 , 4.09337 , 0.0259693 , 0.0255133 , 0.0258887
6.71808e-06 , 116.071 , 0.0386904 , 3e+21 , 3.55874 , 1.89587 , 4.09337 , 0.0259693 , 0.0255133 , 0.0258887
6.75362e-06 , 116.071 , 0.0386904 , 3e+21 , 3.55874 , 1.89587 , 4.09337 , 0.0259693 , 0.0255133 , 0.0258887
6.78917e-06 , 116.071 , 0.0386904 , 3e+21 , 3.55874 , 1.89587 , 4.09337 , 0.0259693 , 0.0255133 , 0.0258887
6.82471e-06 , 116.071 , 0.0386904 , 3e+21 , 3.55874 , 1.89587 , 4.09337 , 0.0259693 , 0.0255133 , 0.0258887
6.86026e-06 , 116.071 , 0.0386904 , 3e+21 , 3.55874 , 1.89587 , 4.09337 , 0.0259693 , 0.0255133 , 0.0258887
6.8958e-06 , 116.071 , 0.0386904 , 3e+21 , 3.55874 , 1.89587 , 4.09337 , 0.0259693 , 0.0255133 , 0.0258887
6.93135e-06 , 116.071 , 0.0386904 , 3e+21 , 3.55874 , 1.89587 , 4.09337 , 0.0259693 , 0.0255133 , 0.0258887
6.96689e-06 , 116.071 , 0.0386904 , 3e+21 , 3.55874 , 1.89587 , 4.09337 , 0.0259693 , 0.0255133 , 0.0258887
7.00244e-06 , 116.071 , 0.0386904 , 3e+21 , 3.55874 , 1.89587 , 4.09337 , 0.0259693 , 0.0255133 , 0.0258887
7.03798e-06 , 116.071 , 0.0386904 , 3e+21 , 3.55874 , 1.89587 , 4.09337 , 0.0259693 , 0.0255133 , 0.0258887
7.07353e-06 , 116.071 , 0.0386904 , 3e+21 , 3.55874 , 1.89587 , 4.09337 , 0.0259693 , 0.0255133 , 0.0258887
7.10907e-06 , 116.071 , 0.0386904 , 3e+21 , 3.55874 , 1.89587 , 4.09337 , 0.0259693 , 0.0255133 , 0.0258887
7.14462e-06 , 116.071 , 0.0386904 , 3e+21 , 3.55874 , 1.89587 , 4.09337 , 0.0259693 , 0.0255133 , 0.0258887
7.18016e-06 , 116.071 , 0.0386904 , 3e+21 , 3.55874 , 1.89587 , 4.09337 , 0.0259693 , 0.0255133 , 0.0258887
7.21571e-06 , 116.071 , 0.0386904 , 3e+21 , 3.55874 , 1.89587 , 4.09337 , 0.0259693 , 0.0255133 , 0.0258887
7.25126e-06 , 116.071 , 0.0386904 , 3e+21 , 3.55874 , 1.89587 , 4.09337 , 0.0259693 , 0.0255133 , 0.0258887
7.2868e-06 , 116.071 , 0.0386904 , 3e+21 , 3.55874 , 1.89587 , 4.09337 , 0.0259693 , 0.0255133 , 0.0258887
7.32235e-06 , 116.071 , 0.0386904 , 3e+21 , 3.55874 , 1.89587 , 4.09337 , 0.0259693 , 0.0255133 , 0.0258887
7.35789e-06 , 116.071 , 0.0386904 , 3e+21 , 3.55874 , 1.89587 , 4.09337 , 0.0259693 , 0.0255133 , 0.0258887
7.39344e-06 , 116.071 , 0.0386904 , 3e+21 , 3.55874 , 1.89587 , 4.09337 , 0.0259693 , 0.0255133 , 0.0258887
7.42898e-06 , 116.071 , 0.0386904 , 3e+21 , 3.55874 , 1.89587 , 4.09337 , 0.0259693 , 0.0255133 , 0.0258887
7.46453e-06 , 116.071 , 0.0386904 , 3e+21 , 3.55874 , 1.89587 , 4.09337 , 0.0259693 , 0.0255133 , 0.0258887
7.50007e-06 , 116.071 , 0.0386904 , 3e+21 , 3.55874 , 1.89587 , 4.09337 , 0.0259693 , 0.0255133 , 0.0258887
7.53562e-06 , 116.071 , 0.0386904 , 3e+21 , 3.55874 , 1.89587 , 4.09337 , 0.0259693 , 0.0255133 , 0.0258887
7.57116e-06 , 116.071 , 0.0386904 , 3e+21 , 3.55874 , 1.89587 , 4.09337 , 0.0259693 , 0.0255133 , 0.0258887
7.60671e-06 , 116.071 , 0.0386904 , 3e+21 , 3.55874 , 1.89587 , 4.09337 , 0.0259693 , 0.0255133 , 0.0258887
7.64225e-06 , 116.071 , 0.0386904 , 3e+21 , 3.55874 , 1.89587 , 4.09337 , 0.0259693 , 0.0255133 , 0.0258887
7.6778e-06 , 116.071 , 0.0386904 , 3e+21 , 3.55874 , 1.89587 , 4.09337 , 0.0259693 , 0.0255133 , 0.0258887
7.71335e-06 , 116.071 , 0.0386904 , 3e+21 , 3.55874 , 1.89587 , 4.09337 , 0.0259693 , 0.0255133 , 0.0258887
7.74889e-06 , 116.071 , 0.0386904 , 3e+21 , 3.55874 , 1.89587 , 4.09337 , 0.0259693 , 0.0255133 , 0.0258887
7.78444e-06 , 116.071 , 0.0386904 , 3e+21 , 3.55874 , 1.89587 , 4.09337 , 0.0259693 , 0.0255133 , 0.0258887
7.81998e-06 , 116.071 , 0.0386904 , 3e+21 , 3.55874 , 1.89587 , 4.09337 , 0.0259693 , 0.0255133 , 0.0258887
7.85553e-06 , 116.071 , 0.0386904 , 3e+21 , 3.55874 , 1.89587 , 4.09337 , 0.0259693 , 0.0255133 , 0.0258887
7.89107e-06 , 116.071 , 0.0386904 , 3e+21 , 3.55874 , 1.89587 , 4.09337 , 0.0259693 , 0.0255133 , 0.0258887
7.92662e-06 , 116.071 , 0.0386904 , 3e+21 , 3.55874 , 1.89587 , 4.09337 , 0.0259693 , 0.0255133 , 0.0258887
7.96216e-06 , 116.071 , 0.0386904 , 3e+21 , 3.55874 , 1.89587 , 4.09337 , 0.0259693 , 0.0255133 , 0.0258887
7.99771e-06 , 116.071 , 0.0386904 , 3e+21 , 3.55874 , 1.89587 , 4.09337 , 0.0259693 , 0.0255133 , 0.0258887
8.03325e-06 , 116.071 , 0.0386904 , 3e+21 , 3.55874 , 1.89587 , 4.09337 , 0.0259693 , 0.0255133 , 0.0258887
8.0688e-06 , 116.071 , 0.0386904 , 3e+21 , 3.55874 , 1.89587 , 4.09337 , 0.0259693 , 0.0255133 , 0.0258887
8.10434e-06 , 116.071 , 0.0386904 , 3e+21 , 3.55874 , 1.89587 , 4.09337 , 0.0259693 , 0.0255133 , 0.0258887
8.13989e-06 , 116.071 , 0.0386904 , 3e+21 , 3.55874 , 1.89587 , 4.09337 , 0.0259693 , 0.0255133 , 0.0258887
8.17544e-06 , 116.071 , 0.0386904 , 3e+21 , 3.55874 , 1.89587 , 4.09337 , 0.0259693 , 0.0255133 , 0.0258887
8.21098e-06 , 116.071 , 0.0386904 , 3e+21 , 3.55874 , 1.89587 , 4.09337 , 0.0259693 , 0.0255133 , 0.0258887
8.24653e-06 , 116.071 , 0.0386904 , 3e+21 , 3.55874 , 1.89587 , 4.09337 , 0.0259693 , 0.0255133 , 0.0258887
8.28207e-06 , 116.071 , 0.0386904 , 3e+21 , 3.55874 , 1.89587 , 4.09337 , 0.0259693 , 0.0255133 , 0.0258887
8.31762e-06 , 116.071 , 0.0386904 , 3e+21 , 3.55874 , 1.89587 , 4.09337 , 0.0259693 , 0.0255133 , 0.0258887
8.35316e-06 , 116.071 , 0.0386904 , 3e+21 , 3.55874 , 1.89587 , 4.09337 , 0.0259693 , 0.0255133 , 0.0258887
8.38871e-06 , 116.071 , 0.0386904 , 3e+21 , 3.55874 , 1.89587 , 4.09337 , 0.0259693 , 0.0255133 , 0.0258887
8.42425e-06 , 116.071 , 0.0386904 , 3e+21 , 3.55874 , 1.89587 , 4.09337 , 0.0259693 , 0.0255133 , 0.0258887
8.4598e-06 , 116.071 , 0.0386904 , 3e+21 , 3.55874 , 1.89587 , 4.09337 , 0.0259693 , 0.0255133 , 0.0258887
8.49534e-06 , 116.071 , 0.0386904 , 3e+21 , 3.55874 , 1.89587 , 4.09337 , 0.0259693 , 0.0255133 , 0.0258887
8.53089e-06 , 116.071 , 0.0386904 , 3e+21 , 3.55874 , 1.89587 , 4.09337 , 0.0259693 , 0.0255133 , 0.0258887
8.56643e-06 , 116.071 , 0.0386904 , 3e+21 , 3.55874 , 1.89587 , 4.09337 , 0.0259693 , 0.0255133 , 0.0258887
8.60198e-06 , 116.071 , 0.0386904 , 3e+21 , 3.55874 , 1.89587 , 4.09337 , 0.0259693 , 0.0255133 , 0.0258887
8.63753e-06 , 116.071 , 0.0386904 , 3e+21 , 3.55874 , 1.89587 , 4.09337 , 0.0259693 , 0.0255133 , 0.0258887
8.67307e-06 , 116.071 , 0.0386904 , 3e+21 , 3.55874 , 1.89587 , 4.09337 , 0.0259693 , 0.0255133 , 0.0258887
8.70862e-06 , 116.071 , 0.0386904 , 3e+21 , 3.55874 , 1.89587 , 4.09337 , 0.0259693 , 0.0255133 , 0.0258887
8.74416e-06 , 116.071 , 0.0386904 , 3e+21 , 3.55874 , 1.89587 , 4.09337 , 0.0259693 , 0.0255133 , 0.0258887
8.77971e-06 , 116.071 , 0.0386904 , 3e+21 , 3.55874 , 1.89587 , 4.09337 , 0.0259693 , 0.0255133 , 0.0258887
8.81525e-06 , 116.071 , 0.0386904 , 3e+21 , 3.55874 , 1.89587 , 4.09337 , 0.0259693 , 0.0255133 , 0.0258887
8.8508e-06 , 116.071 , 0.0386904 , 3e+21 , 3.55874 , 1.89587 , 4.09337 , 0.0259693 , 0.0255133 , 0.0258887
8.88634e-06 , 116.071 , 0.0386904 , 3e+21 , 3.55874 , 1.89587 , 4.09337 , 0.0259693 , 0.0255133 , 0.0258887
8.92189e-06 , 116.071 , 0.0386904 , 3e+21 , 3.55874 , 1.89587 , 4.09337 , 0.0259693 , 0.0255133 , 0.0258887
8.95743e-06 , 116.071 , 0.0386904 , 3e+21 , 3.55874 , 1.89587 , 4.09337 , 0.0259693 , 0.0255133 , 0.0258887
8.99298e-06 , 116.071 , 0.0386904 , 3e+21 , 3.55874 , 1.89587 , 4.09337 , 0.0259693 , 0.0255133 , 0.0258887
9.02852e-06 , 116.071 , 0.0386904 , 3e+21 , 3.55874 , 1.89587 , 4.09337 , 0.0259693 , 0.0255133 , 0.0258887
9.06407e-06 , 116.071 , 0.0386904 , 3e+21 , 3.55874 , 1.89587 , 4.09337 , 0.0259693 , 0.0255133 , 0.0258887
9.09961e-06 , 116.071 , 0.0386904 , 3e+21 , 3.55874 , 1.89587 , 4.09337 , 0.0259693 , 0.0255133 , 0.0258887
9.13516e-06 , 116.071 , 0.0386904 , 3e+21 , 3.55874 , 1.89587 , 4.09337 , 0.0259693 , 0.0255133 , 0.0258887
9.17071e-06 , 116.071 , 0.0386904 , 3e+21 , 3.55874 , 1.89587 , 4.09337 , 0.0259693 , 0.0255133 , 0.0258887
9.20625e-06 , 116.071 , 0.0386904 , 3e+21 , 3.55874 , 1.89587 , 4.09337 , 0.0259693 , 0.0255133 , 0.0258887
9.2418e-06 , 116.071 , 0.0386904 , 3e+21 , 3.55874 , 1.89587 , 4.09337 , 0.0259693 , 0.0255133 , 0.0258887
9.27734e-06 , 116.071 , 0.0386904 , 3e+21 , 3.55874 , 1.89587 , 4.09337 , 0.0259693 , 0.0255133 , 0.0258887
9.31289e-06 , 116.071 , 0.0386904 , 3e+21 , 3.55874 , 1.89587 , 4.09337 , 0.0259693 , 0.0255133 , 0.0258887
9.34843e-06 , 116.071 , 0.0386904 , 3e+21 , 3.55874 , 1.89587 , 4.09337 , 0.0259693 , 0.0255133 , 0.0258887
9.38398e-06 , 116.071 , 0.0386904 , 3e+21 , 3.55874 , 1.89587 , 4.09337 , 0.0259693 , 0.0255133 , 0.0258887
9.41952e-06 , 116.071 , 0.0386904 , 3e+21 , 3.55874 , 1.89587 , 4.09337 , 0.0259693 , 0.0255133 , 0.0258887
9.45507e-06 , 116.071 , 0.0386904 , 3e+21 , 3.55874 , 1.89587 , 4.09337 , 0.0259693 , 0.0255133 , 0.0258887
9.49061e-06 , 116.071 , 0.0386904 , 3e+21 , 3.55874 , 1.89587 , 4.09337 , 0.0259693 , 0.0255133 , 0.0258887
9.52616e-06 , 116.071 , 0.0386904 , 3e+21 , 3.55874 , 1.89587 , 4.09337 , 0.0259693 , 0.0255133 , 0.0258887
9.5617e-06 , 116.071 , 0.0386904 , 3e+21 , 3.55874 , 1.89587 , 4.09337 , 0.0259693 , 0.0255133 , 0.0258887
9.59725e-06 , 116.071 , 0.0386904 , 3e+21 , 3.55874 , 1.89587 , 4.09337 , 0.0259693 , 0.0255133 , 0.0258887
9.6328e-06 , 116.071 , 0.0386904 , 3e+21 , 3.55874 , 1.89587 , 4.09337 , 0.0259693 , 0.0255133 , 0.0258887
9.66834e-06 , 116.071 , 0.0386904 , 3e+21 , 3.55874 , 1.89587 , 4.09337 , 0.0259693 , 0.0255133 , 0.0258887
9.70389e-06 , 116.071 , 0.0386904 , 3e+21 , 3.55874 , 1.89587 , 4.09337 , 0.0259693 , 0.0255133 , 0.0258887
9.73943e-06 , 116.071 , 0.0386904 , 3e+21 , 3.55874 , 1.89587 , 4.09337 , 0.0259693 , 0.0255133 , 0.0258887
9.77498e-06 , 116.071 , 0.0386904 , 3e+21 , 3.55874 , 1.89587 , 4.09337 , 0.0259693 , 0.0255133 , 0.0258887
9.81052e-06 , 116.071 , 0.0386904 , 3e+21 , 3.55874 , 1.89587 , 4.09337 , 0.0259693 , 0.0255133 , 0.0258887
9.84607e-06 , 116.071 , 0.0386904 , 3e+21 , 3.55874 , 1.89587 , 4.09337 , 0.0259693 , 0.0255133 , 0.0258887
9.88161e-06 , 116.071 , 0.0386904 , 3e+21 , 3.55874 , 1.89587 , 4.09337 , 0.0259693 , 0.0255133 , 0.0258887
9.91716e-06 , 116.071 , 0.0386904 , 3e+21 , 3.55874 , 1.89587 , 4.09337 , 0.0259693 , 0.0255133 , 0.0258887
9.9527e-06 , 116.071 , 0.0386904 , 3e+21 , 3.55874 , 1.89587 , 4.09337 , 0.0259693 , 0.0255133 , 0.0258887
9.98825e-06 , 116.071 , 0.0386904 , 3e+21 , 3.55874 , 1.89587 , 4.09337 , 0.0259693 , 0.0255133 , 0.0258887
1.00238e-05 , 116.071 , 0.0386904 , 3e+21 , 3.55874 , 1.89587 , 4.09337 , 0.0259693 , 0.0255133 , 0.0258887
1.00593e-05 , 116.071 , 0.0386904 , 3e+21 , 3.55874 , 1.89587 , 4.09337 , 0.0259693 , 0.0255133 , 0.0258887
1.00949e-05 , 116.071 , 0.0386904 , 3e+21 , 3.55874 , 1.89587 , 4.09337 , 0.0259693 , 0.0255133 , 0.0258887
1.01304e-05 , 116.071 , 0.0386904 , 3e+21 , 3.55874 , 1.89587 , 4.09337 , 0.0259693 , 0.0255133 , 0.0258887
1.0166e-05 , 116.071 , 0.0386904 , 3e+21 , 3.55874 , 1.89587 , 4.09337 , 0.0259693 , 0.0255133 , 0.0258887
1.02015e-05 , 116.071 , 0.0386904 , 3e+21 , 3.55874 , 1.89587 , 4.09337 , 0.0259693 , 0.0255133 , 0.0258887
1.02371e-05 , 116.071 , 0.0386904 , 3e+21 , 3.55874 , 1.89587 , 4.09337 , 0.0259693 , 0.0255133 , 0.0258887
1.02726e-05 , 116.071 , 0.0386904 , 3e+21 , 3.55874 , 1.89587 , 4.09337 , 0.0259693 , 0.0255133 , 0.0258887
1.03082e-05 , 116.071 , 0.0386904 , 3e+21 , 3.55874 , 1.89587 , 4.09337 , 0.0259693 , 0.0255133 , 0.0258887
1.03437e-05 , 116.071 , 0.0386904 , 3e+21 , 3.55874 , 1.89587 , 4.09337 , 0.0259693 , 0.0255133 , 0.0258887
1.03792e-05 , 116.071 , 0.0386904 , 3e+21 , 3.55874 , 1.89587 , 4.09337 , 0.0259693 , 0.0255133 , 0.0258887
1.04148e-05 , 116.071 , 0.0386904 , 3e+21 , 3.55874 , 1.89587 , 4.09337 , 0.0259693 , 0.0255133 , 0.0258887
1.04503e-05 , 116.071 , 0.0386904 , 3e+21 , 3.55874 , 1.89587 , 4.09337 , 0.0259693 , 0.0255133 , 0.0258887
1.04859e-05 , 116.071 , 0.0386904 , 3e+21 , 3.55874 , 1.89587 , 4.09337 , 0.0259693 , 0.0255133 , 0.0258887
1.05214e-05 , 116.071 , 0.0386904 , 3e+21 , 3.55874 , 1.89587 , 4.09337 , 0.0259693 , 0.0255133 , 0.0258887
1.0557e-05 , 116.071 , 0.0386904 , 3e+21 , 3.55874 , 1.89587 , 4.09337 , 0.0259693 , 0.0255133 , 0.0258887
1.05925e-05 , 116.071 , 0.0386904 , 3e+21 , 3.55874 , 1.89587 , 4.09337 , 0.0259693 , 0.0255133 , 0.0258887
1.06281e-05 , 116.071 , 0.0386904 , 3e+21 , 3.55874 , 1.89587 , 4.09337 , 0.0259693 , 0.0255133 , 0.0258887
1.06636e-05 , 116.071 , 0.0386904 , 3e+21 , 3.55874 , 1.89587 , 4.09337 , 0.0259693 , 0.0255133 , 0.0258887
