0,0,0,0,0,0,0,0,0,0,0,0,0,0,0,0,0,0,0,0,0,0,0,0,0,0,0,0,0,0,0,0,0,0
100,20137,0,0,0,0,0,0,0,0,0,0,0,0,0,0,0,0,0,0,0,0,0,0,0,0,0,0,0,0,0,0,0,0
200,161240,0,0,0,0,0,0,0,0,0,0,0,0,0,0,0,0,0,0,0,0,0,0,0,0,0,0,0,0,0,0,0,0
300,367382,0,0,0,0,0,0,0,0,0,0,0,0,0,0,0,0,0,0,0,0,0,0,0,0,0,0,0,0,0,0,0,0
400,617119,0,0,0,0,0,0,0,0,0,0,0,0,1,0,0,0,0,0,0,0,1,0,0,2,1,4,0,0,0,0,1,0
500,905587,0,0,0,0,0,0,1,1,0,0,0,0,4,1,0,0,2,2,1,3,2,2,0,29,10,15,0,2,1,0,8,0
600,1226389,2,0,0,0,0,1,3,1,1,0,1,1,6,4,1,0,3,8,2,12,5,6,5,73,46,43,0,5,5,1,22,5
700,1572647,5,0,0,0,0,2,4,3,2,0,1,4,11,8,1,1,4,15,6,20,19,16,10,144,89,89,0,9,8,2,58,14
800,1939739,5,2,1,0,1,6,4,4,2,5,3,9,29,9,1,2,6,25,12,33,30,24,18,252,149,159,0,16,17,5,107,32
900,2319895,8,2,2,0,2,8,8,8,3,6,4,12,44,15,5,2,12,35,17,50,43,39,29,381,211,233,0,23,23,7,176,84
1000,2712016,14,4,3,0,3,11,12,13,4,10,8,17,65,20,8,4,17,46,19,66,64,46,38,527,289,324,0,33,33,12,249,116
1100,3111838,23,10,4,0,4,13,19,17,5,10,9,20,92,29,9,6,25,54,25,89,84,67,47,687,374,416,0,41,42,17,327,169
1200,3517182,31,14,5,0,5,20,24,26,10,11,15,25,113,38,11,10,35,77,27,102,103,86,71,853,452,509,0,56,50,22,407,240
1300,3927333,42,16,7,0,7,28,32,33,13,12,20,29,137,42,15,11,41,93,32,129,135,104,80,1022,537,627,0,65,67,30,515,295
1400,4339781,47,17,7,0,9,34,41,41,15,15,23,34,160,48,18,18,50,113,40,148,150,120,88,1195,645,734,0,69,88,35,615,351
1500,4754074,54,19,11,0,9,36,48,45,16,21,28,38,183,57,24,23,56,128,49,171,173,138,99,1384,760,839,0,79,107,45,724,426
1600,5169437,65,20,14,0,11,43,56,52,17,25,32,45,202,63,29,25,65,150,59,200,193,148,116,1589,852,965,0,92,125,52,815,490
1700,5586714,78,25,19,0,12,51,67,60,17,30,37,49,224,72,32,32,74,162,64,225,211,161,135,1772,938,1068,0,103,135,59,920,555
1800,6006378,87,26,20,0,14,56,70,70,19,39,42,51,246,77,36,36,81,179,69,245,238,182,148,1965,1048,1173,0,112,149,69,1016,637
1900,6423606,95,28,21,0,15,64,79,81,25,43,48,61,275,85,39,41,91,203,79,266,263,205,157,2168,1154,1288,0,116,167,80,1133,703
2000,6838766,104,30,24,0,15,69,86,100,27,47,57,69,307,92,40,44,99,215,88,287,290,220,170,2364,1260,1377,0,131,175,84,1253,777
2100,7255444,110,33,24,0,17,78,99,109,27,50,61,76,334,102,45,48,104,232,91,311,316,241,182,2568,1367,1471,0,139,190,96,1365,826
2200,7673036,120,34,28,0,20,79,106,116,29,55,67,79,371,107,49,52,106,257,99,326,348,262,189,2766,1483,1587,0,153,198,100,1482,889
2300,8090956,128,38,31,0,20,84,111,124,31,62,72,80,392,116,52,56,119,271,104,344,371,285,207,2964,1579,1695,0,158,211,109,1597,954
2400,8507183,146,42,33,0,20,89,121,127,33,64,83,86,415,129,57,59,121,288,114,369,395,304,226,3188,1674,1799,0,164,224,121,1715,1033
2500,8922818,154,42,38,0,21,92,131,136,36,70,89,95,441,140,62,65,133,304,124,404,431,325,235,3384,1787,1887,0,175,235,129,1842,1108
2600,9338217,161,44,40,0,21,100,140,145,37,74,97,98,468,152,69,69,136,321,130,428,453,343,259,3547,1887,2008,0,184,249,132,1938,1171
2700,9753585,177,51,44,0,23,108,147,153,39,81,99,105,500,159,72,74,138,339,141,453,481,356,278,3752,1987,2124,0,196,268,140,2054,1243
2800,10169287,190,54,50,0,24,114,157,161,40,83,103,108,525,165,76,77,144,357,148,477,506,383,289,3938,2087,2229,0,206,278,143,2153,1317
2900,10585356,202,57,50,0,26,115,165,168,42,90,106,114,551,172,77,81,146,373,161,500,530,401,306,4133,2197,2335,0,216,295,155,2257,1381
3000,11001882,211,60,52,0,27,118,171,175,43,95,111,120,577,181,80,81,148,386,169,519,567,424,315,4331,2306,2451,0,224,308,163,2363,1449
3100,11418450,220,62,53,0,32,126,178,181,43,99,117,127,600,186,84,86,154,401,174,548,592,443,326,4531,2410,2551,0,228,319,172,2463,1529
3200,11837461,228,67,56,0,34,131,191,189,45,104,122,135,629,202,89,92,162,416,179,571,611,460,345,4727,2503,2658,0,236,334,176,2573,1589
3300,12257637,235,72,58,0,36,141,196,202,46,108,127,149,656,220,95,95,169,434,181,599,638,482,363,4916,2608,2756,0,242,343,179,2696,1669
3400,12677245,249,75,60,0,37,145,205,210,48,112,132,157,681,230,96,99,174,450,188,617,667,502,384,5108,2716,2872,0,255,362,184,2800,1751
3500,13096227,257,76,65,0,37,150,213,216,48,114,137,161,704,238,99,103,180,462,201,637,696,520,398,5315,2823,2974,0,266,374,192,2898,1815
3600,13515337,265,80,67,0,38,153,223,227,49,119,143,165,733,245,104,108,185,480,209,659,718,544,414,5545,2946,3095,0,276,384,202,2988,1889
3700,13932226,278,81,69,0,40,161,228,233,54,125,151,168,757,253,106,118,195,493,213,684,749,565,430,5752,3044,3203,0,286,398,208,3102,1960
3800,14349266,284,82,70,0,41,167,232,243,54,132,154,179,777,260,112,122,201,510,220,715,774,585,441,5943,3149,3310,0,296,413,216,3196,2036
3900,14767792,294,85,71,0,42,171,244,256,54,137,156,185,798,271,117,126,208,522,227,745,791,600,455,6126,3240,3408,0,302,427,226,3315,2106
4000,15187065,309,88,71,0,43,175,255,266,57,142,163,189,822,278,121,128,212,540,232,767,820,619,475,6358,3341,3519,0,310,438,235,3417,2174
4100,15605932,318,92,72,0,45,185,259,274,61,145,168,192,849,289,126,134,221,561,239,793,850,637,491,6575,3434,3628,0,316,448,240,3532,2244
4200,16023508,330,93,73,0,45,192,265,284,61,149,170,196,870,296,132,140,226,573,242,818,879,657,506,6779,3532,3743,0,329,456,250,3643,2338
4300,16442145,343,99,79,0,45,197,276,291,61,153,175,203,899,301,134,145,229,592,248,843,910,679,520,6979,3633,3849,0,333,474,258,3732,2409
4400,16860450,350,101,82,0,46,204,279,301,63,157,179,211,919,305,142,150,234,613,259,863,939,698,534,7193,3750,3976,0,342,486,263,3826,2488
4500,17278100,358,104,87,0,47,206,287,306,63,161,183,214,943,313,144,155,241,626,268,889,965,716,551,7412,3867,4076,0,351,504,272,3933,2546
4600,17697238,365,108,89,0,48,216,294,316,65,164,190,224,968,334,147,158,249,638,274,910,992,742,571,7610,3949,4192,0,360,517,281,4037,2618
4700,18116024,373,114,93,0,49,217,301,322,68,172,194,229,994,337,150,162,257,656,282,932,1019,767,582,7798,4051,4328,0,369,532,291,4135,2689
4800,18533571,384,117,97,0,50,222,304,329,71,175,198,240,1020,343,153,167,264,677,284,961,1043,794,596,8016,4157,4451,0,376,544,300,4226,2770
4900,18951983,392,119,101,0,52,229,309,336,72,182,203,243,1048,349,156,169,267,690,292,988,1070,815,611,8249,4247,4555,0,386,554,304,4320,2848
5000,19368835,405,122,103,0,53,230,315,345,73,188,209,250,1069,356,160,177,270,700,302,1014,1091,826,625,8464,4354,4678,0,392,571,312,4425,2917
5100,19784525,411,125,110,0,55,234,320,356,74,190,213,257,1088,369,167,181,276,711,312,1041,1118,846,642,8674,4453,4795,0,400,584,318,4536,2991
5200,20200405,422,126,111,0,58,245,327,364,75,195,216,264,1113,373,170,186,284,730,318,1060,1148,862,653,8874,4540,4924,0,416,594,325,4632,3068
5300,20616307,430,131,113,0,58,254,336,374,76,200,216,277,1133,383,176,190,289,741,326,1088,1175,878,673,9075,4625,5037,0,425,600,332,4732,3134
5400,21031351,441,133,116,0,59,259,346,381,79,205,219,281,1155,390,179,191,294,763,333,1108,1206,908,699,9291,4736,5143,0,434,615,343,4838,3194
5500,21448513,456,137,122,0,60,269,350,389,81,209,221,285,1179,402,182,195,298,772,340,1133,1240,930,711,9509,4821,5251,0,440,626,351,4952,3264
5600,21866518,468,140,126,0,62,271,359,396,83,218,226,296,1205,408,186,205,301,789,350,1157,1269,957,728,9687,4937,5361,0,446,639,362,5052,3339
5700,22284299,478,140,129,0,64,274,366,406,85,221,230,300,1231,413,194,210,311,808,363,1177,1299,974,744,9836,5037,5459,0,455,652,370,5160,3418
5800,22703808,489,144,132,0,66,279,374,412,86,226,231,308,1251,425,200,211,318,830,374,1198,1331,991,761,10024,5137,5590,0,467,666,378,5272,3485
5900,23121039,496,148,134,0,67,282,382,423,87,231,238,316,1273,429,202,214,322,846,382,1220,1363,1022,769,10217,5240,5702,0,476,678,384,5370,3547
6000,23539589,511,150,135,0,69,291,386,434,87,231,238,325,1306,437,204,217,331,866,392,1241,1387,1038,783,10406,5352,5816,0,483,692,392,5473,3601
6100,23958948,522,152,138,0,71,296,393,441,87,234,245,328,1326,441,207,222,337,883,400,1256,1416,1060,802,10587,5461,5921,0,497,705,400,5576,3666
6200,24377720,528,155,142,0,72,301,401,452,88,239,253,337,1354,448,210,224,341,902,411,1291,1441,1081,811,10784,5560,6046,0,503,719,413,5684,3715
6300,24795285,540,159,142,0,72,306,405,460,94,244,257,346,1381,457,214,226,347,911,422,1318,1464,1096,829,10988,5665,6159,0,511,733,419,5783,3800
6400,25213344,549,161,145,0,74,313,414,475,96,246,260,360,1400,465,217,231,353,935,426,1342,1493,1106,844,11181,5771,6275,0,523,745,426,5903,3873
6500,25629504,551,165,148,0,74,315,420,480,98,253,269,365,1422,474,217,233,358,950,430,1368,1519,1125,857,11391,5872,6402,0,530,762,432,6006,3953
6600,26046410,564,165,150,0,74,318,429,488,100,253,270,374,1449,481,222,236,364,968,441,1389,1545,1140,873,11567,5968,6520,0,538,769,436,6109,4011
6700,26462980,576,169,153,0,74,325,436,497,100,256,273,379,1472,492,227,237,372,987,449,1417,1570,1162,894,11770,6077,6635,0,550,790,443,6218,4078
6800,26877906,588,173,155,0,75,329,446,505,101,263,277,383,1500,497,228,243,383,1000,459,1437,1600,1182,906,11941,6192,6745,0,563,806,446,6336,4149
6900,27294607,599,175,160,0,76,330,455,515,102,268,289,395,1527,512,232,245,389,1016,466,1472,1625,1196,931,12169,6299,6845,0,568,820,451,6437,4218
7000,27709838,605,178,160,0,77,334,459,525,104,272,298,398,1551,521,236,250,395,1034,470,1496,1647,1218,951,12376,6396,6945,0,574,831,455,6536,4307
7100,28125933,619,180,162,0,78,341,464,533,106,272,302,402,1572,531,241,257,399,1044,477,1524,1677,1239,970,12550,6503,7056,0,580,853,463,6656,4382
7200,28542966,626,183,164,0,79,347,471,543,107,277,304,409,1596,542,245,262,404,1054,483,1557,1700,1256,982,12756,6595,7177,0,593,863,469,6761,4447
7300,28960686,631,188,170,0,80,351,486,550,109,282,307,417,1627,545,248,266,413,1080,491,1582,1726,1279,1001,12935,6677,7281,0,603,870,476,6870,4540
7400,29379869,636,189,172,0,81,357,495,558,110,284,313,427,1667,555,252,269,416,1098,498,1603,1743,1301,1010,13129,6763,7385,0,606,885,481,6971,4619
7500,29800369,642,194,175,0,82,362,501,562,110,287,316,430,1697,560,256,274,426,1115,505,1624,1765,1317,1028,13326,6861,7494,0,615,903,491,7076,4690
7600,30220278,653,194,177,0,83,366,507,567,113,293,322,436,1731,571,260,280,434,1136,512,1649,1792,1334,1049,13504,6961,7617,0,622,917,494,7180,4761
7700,30639308,658,197,182,0,84,374,510,571,114,298,329,449,1752,582,264,282,443,1149,515,1682,1814,1353,1067,13722,7079,7716,0,631,929,505,7279,4825
7800,31058335,665,200,184,0,85,377,520,577,115,302,336,452,1781,594,267,282,450,1158,522,1709,1834,1375,1080,13919,7173,7843,0,641,945,510,7383,4894
7900,31477303,673,202,187,0,85,382,528,592,117,303,344,460,1807,603,270,285,454,1175,529,1736,1862,1392,1095,14126,7289,7961,0,648,957,515,7500,4973
8000,31895748,678,206,191,0,85,385,541,599,118,307,348,467,1827,612,277,291,457,1187,536,1762,1888,1413,1106,14319,7384,8071,0,660,972,519,7624,5044
8100,32313802,688,210,193,0,88,389,547,611,119,314,351,474,1849,620,279,292,465,1201,540,1788,1915,1435,1119,14515,7483,8189,0,665,979,524,7727,5108
8200,32729525,693,214,196,0,88,391,559,618,120,322,352,482,1874,628,284,297,468,1216,546,1817,1934,1454,1134,14715,7578,8301,0,671,992,537,7837,5165
8300,33149054,703,216,197,0,89,398,570,626,123,324,352,488,1898,637,289,303,480,1234,550,1840,1959,1478,1150,14931,7673,8407,0,682,1005,545,7938,5231
8400,33568052,714,218,200,0,89,404,576,630,125,326,359,490,1920,650,291,304,492,1249,559,1870,1983,1497,1169,15122,7771,8524,0,693,1014,555,8057,5309
8500,33987773,727,219,201,0,89,410,582,639,126,331,369,501,1948,656,293,308,499,1268,566,1895,2002,1517,1184,15322,7882,8634,0,701,1029,563,8148,5390
8600,34405632,734,225,205,0,89,415,590,648,128,333,380,505,1965,669,299,310,505,1293,574,1923,2028,1543,1196,15534,7991,8730,0,707,1046,573,8259,5467
8700,34824808,736,228,207,0,90,420,605,660,129,337,384,513,1984,679,300,314,514,1311,582,1951,2042,1558,1210,15747,8088,8822,0,709,1053,581,8359,5557
8800,35245160,743,234,207,0,91,424,612,673,131,337,388,519,2013,688,302,318,519,1327,589,1976,2072,1584,1222,15944,8196,8944,0,721,1065,590,8460,5626
8900,35663651,753,239,209,0,92,431,618,681,132,339,391,523,2041,700,303,322,528,1339,603,2005,2096,1606,1236,16164,8314,9064,0,733,1078,600,8567,5709
9000,36081367,759,241,214,0,94,437,629,687,132,345,398,531,2074,714,310,327,535,1353,612,2032,2122,1626,1250,16386,8413,9164,0,737,1087,608,8657,5776
9100,36497754,765,246,215,0,95,442,636,698,132,346,400,536,2101,724,315,330,539,1371,619,2054,2163,1645,1271,16586,8515,9282,0,749,1104,612,8763,5840
9200,36915423,775,247,217,0,96,449,644,703,132,348,408,543,2130,733,323,332,545,1387,627,2070,2192,1661,1290,16785,8604,9372,0,761,1122,621,8857,5914
9300,37334451,783,249,219,0,97,454,648,710,133,351,417,547,2167,742,328,334,551,1405,633,2096,2218,1683,1306,16986,8714,9482,0,775,1133,630,8983,5995
9400,37751863,789,253,223,0,101,460,655,718,137,354,424,549,2199,746,332,340,556,1427,642,2130,2244,1703,1317,17212,8813,9583,0,779,1143,638,9092,6088
9500,38167800,795,256,226,0,103,463,664,726,138,359,427,555,2216,752,334,342,564,1448,649,2156,2270,1722,1328,17402,8909,9705,0,795,1156,647,9204,6157
9600,38583879,802,264,228,0,106,468,667,735,140,367,430,561,2242,755,343,345,571,1465,653,2187,2305,1743,1338,17614,9001,9817,0,804,1168,660,9305,6227
9700,39001685,811,266,232,0,111,474,671,739,143,371,435,572,2257,767,346,353,579,1488,658,2212,2326,1764,1348,17826,9096,9912,0,807,1177,663,9405,6313
9800,39418529,817,269,233,0,112,477,676,747,143,377,442,575,2278,776,352,357,584,1500,665,2238,2348,1789,1363,18022,9202,10002,0,817,1191,671,9493,6390
9900,39838881,824,272,236,0,113,481,680,756,145,380,446,582,2296,786,354,360,586,1513,670,2260,2371,1804,1373,18221,9295,10115,0,827,1210,678,9605,6454
10000,40260572,836,272,240,0,116,483,685,763,146,384,453,590,2329,792,358,364,593,1527,681,2287,2396,1823,1383,18452,9392,10232,0,835,1224,687,9704,6519
10100,40680621,845,276,241,0,116,486,692,773,148,391,457,602,2357,801,365,369,601,1552,691,2314,2419,1844,1396,18646,9493,10345,0,851,1234,693,9814,6593
10200,41101244,854,278,244,0,116,489,705,783,150,393,465,606,2385,810,367,372,606,1572,702,2341,2437,1864,1417,18873,9590,10453,0,865,1246,698,9913,6668
10300,41521584,861,279,247,0,117,495,715,791,150,402,468,613,2415,815,372,374,612,1586,712,2363,2462,1884,1435,19086,9684,10563,0,870,1262,707,10027,6742
10400,41942676,869,282,248,0,117,496,725,800,152,404,473,622,2443,822,376,378,618,1601,717,2384,2485,1906,1451,19309,9783,10677,0,880,1273,717,10133,6830
10500,42362374,877,284,251,0,118,501,738,803,152,405,480,629,2460,828,379,382,627,1610,725,2407,2510,1931,1468,19521,9883,10798,0,887,1280,725,10238,6899
10600,42780531,890,288,255,0,120,506,749,814,152,410,483,641,2476,839,388,384,635,1630,734,2431,2530,1950,1483,19733,9973,10917,0,893,1298,734,10365,6985
10700,43199222,902,289,256,0,121,512,757,820,154,418,486,647,2502,852,391,385,642,1642,743,2457,2561,1968,1494,19921,10082,11030,0,900,1313,742,10472,7056
10800,43618671,908,293,257,0,122,518,764,829,157,419,490,654,2529,866,394,390,654,1660,750,2485,2584,1992,1500,20117,10176,11139,0,910,1321,747,10584,7138
10900,44037869,918,299,260,0,125,529,773,837,159,423,493,661,2556,878,399,393,658,1682,753,2512,2618,2017,1514,20316,10285,11256,0,924,1331,751,10700,7198
11000,44457532,925,304,263,0,125,533,779,842,162,427,495,668,2577,890,402,396,666,1696,760,2535,2646,2036,1530,20507,10386,11353,0,927,1347,757,10824,7276
11100,44877271,932,306,269,0,126,538,790,851,163,428,496,673,2598,896,405,399,675,1714,766,2570,2681,2053,1541,20696,10478,11476,0,933,1364,767,10918,7351
11200,45294730,937,307,271,0,128,546,798,859,165,433,501,677,2617,904,409,403,682,1733,774,2588,2703,2085,1561,20901,10586,11588,0,941,1378,771,11043,7417
11300,45712231,942,310,271,0,128,552,805,869,167,438,502,684,2652,917,413,406,693,1749,778,2619,2727,2101,1578,21111,10693,11703,0,948,1386,778,11150,7498
11400,46131154,949,314,274,0,130,558,813,877,169,444,510,692,2670,932,418,411,703,1763,784,2646,2758,2119,1591,21316,10788,11819,0,957,1398,779,11266,7580
11500,46549744,954,314,277,0,132,561,816,881,173,449,515,696,2697,942,423,416,705,1782,788,2677,2780,2136,1603,21511,10893,11928,0,966,1405,791,11378,7652
11600,46968935,958,317,282,0,133,569,820,892,173,455,522,703,2723,957,426,425,717,1800,792,2701,2802,2158,1617,21702,10974,12041,0,974,1421,801,11483,7718
11700,47387080,966,319,283,0,134,575,827,900,175,459,526,713,2748,968,430,431,726,1826,796,2726,2829,2169,1632,21896,11076,12175,0,989,1431,804,11597,7785
11800,47804671,972,322,285,0,135,583,839,912,175,460,534,720,2778,977,438,439,729,1834,806,2750,2863,2185,1643,22102,11185,12297,0,1002,1449,812,11730,7851
11900,48223719,982,324,286,0,136,588,845,921,178,465,543,732,2798,982,441,448,734,1853,816,2780,2888,2201,1657,22307,11283,12402,0,1009,1472,819,11831,7916
12000,48644463,994,327,286,0,136,595,855,928,180,469,545,739,2820,986,445,451,742,1869,825,2809,2916,2221,1675,22496,11373,12516,0,1016,1484,826,11937,7985
12100,49065594,1002,329,286,0,136,601,862,937,181,477,550,746,2843,1000,450,452,748,1883,829,2833,2942,2246,1690,22690,11462,12633,0,1025,1503,839,12046,8072
12200,49486243,1007,332,289,0,138,607,867,944,185,480,553,748,2857,1009,455,457,749,1903,834,2865,2967,2264,1708,22892,11562,12738,0,1033,1519,846,12158,8139
12300,49906403,1015,334,290,0,142,611,873,951,187,485,561,754,2892,1014,458,462,756,1914,840,2898,2988,2280,1726,23094,11673,12856,0,1047,1531,853,12274,8232
12400,50323840,1027,336,294,0,142,614,880,959,189,490,568,758,2916,1024,466,471,763,1931,851,2922,3009,2301,1741,23310,11791,12986,0,1062,1540,862,12391,8319
12500,50739347,1035,340,298,0,143,621,890,966,190,492,571,760,2944,1027,468,477,769,1959,861,2953,3037,2329,1753,23523,11886,13104,0,1071,1552,870,12491,8380
12600,51156355,1045,341,302,0,144,626,904,976,190,499,572,766,2974,1034,473,483,773,1973,871,2980,3064,2343,1770,23702,11980,13212,0,1080,1571,878,12603,8465
12700,51573451,1055,347,303,0,145,629,911,984,191,506,576,772,3003,1042,477,487,778,1994,879,3005,3088,2357,1792,23906,12077,13331,0,1091,1579,886,12702,8555
12800,51990481,1063,349,304,0,149,643,922,995,192,514,578,777,3021,1054,479,489,786,2009,888,3032,3109,2371,1803,24114,12182,13437,0,1098,1586,890,12810,8627
12900,52407782,1072,350,305,0,150,647,926,1005,195,514,582,780,3043,1060,480,496,793,2022,895,3058,3130,2393,1823,24313,12288,13553,0,1108,1594,897,12931,8697
13000,52825428,1082,356,308,0,150,651,934,1010,195,518,593,782,3076,1068,483,501,800,2041,900,3082,3158,2410,1840,24516,12382,13658,0,1120,1612,908,13033,8772
13100,53240249,1089,359,310,0,150,658,942,1021,197,525,599,794,3096,1080,488,505,807,2058,904,3103,3188,2434,1852,24701,12486,13783,0,1126,1627,916,13161,8860
13200,53655727,1093,363,311,0,150,661,952,1026,200,531,607,801,3118,1086,488,509,815,2068,910,3125,3218,2449,1864,24901,12578,13891,0,1133,1636,923,13258,8944
13300,54072437,1109,364,316,0,150,667,960,1035,201,534,608,805,3132,1096,491,514,822,2082,914,3155,3242,2463,1886,25091,12670,14012,0,1148,1650,927,13357,9023
13400,54490964,1120,368,323,0,151,676,966,1041,202,536,613,810,3155,1104,494,516,827,2095,918,3183,3268,2487,1906,25300,12773,14129,0,1151,1660,932,13459,9085
13500,54909895,1127,372,324,0,153,680,974,1045,204,541,617,817,3182,1112,498,518,831,2116,926,3212,3286,2507,1921,25503,12877,14258,0,1162,1676,941,13580,9148
13600,55329822,1134,373,324,0,154,685,982,1054,206,543,619,825,3207,1119,500,523,835,2132,929,3236,3315,2531,1940,25695,12970,14386,0,1165,1688,949,13697,9215
13700,55750033,1141,377,327,0,154,688,991,1058,208,553,621,828,3233,1132,502,530,841,2145,931,3263,3340,2551,1954,25901,13068,14492,0,1176,1700,954,13804,9288
13800,56171977,1152,380,330,0,154,690,996,1065,209,557,624,837,3259,1140,510,533,852,2161,937,3285,3370,2575,1968,26073,13170,14614,0,1188,1715,961,13907,9360
13900,56595160,1163,381,332,0,155,694,1000,1071,213,560,626,841,3282,1152,516,536,860,2181,945,3309,3395,2596,1990,26283,13283,14738,0,1198,1733,975,14030,9422
14000,57015053,1169,382,334,0,155,696,1000,1081,216,562,632,850,3315,1158,519,537,868,2193,953,3337,3426,2616,2003,26479,13364,14840,0,1204,1749,985,14135,9498
14100,57436635,1181,385,339,0,156,700,1009,1090,218,565,635,862,3339,1169,521,544,873,2205,963,3355,3451,2634,2016,26690,13469,14941,0,1219,1757,995,14246,9556
14200,57856164,1190,388,339,0,156,701,1017,1097,218,569,642,870,3367,1179,521,547,881,2227,974,3381,3482,2659,2036,26912,13570,15064,0,1225,1765,1003,14340,9652
14300,58276671,1197,394,342,0,157,706,1024,1109,221,575,645,876,3397,1191,525,552,890,2242,986,3406,3500,2670,2057,27127,13677,15183,0,1239,1775,1009,14440,9724
14400,58696465,1205,398,343,0,157,712,1034,1113,223,579,652,882,3419,1202,528,558,897,2255,991,3427,3528,2688,2076,27344,13791,15317,0,1247,1785,1014,14552,9802
14500,59116305,1215,400,344,0,158,718,1046,1116,223,582,659,886,3438,1210,537,562,901,2266,998,3448,3557,2717,2088,27534,13894,15415,0,1253,1797,1018,14646,9898
14600,59535614,1226,403,348,0,159,723,1051,1121,225,584,663,894,3474,1225,540,564,906,2290,1010,3477,3591,2736,2099,27743,14006,15526,0,1259,1804,1027,14748,9974
14700,59955631,1238,407,348,0,159,728,1064,1130,225,586,664,899,3495,1234,546,569,910,2310,1020,3502,3626,2755,2122,27972,14121,15637,0,1269,1820,1037,14855,10036
14800,60373925,1248,411,352,0,159,732,1069,1139,230,586,667,904,3528,1249,551,572,917,2330,1028,3516,3647,2780,2134,28171,14229,15740,0,1278,1829,1042,14979,10107
14900,60792279,1264,414,357,0,160,735,1080,1142,233,594,673,907,3555,1262,559,581,927,2343,1040,3540,3676,2803,2144,28372,14340,15852,0,1291,1845,1053,15096,10174
15000,61211377,1271,414,359,0,162,739,1087,1148,234,599,678,910,3583,1269,561,583,933,2370,1047,3562,3699,2817,2158,28557,14430,15948,0,1299,1859,1059,15206,10253
15100,61630816,1281,417,364,0,164,743,1097,1154,235,603,686,916,3615,1274,564,590,937,2383,1056,3598,3727,2830,2173,28759,14536,16071,0,1311,1870,1066,15305,10311
15200,62050232,1288,420,365,0,165,751,1107,1164,236,605,693,923,3647,1288,565,592,946,2406,1061,3628,3754,2846,2197,28970,14636,16178,0,1322,1878,1073,15427,10366
15300,62467921,1301,424,368,0,166,756,1111,1175,237,611,697,926,3672,1301,568,595,957,2423,1068,3653,3784,2865,2211,29182,14739,16270,0,1331,1885,1084,15517,10429
15400,62887141,1314,426,371,0,168,758,1120,1183,239,614,702,930,3698,1312,573,603,964,2440,1074,3683,3802,2887,2229,29374,14839,16371,0,1342,1906,1094,15607,10507
15500,63307706,1319,427,376,0,169,763,1130,1195,239,620,711,936,3724,1326,575,608,972,2457,1080,3706,3826,2905,2248,29569,14938,16482,0,1354,1918,1109,15722,10580
15600,63727373,1325,429,379,0,171,771,1140,1204,241,622,718,952,3757,1341,579,609,979,2469,1086,3736,3851,2921,2264,29763,15039,16577,0,1374,1932,1118,15834,10642
15700,64146428,1342,431,379,0,176,775,1146,1215,242,626,727,958,3782,1350,582,611,987,2494,1093,3764,3875,2943,2272,29985,15145,16703,0,1388,1942,1125,15923,10717
15800,64565995,1353,437,383,0,177,782,1154,1223,244,630,731,963,3797,1356,589,615,994,2507,1096,3787,3899,2964,2294,30175,15261,16821,0,1403,1953,1133,16049,10781
15900,64985957,1364,440,383,0,178,789,1165,1230,247,639,742,971,3827,1366,592,615,1000,2537,1101,3825,3922,2978,2308,30387,15344,16924,0,1410,1972,1141,16165,10862
16000,65404548,1375,445,385,0,179,795,1174,1245,248,644,748,977,3851,1380,595,618,1008,2552,1109,3850,3951,2997,2322,30582,15458,17039,0,1417,1987,1149,16276,10937
16100,65824378,1386,448,390,0,181,798,1180,1253,250,648,752,987,3871,1390,598,621,1014,2569,1112,3886,3984,3016,2340,30801,15573,17146,0,1423,1994,1155,16370,11011
16200,66243342,1401,452,390,0,181,808,1190,1256,251,657,761,1000,3903,1399,600,630,1028,2586,1119,3903,4000,3038,2354,30984,15661,17246,0,1431,2006,1166,16479,11080
16300,66663605,1406,456,393,0,181,813,1197,1262,251,661,771,1004,3922,1404,601,638,1037,2601,1127,3933,4023,3050,2365,31174,15755,17356,0,1437,2021,1176,16565,11154
16400,67084295,1413,458,394,0,182,823,1211,1270,252,664,778,1011,3957,1414,604,641,1043,2614,1138,3959,4044,3066,2381,31374,15853,17455,0,1445,2032,1187,16674,11234
16500,67504414,1421,461,396,0,182,827,1218,1280,252,667,784,1018,3984,1426,608,647,1051,2626,1147,3988,4073,3085,2396,31592,15957,17545,0,1456,2044,1190,16786,11305
16600,67926135,1430,465,403,0,182,829,1228,1287,254,671,787,1022,4006,1440,615,650,1059,2645,1161,4007,4112,3107,2415,31808,16068,17663,0,1465,2057,1194,16891,11384
16700,68345591,1443,469,403,0,183,834,1240,1300,258,679,795,1027,4030,1448,619,653,1073,2660,1171,4034,4142,3123,2426,32022,16157,17753,0,1476,2072,1201,16994,11452
16800,68765056,1457,474,405,0,185,837,1248,1311,260,685,799,1032,4055,1455,623,659,1080,2680,1178,4063,4167,3140,2439,32203,16280,17859,0,1488,2086,1206,17106,11534
16900,69184657,1468,481,406,0,185,843,1261,1317,262,687,806,1038,4079,1473,626,666,1090,2701,1184,4078,4194,3153,2459,32431,16383,17971,0,1497,2099,1210,17212,11602
17000,69603610,1478,483,411,0,185,847,1268,1323,265,695,811,1047,4105,1483,627,669,1098,2715,1189,4096,4217,3176,2469,32642,16485,18081,0,1510,2109,1222,17318,11676
17100,70022208,1484,483,414,0,188,851,1278,1334,266,703,815,1051,4128,1498,630,676,1105,2730,1199,4121,4249,3196,2480,32822,16586,18183,0,1517,2125,1231,17416,11756
17200,70440217,1494,487,418,0,190,857,1284,1341,268,707,818,1060,4157,1506,634,688,1114,2743,1202,4151,4284,3218,2495,33041,16669,18306,0,1527,2131,1235,17527,11819
17300,70857178,1505,490,422,0,190,862,1296,1352,271,713,826,1070,4180,1521,636,691,1118,2765,1209,4171,4310,3241,2508,33249,16777,18405,0,1535,2142,1250,17628,11882
17400,71273907,1509,494,426,0,193,863,1305,1362,272,714,828,1075,4218,1530,638,699,1127,2783,1218,4195,4341,3261,2521,33456,16872,18520,0,1548,2165,1258,17727,11959
17500,71692276,1518,499,429,0,193,867,1317,1368,273,721,831,1080,4239,1537,641,706,1134,2799,1226,4225,4369,3283,2532,33663,16974,18632,0,1559,2179,1267,17824,12030
17600,72110721,1524,502,432,0,194,875,1321,1380,274,725,834,1084,4265,1547,645,707,1141,2817,1233,4252,4396,3302,2548,33839,17080,18735,0,1568,2192,1274,17945,12096
17700,72527977,1532,503,432,0,194,878,1334,1395,275,731,839,1090,4293,1558,651,711,1146,2829,1238,4280,4429,3325,2561,34068,17164,18845,0,1577,2205,1281,18048,12168
17800,72944297,1539,504,435,0,195,884,1340,1399,276,739,841,1100,4309,1565,654,714,1156,2842,1243,4302,4460,3341,2581,34269,17272,18967,0,1591,2216,1289,18148,12268
17900,73360387,1546,509,439,0,196,890,1346,1408,279,743,849,1105,4333,1577,662,716,1164,2855,1255,4321,4484,3358,2596,34478,17374,19094,0,1602,2224,1296,18253,12339
18000,73776296,1557,514,442,0,197,895,1353,1413,281,748,856,1109,4356,1588,665,720,1169,2869,1264,4345,4513,3376,2610,34655,17465,19195,0,1618,2238,1307,18369,12409
18100,74192984,1567,517,447,0,197,898,1360,1424,281,751,861,1111,4377,1596,671,726,1177,2889,1271,4377,4533,3390,2627,34853,17572,19317,0,1627,2254,1310,18476,12486
18200,74609035,1576,522,448,0,199,903,1370,1435,283,758,863,1117,4403,1610,675,731,1187,2910,1277,4402,4551,3412,2644,35045,17668,19437,0,1633,2264,1314,18585,12548
18300,75025639,1578,527,449,0,199,906,1373,1444,285,761,867,1123,4426,1618,678,734,1191,2917,1282,4420,4578,3425,2663,35234,17764,19556,0,1645,2278,1325,18679,12621
18400,75444694,1588,531,454,0,199,909,1383,1452,287,764,872,1132,4460,1628,683,737,1197,2931,1293,4449,4605,3437,2682,35444,17855,19672,0,1657,2294,1334,18793,12696
18500,75864631,1591,533,457,0,202,917,1394,1458,288,766,878,1137,4480,1641,685,741,1202,2944,1295,4475,4629,3454,2699,35651,17961,19790,0,1668,2305,1343,18914,12777
18600,76283226,1605,538,458,0,204,922,1399,1468,289,769,884,1147,4504,1654,686,744,1207,2959,1304,4498,4663,3468,2718,35854,18070,19913,0,1679,2319,1353,19034,12821
18700,76703350,1613,540,460,0,206,928,1412,1474,290,772,891,1156,4536,1668,690,753,1213,2967,1311,4512,4686,3487,2734,36035,18165,20032,0,1687,2327,1359,19131,12903
18800,77123229,1626,543,461,0,207,933,1419,1481,290,778,895,1163,4552,1676,694,755,1219,2987,1320,4537,4701,3502,2748,36240,18283,20138,0,1693,2344,1365,19233,12981
18900,77543360,1632,548,461,0,209,937,1426,1486,291,782,899,1172,4584,1690,697,756,1223,3009,1329,4558,4720,3527,2759,36445,18401,20262,0,1698,2362,1373,19341,13039
19000,77964065,1643,552,463,0,209,943,1437,1492,292,783,905,1178,4611,1697,701,764,1229,3028,1338,4588,4747,3548,2776,36633,18504,20375,0,1712,2380,1382,19461,13105
19100,78382433,1651,552,468,0,210,946,1449,1497,295,789,910,1190,4641,1708,705,772,1237,3047,1343,4619,4773,3568,2793,36846,18598,20496,0,1719,2390,1393,19550,13195
19200,78799875,1663,555,470,0,211,954,1458,1513,299,792,914,1201,4667,1712,706,775,1243,3068,1345,4646,4789,3585,2806,37050,18715,20616,0,1727,2402,1403,19674,13264
19300,79216394,1671,558,472,0,212,959,1464,1519,300,794,919,1206,4688,1719,709,781,1248,3085,1353,4669,4810,3608,2824,37259,18823,20722,0,1733,2415,1415,19781,13335
19400,79632720,1675,564,475,0,212,967,1470,1524,302,799,924,1214,4711,1730,717,784,1254,3107,1362,4691,4836,3623,2838,37474,18918,20849,0,1739,2429,1418,19890,13424
19500,80049589,1681,564,478,0,213,975,1478,1532,305,800,931,1220,4730,1743,721,790,1262,3122,1365,4715,4864,3646,2855,37676,19018,20942,0,1748,2439,1425,19983,13490
19600,80466266,1694,568,480,0,213,978,1486,1542,306,804,933,1226,4758,1753,725,792,1268,3135,1374,4736,4894,3663,2870,37864,19120,21041,0,1760,2444,1432,20076,13567
19700,80884260,1703,573,482,0,213,981,1492,1551,309,806,936,1232,4785,1763,727,797,1277,3151,1377,4763,4923,3675,2880,38081,19248,21147,0,1772,2466,1440,20162,13643
19800,81303040,1714,576,487,0,214,981,1501,1562,312,810,940,1240,4810,1773,729,802,1283,3166,1387,4794,4951,3696,2898,38271,19346,21250,0,1776,2478,1452,20262,13714
19900,81721718,1727,577,491,0,218,985,1509,1569,312,815,945,1247,4831,1784,734,804,1291,3183,1391,4816,4991,3712,2908,38471,19446,21366,0,1784,2492,1460,20360,13790
20000,82141025,1734,582,492,0,219,987,1514,1583,312,824,947,1255,4851,1796,739,805,1300,3196,1399,4838,5014,3726,2916,38676,19548,21467,0,1796,2508,1466,20469,13858
20100,82558914,1744,585,495,0,219,992,1526,1590,312,824,950,1260,4878,1805,745,806,1308,3218,1402,4864,5031,3745,2921,38886,19631,21568,0,1807,2524,1477,20595,13927
20200,82975553,1753,588,499,0,220,999,1530,1595,315,828,955,1266,4906,1814,749,809,1315,3240,1408,4899,5058,3765,2932,39105,19735,21682,0,1816,2532,1480,20713,13998
20300,83392214,1762,591,502,0,223,1003,1535,1604,316,835,961,1270,4928,1819,754,810,1320,3255,1420,4921,5083,3781,2943,39294,19836,21807,0,1825,2544,1489,20804,14073
20400,83809516,1769,594,505,0,224,1005,1542,1608,319,840,968,1282,4953,1827,757,815,1326,3273,1429,4943,5100,3804,2961,39503,19913,21916,0,1835,2554,1493,20909,14149
20500,84227628,1781,597,508,0,225,1006,1546,1618,322,842,973,1287,4979,1840,761,817,1332,3293,1435,4968,5134,3824,2975,39705,20029,22033,0,1845,2568,1501,21006,14219
20600,84643845,1797,599,513,0,225,1010,1550,1628,322,848,980,1293,5012,1847,764,824,1338,3312,1444,4996,5153,3847,2986,39910,20130,22135,0,1852,2579,1508,21105,14300
20700,85061770,1808,603,516,0,228,1018,1558,1636,325,852,985,1305,5043,1854,772,828,1344,3339,1447,5017,5181,3868,3008,40110,20226,22250,0,1856,2596,1510,21205,14359
20800,85479324,1821,603,517,0,228,1023,1568,1644,330,857,993,1309,5070,1867,774,833,1350,3354,1452,5044,5204,3881,3024,40301,20326,22360,0,1869,2608,1517,21305,14442
20900,85895350,1827,604,520,0,230,1027,1573,1650,331,864,996,1314,5097,1878,780,837,1355,3376,1459,5063,5231,3904,3035,40506,20434,22467,0,1876,2616,1525,21430,14511
21000,86312004,1836,608,525,0,230,1028,1581,1658,333,871,1002,1321,5130,1890,781,842,1360,3395,1467,5084,5263,3921,3047,40703,20547,22585,0,1883,2627,1535,21546,14579
21100,86729264,1845,610,530,0,232,1036,1588,1668,334,874,1007,1325,5152,1898,784,849,1369,3416,1474,5107,5292,3941,3058,40923,20641,22698,0,1891,2640,1540,21648,14645
21200,87147526,1852,613,533,0,233,1041,1599,1676,338,879,1013,1333,5178,1910,786,851,1375,3434,1481,5126,5320,3960,3072,41110,20737,22818,0,1899,2655,1546,21745,14735
21300,87565315,1859,617,535,0,235,1048,1611,1684,338,883,1020,1335,5205,1920,789,853,1381,3452,1488,5148,5357,3977,3083,41310,20851,22916,0,1910,2671,1556,21862,14806
21400,87981637,1869,624,540,0,235,1054,1620,1694,339,888,1024,1341,5241,1925,792,858,1386,3473,1496,5180,5385,4000,3099,41514,20958,23039,0,1919,2678,1561,21968,14876
21500,88398392,1874,626,544,0,235,1058,1629,1699,339,891,1030,1346,5271,1935,796,860,1392,3484,1505,5210,5406,4017,3110,41732,21051,23151,0,1924,2695,1567,22070,14951
21600,88815531,1883,630,547,1,236,1062,1640,1707,339,897,1032,1352,5293,1947,799,866,1403,3498,1508,5239,5430,4040,3120,41902,21150,23265,0,1935,2711,1574,22180,15028
21700,89232670,1889,637,549,1,237,1064,1648,1710,342,900,1035,1359,5323,1951,809,871,1412,3516,1521,5266,5456,4054,3133,42121,21255,23375,0,1943,2724,1582,22294,15102
21800,89649615,1898,640,551,1,238,1070,1658,1719,344,905,1042,1365,5348,1963,813,878,1418,3527,1531,5298,5480,4078,3145,42310,21372,23492,0,1954,2735,1588,22392,15170
21900,90065616,1911,641,553,1,242,1073,1667,1725,346,909,1045,1372,5375,1975,819,882,1421,3542,1540,5318,5507,4100,3158,42528,21466,23589,0,1964,2749,1601,22503,15225
22000,90481793,1917,646,554,1,244,1078,1679,1729,347,913,1052,1381,5397,1986,822,886,1429,3556,1547,5349,5523,4119,3169,42727,21569,23702,0,1976,2766,1607,22598,15311
22100,90895002,1930,646,555,1,244,1084,1686,1735,348,919,1061,1387,5421,1998,826,893,1437,3571,1554,5381,5546,4138,3189,42896,21665,23818,0,1987,2775,1614,22707,15392
22200,91310664,1941,651,558,1,246,1089,1693,1740,350,921,1067,1392,5446,2006,830,895,1442,3584,1562,5400,5566,4156,3205,43061,21771,23911,0,1996,2791,1619,22823,15459
22300,91727929,1947,653,562,1,247,1091,1701,1746,352,923,1072,1403,5469,2013,832,902,1446,3597,1574,5428,5593,4175,3216,43231,21867,24024,0,2010,2808,1629,22933,15538
22400,92146303,1955,655,563,1,248,1100,1714,1755,355,928,1080,1408,5489,2022,843,905,1455,3613,1579,5456,5624,4188,3226,43412,21967,24125,0,2016,2820,1637,23056,15623
22500,92564713,1963,658,565,1,248,1106,1725,1763,357,934,1080,1411,5509,2034,846,912,1457,3628,1582,5479,5646,4204,3242,43569,22077,24241,0,2025,2827,1646,23168,15697
22600,92983212,1973,662,567,1,248,1109,1735,1770,358,939,1082,1417,5537,2043,850,915,1463,3646,1585,5501,5667,4220,3257,43763,22174,24360,0,2032,2838,1647,23296,15792
22700,93402109,1981,666,572,1,249,1117,1745,1777,359,943,1088,1418,5567,2049,854,925,1467,3670,1592,5531,5692,4240,3271,43959,22272,24470,0,2044,2849,1649,23411,15865
22800,93820308,1989,670,574,1,252,1120,1754,1782,359,948,1094,1424,5587,2056,857,932,1476,3687,1600,5558,5718,4252,3281,44175,22376,24588,0,2051,2862,1658,23528,15918
22900,94237685,2006,671,577,1,253,1123,1765,1791,359,953,1100,1431,5610,2069,861,936,1490,3707,1609,5585,5743,4274,3293,44383,22483,24695,0,2063,2876,1666,23630,15996
23000,94654343,2017,672,579,1,254,1128,1773,1799,360,956,1102,1437,5627,2079,863,942,1494,3722,1612,5602,5771,4301,3302,44571,22612,24824,0,2068,2891,1677,23739,16051
23100,95069996,2026,674,584,1,255,1136,1781,1808,362,962,1108,1445,5650,2089,866,945,1498,3739,1617,5632,5792,4323,3316,44760,22711,24932,0,2077,2915,1681,23838,16127
23200,95487794,2031,678,586,1,258,1144,1790,1817,366,964,1112,1455,5680,2096,871,948,1504,3751,1627,5655,5812,4348,3327,44955,22799,25031,0,2088,2925,1687,23933,16197
23300,95908281,2037,682,587,1,262,1149,1800,1825,369,969,1118,1458,5714,2107,875,953,1512,3767,1630,5681,5838,4360,3338,45151,22916,25153,0,2098,2947,1698,24064,16264
23400,96326890,2048,685,589,1,262,1156,1806,1833,372,973,1123,1464,5740,2117,879,956,1518,3785,1636,5704,5860,4380,3354,45355,23023,25274,0,2105,2961,1706,24154,16339
23500,96745472,2060,689,592,1,263,1160,1818,1838,372,977,1129,1468,5769,2122,882,959,1525,3811,1643,5724,5906,4394,3366,45563,23147,25395,0,2117,2971,1713,24273,16401
23600,97162192,2066,692,595,1,265,1164,1824,1845,375,985,1132,1473,5797,2133,888,964,1530,3829,1651,5749,5943,4406,3377,45773,23251,25496,0,2126,2987,1721,24376,16469
23700,97578977,2078,695,595,1,267,1168,1832,1858,376,990,1140,1480,5828,2146,895,966,1536,3847,1657,5779,5965,4422,3392,46003,23343,25602,0,2136,2993,1731,24484,16538
23800,97996858,2090,699,601,1,267,1173,1845,1864,378,996,1147,1485,5854,2158,897,968,1542,3864,1665,5809,5990,4438,3403,46194,23453,25712,0,2145,3004,1737,24609,16602
23900,98414197,2096,702,601,1,267,1180,1855,1871,378,1001,1150,1493,5879,2168,904,972,1548,3884,1673,5830,6018,4458,3424,46386,23558,25828,0,2156,3015,1747,24722,16673
24000,98830617,2105,709,606,1,267,1187,1867,1880,380,1011,1151,1500,5899,2175,908,976,1552,3905,1680,5860,6052,4478,3437,46582,23655,25933,0,2160,3021,1756,24842,16739
24100,99246416,2115,709,606,1,270,1193,1873,1889,383,1017,1158,1507,5923,2191,911,979,1560,3917,1682,5888,6067,4511,3458,46745,23746,26037,0,2175,3029,1764,24944,16818
24200,99662579,2121,713,608,1,273,1197,1879,1898,385,1021,1161,1516,5943,2199,916,980,1564,3934,1690,5916,6105,4527,3472,46945,23853,26148,0,2186,3036,1776,25038,16883
24300,100077911,2133,717,610,1,273,1199,1887,1909,387,1032,1165,1525,5965,2205,919,982,1570,3951,1696,5946,6132,4544,3490,47155,23965,26265,0,2192,3047,1784,25128,16954
24400,100494586,2146,719,612,1,273,1205,1898,1919,389,1038,1172,1530,5987,2213,924,987,1577,3962,1707,5980,6161,4563,3506,47346,24047,26371,0,2203,3059,1789,25219,17025
24500,100913211,2156,723,613,1,274,1210,1912,1928,391,1043,1178,1534,6020,2224,927,990,1581,3987,1714,6009,6186,4584,3520,47569,24142,26468,0,2208,3075,1797,25318,17105
24600,101330431,2166,725,616,1,276,1215,1920,1935,391,1049,1183,1543,6052,2231,931,993,1585,4012,1723,6033,6211,4605,3533,47768,24258,26569,0,2218,3083,1806,25421,17169
24700,101748936,2173,732,621,1,276,1221,1927,1945,392,1052,1187,1548,6074,2241,935,997,1590,4038,1732,6065,6234,4619,3543,47973,24373,26684,0,2222,3100,1810,25527,17237
24800,102167882,2182,738,623,1,277,1226,1934,1950,393,1054,1192,1559,6099,2252,938,999,1597,4057,1741,6087,6259,4634,3556,48184,24488,26796,0,2230,3110,1823,25634,17312
24900,102588884,2191,739,626,1,279,1233,1938,1955,393,1060,1195,1565,6119,2263,941,1005,1606,4073,1749,6108,6293,4657,3572,48387,24585,26901,0,2236,3125,1834,25733,17370
25000,103009242,2199,743,629,1,279,1239,1950,1963,395,1064,1200,1568,6151,2274,946,1009,1610,4096,1754,6133,6323,4675,3585,48580,24688,27015,0,2244,3139,1840,25840,17445
25100,103429235,2203,743,630,1,280,1246,1957,1968,398,1068,1204,1576,6180,2284,947,1012,1612,4110,1761,6157,6353,4693,3604,48791,24795,27121,0,2252,3147,1843,25934,17511
25200,103851040,2215,744,630,1,282,1252,1962,1977,399,1074,1208,1578,6208,2291,953,1017,1620,4127,1771,6189,6373,4714,3622,48990,24892,27235,0,2258,3167,1850,26044,17591
25300,104273150,2225,745,635,1,284,1261,1975,1982,401,1080,1212,1582,6229,2300,955,1022,1625,4148,1776,6217,6392,4731,3634,49207,24984,27354,0,2272,3179,1856,26157,17681
25400,104692285,2234,748,636,1,284,1266,1990,1991,405,1088,1213,1593,6257,2313,959,1024,1634,4163,1787,6241,6414,4750,3645,49421,25090,27487,0,2280,3197,1866,26265,17759
25500,105111462,2240,750,638,1,284,1270,1995,2002,405,1091,1216,1601,6282,2330,964,1028,1641,4179,1796,6274,6436,4763,3665,49640,25187,27607,0,2290,3205,1875,26363,17837
25600,105529052,2249,753,641,1,286,1273,2009,2009,407,1097,1218,1605,6307,2337,969,1029,1646,4192,1802,6299,6462,4776,3680,49838,25290,27731,0,2299,3217,1880,26477,17906
25700,105947046,2259,755,643,1,286,1279,2014,2019,408,1101,1220,1611,6337,2348,976,1030,1652,4210,1807,6328,6494,4795,3691,50021,25399,27837,0,2312,3228,1886,26562,17981
25800,106365797,2267,755,646,1,288,1286,2025,2024,409,1103,1225,1614,6364,2356,980,1032,1662,4223,1823,6349,6517,4816,3701,50225,25505,27954,0,2326,3244,1893,26687,18049
25900,106785087,2276,758,648,1,288,1293,2036,2035,411,1107,1228,1616,6390,2362,989,1039,1668,4239,1829,6386,6541,4831,3720,50418,25605,28072,0,2332,3252,1901,26805,18116
26000,107201393,2288,761,655,1,289,1299,2044,2043,413,1112,1234,1624,6414,2367,997,1039,1673,4264,1836,6417,6564,4846,3741,50630,25707,28201,0,2340,3261,1909,26920,18193
26100,107616285,2295,765,656,1,290,1303,2052,2057,415,1117,1235,1630,6446,2380,998,1046,1684,4282,1842,6444,6596,4869,3756,50846,25803,28312,0,2348,3272,1920,27024,18259
26200,108032596,2298,769,658,1,293,1308,2063,2068,417,1122,1240,1643,6472,2389,1002,1052,1690,4290,1852,6468,6620,4887,3779,51042,25906,28434,0,2356,3286,1929,27128,18323
26300,108449577,2304,770,660,1,293,1314,2066,2074,420,1123,1247,1648,6489,2400,1006,1058,1699,4307,1859,6488,6639,4909,3798,51230,26008,28542,0,2362,3301,1936,27222,18395
26400,108867534,2316,775,662,1,293,1321,2076,2087,422,1127,1258,1657,6511,2408,1009,1065,1701,4325,1866,6509,6671,4923,3820,51418,26114,28646,0,2371,3314,1943,27318,18462
26500,109284766,2325,776,665,1,294,1328,2084,2095,424,1129,1264,1663,6532,2417,1014,1065,1709,4337,1876,6535,6700,4944,3832,51627,26226,28753,0,2380,3327,1955,27411,18529
26600,109702702,2334,781,665,1,295,1334,2092,2104,424,1130,1269,1674,6557,2426,1019,1068,1715,4356,1887,6557,6725,4969,3848,51839,26335,28875,0,2386,3340,1959,27504,18604
26700,110121019,2339,785,667,1,296,1340,2099,2108,426,1136,1274,1680,6572,2435,1021,1073,1727,4369,1890,6589,6750,4987,3869,52040,26433,28988,0,2392,3364,1967,27609,18665
26800,110540028,2346,788,668,1,297,1343,2111,2111,429,1137,1278,1687,6597,2444,1024,1076,1733,4395,1898,6616,6765,5007,3893,52233,26525,29098,0,2397,3373,1978,27717,18750
26900,110957382,2351,793,668,1,298,1352,2118,2123,429,1140,1284,1693,6612,2458,1030,1080,1737,4415,1904,6639,6795,5030,3910,52441,26622,29218,0,2408,3385,1983,27832,18828
27000,111374708,2357,795,669,1,298,1359,2129,2126,430,1143,1292,1697,6640,2469,1034,1085,1742,4432,1913,6672,6821,5054,3921,52636,26729,29348,0,2420,3391,1990,27939,18911
27100,111791575,2369,795,673,1,300,1364,2134,2133,432,1147,1296,1702,6671,2481,1040,1090,1748,4445,1918,6700,6845,5073,3931,52828,26860,29459,0,2429,3403,2000,28039,18975
27200,112208688,2376,798,676,1,301,1371,2140,2142,434,1150,1303,1707,6689,2495,1043,1092,1755,4462,1924,6736,6868,5100,3946,53023,26960,29560,0,2432,3419,2007,28153,19050
27300,112626790,2385,800,679,1,302,1375,2148,2147,435,1153,1308,1714,6721,2504,1049,1096,1761,4477,1936,6763,6886,5116,3965,53219,27041,29679,0,2440,3433,2015,28259,19123
27400,113043722,2389,807,679,1,302,1379,2158,2159,437,1155,1313,1725,6748,2511,1051,1099,1763,4493,1942,6792,6915,5137,3980,53437,27139,29795,0,2451,3450,2021,28357,19180
27500,113460968,2399,810,681,1,305,1382,2163,2167,438,1157,1317,1733,6775,2524,1058,1100,1769,4508,1952,6810,6942,5157,3994,53636,27251,29912,0,2463,3463,2026,28459,19247
27600,113878330,2408,814,681,1,305,1386,2166,2174,440,1162,1318,1744,6799,2533,1060,1106,1776,4521,1957,6835,6969,5176,4009,53862,27329,30031,0,2473,3477,2035,28579,19315
27700,114296630,2412,820,685,1,307,1392,2170,2179,441,1165,1323,1750,6835,2544,1064,1111,1779,4535,1965,6864,6995,5187,4027,54049,27435,30138,0,2482,3492,2042,28692,19391
27800,114715142,2415,822,689,1,309,1397,2179,2184,441,1172,1327,1753,6867,2557,1069,1114,1786,4554,1974,6895,7023,5202,4040,54271,27533,30239,0,2495,3502,2051,28805,19470
27900,115132598,2426,827,692,1,309,1403,2194,2190,443,1179,1333,1757,6893,2566,1072,1117,1789,4574,1980,6918,7045,5222,4056,54483,27614,30366,0,2503,3518,2061,28933,19537
28000,115549707,2432,832,694,1,312,1407,2208,2195,445,1182,1338,1761,6922,2577,1077,1119,1795,4591,1988,6953,7078,5246,4064,54697,27708,30466,0,2509,3529,2068,29032,19615
28100,115967021,2441,832,701,1,314,1413,2219,2204,445,1182,1346,1766,6949,2585,1081,1123,1803,4610,1996,6983,7108,5264,4080,54909,27820,30565,0,2517,3542,2071,29142,19697
28200,116382822,2446,833,702,1,315,1418,2227,2209,447,1192,1351,1776,6971,2594,1085,1128,1808,4630,2003,7010,7134,5284,4097,55107,27925,30682,0,2526,3553,2080,29235,19771
28300,116798410,2454,837,704,1,316,1420,2237,2214,447,1194,1357,1782,6992,2607,1094,1133,1814,4641,2011,7031,7168,5305,4105,55287,28030,30795,0,2536,3562,2086,29334,19844
28400,117215089,2462,840,706,1,316,1421,2243,2226,448,1202,1359,1784,7015,2615,1099,1139,1817,4653,2020,7056,7196,5320,4118,55498,28143,30914,0,2544,3576,2094,29440,19916
28500,117631746,2471,846,707,1,317,1428,2245,2229,450,1206,1363,1792,7045,2622,1101,1142,1826,4672,2024,7085,7228,5339,4135,55723,28236,31020,0,2553,3587,2099,29540,19996
28600,118047794,2477,850,710,1,320,1432,2251,2235,450,1208,1367,1798,7070,2631,1106,1146,1829,4690,2031,7106,7259,5369,4147,55936,28324,31146,0,2556,3597,2104,29652,20068
28700,118462795,2483,851,712,1,320,1434,2258,2241,452,1212,1368,1811,7101,2637,1110,1152,1841,4708,2041,7131,7287,5387,4165,56130,28415,31254,0,2566,3608,2113,29782,20138
28800,118877735,2489,851,715,1,320,1442,2268,2254,453,1215,1376,1818,7125,2647,1113,1156,1848,4724,2045,7160,7313,5408,4183,56314,28507,31375,0,2575,3620,2123,29886,20211
28900,119293438,2499,853,715,1,321,1449,2274,2261,453,1220,1379,1827,7146,2656,1118,1163,1858,4741,2048,7192,7343,5430,4201,56530,28608,31488,0,2584,3632,2129,29992,20271
29000,119706743,2506,857,720,1,321,1460,2281,2271,456,1226,1382,1832,7171,2666,1124,1165,1862,4760,2052,7224,7366,5450,4209,56751,28721,31609,0,2594,3656,2138,30105,20335
29100,120121903,2515,859,724,1,321,1462,2289,2282,457,1228,1386,1840,7199,2678,1126,1171,1866,4778,2057,7249,7388,5471,4222,56946,28799,31719,0,2603,3670,2148,30222,20407
29200,120540647,2528,863,726,1,324,1465,2296,2291,459,1234,1394,1845,7224,2685,1131,1174,1871,4796,2065,7275,7415,5489,4234,57121,28895,31834,0,2610,3681,2154,30354,20470
29300,120960621,2533,866,730,1,325,1471,2307,2300,462,1241,1401,1851,7241,2694,1133,1180,1879,4819,2078,7299,7448,5507,4245,57322,28999,31945,0,2618,3687,2156,30456,20539
29400,121379404,2542,869,732,1,327,1477,2312,2315,465,1244,1408,1859,7264,2706,1135,1187,1886,4832,2085,7322,7472,5529,4260,57515,29095,32062,0,2631,3698,2165,30575,20619
29500,121797000,2551,872,735,1,328,1479,2322,2324,465,1249,1413,1866,7282,2718,1137,1191,1895,4854,2091,7350,7500,5543,4274,57730,29198,32169,0,2637,3706,2170,30673,20686
29600,122213686,2562,874,738,1,330,1485,2330,2330,467,1256,1418,1869,7305,2727,1138,1196,1901,4870,2098,7377,7519,5562,4287,57924,29317,32252,0,2648,3715,2176,30779,20769
29700,122630233,2566,877,738,1,332,1489,2337,2336,467,1264,1423,1879,7337,2738,1142,1200,1906,4887,2105,7400,7540,5584,4301,58127,29425,32383,0,2655,3725,2185,30894,20846
29800,123046890,2575,879,740,1,334,1490,2349,2343,467,1266,1428,1887,7356,2747,1146,1208,1908,4895,2116,7430,7573,5601,4313,58317,29542,32489,0,2671,3739,2193,31013,20921
29900,123464382,2579,882,746,1,334,1494,2357,2352,469,1273,1431,1893,7376,2755,1149,1212,1914,4906,2128,7451,7599,5614,4324,58507,29658,32596,0,2679,3751,2200,31120,21002
30000,123880332,2588,885,749,1,336,1498,2366,2357,470,1282,1439,1898,7412,2764,1152,1217,1917,4928,2135,7476,7624,5640,4341,58717,29766,32707,0,2685,3770,2208,31225,21081
