t , Ki , Mi , Ni , Vxi , Vyi , Vzi , Txi , Tyi , Tzi
0 , 119.233 , 0.0397445 , 3e+21 , -8.69807 , -1.18666 , 7.91446 , 0.0256823 , 0.0275401 , 0.0262261
2.22159e-08 , 119.233 , 0.0397445 , 3e+21 , -8.69807 , -1.18666 , 7.91446 , 0.0256823 , 0.0275401 , 0.0262261
4.44317e-08 , 119.233 , 0.0397445 , 3e+21 , -8.69807 , -1.18666 , 7.91446 , 0.0256823 , 0.0275401 , 0.0262261
6.66476e-08 , 119.233 , 0.0397445 , 3e+21 , -8.69807 , -1.18666 , 7.91446 , 0.0256823 , 0.0275401 , 0.0262261
8.88634e-08 , 119.233 , 0.0397445 , 3e+21 , -8.69807 , -1.18666 , 7.91446 , 0.0256823 , 0.0275401 , 0.0262261
1.11079e-07 , 119.233 , 0.0397445 , 3e+21 , -8.69807 , -1.18666 , 7.91446 , 0.0256823 , 0.0275401 , 0.0262261
1.33295e-07 , 119.233 , 0.0397445 , 3e+21 , -8.69807 , -1.18666 , 7.91446 , 0.0256823 , 0.0275401 , 0.0262261
1.55511e-07 , 119.233 , 0.0397445 , 3e+21 , -8.69807 , -1.18666 , 7.91446 , 0.0256823 , 0.0275401 , 0.0262261
1.77727e-07 , 119.233 , 0.0397445 , 3e+21 , -8.69807 , -1.18666 , 7.91446 , 0.0256823 , 0.0275401 , 0.0262261
1.99943e-07 , 119.233 , 0.0397445 , 3e+21 , -8.69807 , -1.18666 , 7.91446 , 0.0256823 , 0.0275401 , 0.0262261
2.22159e-07 , 119.233 , 0.0397445 , 3e+21 , -8.69807 , -1.18666 , 7.91446 , 0.0256823 , 0.0275401 , 0.0262261
2.44374e-07 , 119.233 , 0.0397445 , 3e+21 , -8.69807 , -1.18666 , 7.91446 , 0.0256823 , 0.0275401 , 0.0262261
2.6659e-07 , 119.233 , 0.0397445 , 3e+21 , -8.69807 , -1.18666 , 7.91446 , 0.0256823 , 0.0275401 , 0.0262261
2.88806e-07 , 119.233 , 0.0397445 , 3e+21 , -8.69807 , -1.18666 , 7.91446 , 0.0256823 , 0.0275401 , 0.0262261
3.11022e-07 , 119.233 , 0.0397445 , 3e+21 , -8.69807 , -1.18666 , 7.91446 , 0.0256823 , 0.0275401 , 0.0262261
3.33238e-07 , 119.233 , 0.0397445 , 3e+21 , -8.69807 , -1.18666 , 7.91446 , 0.0256823 , 0.0275401 , 0.0262261
3.55454e-07 , 119.233 , 0.0397445 , 3e+21 , -8.69807 , -1.18666 , 7.91446 , 0.0256823 , 0.0275401 , 0.0262261
3.7767e-07 , 119.233 , 0.0397445 , 3e+21 , -8.69807 , -1.18666 , 7.91446 , 0.0256823 , 0.0275401 , 0.0262261
3.99885e-07 , 119.233 , 0.0397445 , 3e+21 , -8.69807 , -1.18666 , 7.91446 , 0.0256823 , 0.0275401 , 0.0262261
4.22101e-07 , 119.233 , 0.0397445 , 3e+21 , -8.69807 , -1.18666 , 7.91446 , 0.0256823 , 0.0275401 , 0.0262261
4.44317e-07 , 119.233 , 0.0397445 , 3e+21 , -8.69807 , -1.18666 , 7.91446 , 0.0256823 , 0.0275401 , 0.0262261
4.66533e-07 , 119.233 , 0.0397445 , 3e+21 , -8.69807 , -1.18666 , 7.91446 , 0.0256823 , 0.0275401 , 0.0262261
4.88749e-07 , 119.233 , 0.0397445 , 3e+21 , -8.69807 , -1.18666 , 7.91446 , 0.0256823 , 0.0275401 , 0.0262261
5.10965e-07 , 119.233 , 0.0397445 , 3e+21 , -8.69807 , -1.18666 , 7.91446 , 0.0256823 , 0.0275401 , 0.0262261
5.33181e-07 , 119.233 , 0.0397445 , 3e+21 , -8.69807 , -1.18666 , 7.91446 , 0.0256823 , 0.0275401 , 0.0262261
5.55396e-07 , 119.233 , 0.0397445 , 3e+21 , -8.69807 , -1.18666 , 7.91446 , 0.0256823 , 0.0275401 , 0.0262261
5.77612e-07 , 119.233 , 0.0397445 , 3e+21 , -8.69807 , -1.18666 , 7.91446 , 0.0256823 , 0.0275401 , 0.0262261
5.99828e-07 , 119.233 , 0.0397445 , 3e+21 , -8.69807 , -1.18666 , 7.91446 , 0.0256823 , 0.0275401 , 0.0262261
6.22044e-07 , 119.233 , 0.0397445 , 3e+21 , -8.69807 , -1.18666 , 7.91446 , 0.0256823 , 0.0275401 , 0.0262261
6.4426e-07 , 119.233 , 0.0397445 , 3e+21 , -8.69807 , -1.18666 , 7.91446 , 0.0256823 , 0.0275401 , 0.0262261
6.66476e-07 , 119.233 , 0.0397445 , 3e+21 , -8.69807 , -1.18666 , 7.91446 , 0.0256823 , 0.0275401 , 0.0262261
6.88692e-07 , 119.233 , 0.0397445 , 3e+21 , -8.69807 , -1.18666 , 7.91446 , 0.0256823 , 0.0275401 , 0.0262261
7.10907e-07 , 119.233 , 0.0397445 , 3e+21 , -8.69807 , -1.18666 , 7.91446 , 0.0256823 , 0.0275401 , 0.0262261
7.33123e-07 , 119.233 , 0.0397445 , 3e+21 , -8.69807 , -1.18666 , 7.91446 , 0.0256823 , 0.0275401 , 0.0262261
7.55339e-07 , 119.233 , 0.0397445 , 3e+21 , -8.69807 , -1.18666 , 7.91446 , 0.0256823 , 0.0275401 , 0.0262261
7.77555e-07 , 119.233 , 0.0397445 , 3e+21 , -8.69807 , -1.18666 , 7.91446 , 0.0256823 , 0.0275401 , 0.0262261
7.99771e-07 , 119.233 , 0.0397445 , 3e+21 , -8.69807 , -1.18666 , 7.91446 , 0.0256823 , 0.0275401 , 0.0262261
8.21987e-07 , 119.233 , 0.0397445 , 3e+21 , -8.69807 , -1.18666 , 7.91446 , 0.0256823 , 0.0275401 , 0.0262261
8.44203e-07 , 119.233 , 0.0397445 , 3e+21 , -8.69807 , -1.18666 , 7.91446 , 0.0256823 , 0.0275401 , 0.0262261
8.66418e-07 , 119.233 , 0.0397445 , 3e+21 , -8.69807 , -1.18666 , 7.91446 , 0.0256823 , 0.0275401 , 0.0262261
8.88634e-07 , 119.233 , 0.0397445 , 3e+21 , -8.69807 , -1.18666 , 7.91446 , 0.0256823 , 0.0275401 , 0.0262261
9.1085e-07 , 119.233 , 0.0397445 , 3e+21 , -8.69807 , -1.18666 , 7.91446 , 0.0256823 , 0.0275401 , 0.0262261
9.33066e-07 , 119.233 , 0.0397445 , 3e+21 , -8.69807 , -1.18666 , 7.91446 , 0.0256823 , 0.0275401 , 0.0262261
9.55282e-07 , 119.233 , 0.0397445 , 3e+21 , -8.69807 , -1.18666 , 7.91446 , 0.0256823 , 0.0275401 , 0.0262261
9.77498e-07 , 119.233 , 0.0397445 , 3e+21 , -8.69807 , -1.18666 , 7.91446 , 0.0256823 , 0.0275401 , 0.0262261
9.99714e-07 , 119.233 , 0.0397445 , 3e+21 , -8.69807 , -1.18666 , 7.91446 , 0.0256823 , 0.0275401 , 0.0262261
1.02193e-06 , 119.233 , 0.0397445 , 3e+21 , -8.69807 , -1.18666 , 7.91446 , 0.0256823 , 0.0275401 , 0.0262261
1.04415e-06 , 119.233 , 0.0397445 , 3e+21 , -8.69807 , -1.18666 , 7.91446 , 0.0256823 , 0.0275401 , 0.0262261
1.06636e-06 , 119.233 , 0.0397445 , 3e+21 , -8.69807 , -1.18666 , 7.91446 , 0.0256823 , 0.0275401 , 0.0262261
1.08858e-06 , 119.233 , 0.0397445 , 3e+21 , -8.69807 , -1.18666 , 7.91446 , 0.0256823 , 0.0275401 , 0.0262261
1.11079e-06 , 119.233 , 0.0397445 , 3e+21 , -8.69807 , -1.18666 , 7.91446 , 0.0256823 , 0.0275401 , 0.0262261
1.13301e-06 , 119.233 , 0.0397445 , 3e+21 , -8.69807 , -1.18666 , 7.91446 , 0.0256823 , 0.0275401 , 0.0262261
1.15522e-06 , 119.233 , 0.0397445 , 3e+21 , -8.69807 , -1.18666 , 7.91446 , 0.0256823 , 0.0275401 , 0.0262261
1.17744e-06 , 119.233 , 0.0397445 , 3e+21 , -8.69807 , -1.18666 , 7.91446 , 0.0256823 , 0.0275401 , 0.0262261
1.19966e-06 , 119.233 , 0.0397445 , 3e+21 , -8.69807 , -1.18666 , 7.91446 , 0.0256823 , 0.0275401 , 0.0262261
1.22187e-06 , 119.233 , 0.0397445 , 3e+21 , -8.69807 , -1.18666 , 7.91446 , 0.0256823 , 0.0275401 , 0.0262261
1.24409e-06 , 119.233 , 0.0397445 , 3e+21 , -8.69807 , -1.18666 , 7.91446 , 0.0256823 , 0.0275401 , 0.0262261
1.2663e-06 , 119.233 , 0.0397445 , 3e+21 , -8.69807 , -1.18666 , 7.91446 , 0.0256823 , 0.0275401 , 0.0262261
1.28852e-06 , 119.233 , 0.0397445 , 3e+21 , -8.69807 , -1.18666 , 7.91446 , 0.0256823 , 0.0275401 , 0.0262261
1.31074e-06 , 119.233 , 0.0397445 , 3e+21 , -8.69807 , -1.18666 , 7.91446 , 0.0256823 , 0.0275401 , 0.0262261
1.33295e-06 , 119.233 , 0.0397445 , 3e+21 , -8.69807 , -1.18666 , 7.91446 , 0.0256823 , 0.0275401 , 0.0262261
1.35517e-06 , 119.233 , 0.0397445 , 3e+21 , -8.69807 , -1.18666 , 7.91446 , 0.0256823 , 0.0275401 , 0.0262261
1.37738e-06 , 119.233 , 0.0397445 , 3e+21 , -8.69807 , -1.18666 , 7.91446 , 0.0256823 , 0.0275401 , 0.0262261
1.3996e-06 , 119.233 , 0.0397445 , 3e+21 , -8.69807 , -1.18666 , 7.91446 , 0.0256823 , 0.0275401 , 0.0262261
1.42181e-06 , 119.233 , 0.0397445 , 3e+21 , -8.69807 , -1.18666 , 7.91446 , 0.0256823 , 0.0275401 , 0.0262261
1.44403e-06 , 119.233 , 0.0397445 , 3e+21 , -8.69807 , -1.18666 , 7.91446 , 0.0256823 , 0.0275401 , 0.0262261
1.46625e-06 , 119.233 , 0.0397445 , 3e+21 , -8.69807 , -1.18666 , 7.91446 , 0.0256823 , 0.0275401 , 0.0262261
1.48846e-06 , 119.233 , 0.0397445 , 3e+21 , -8.69807 , -1.18666 , 7.91446 , 0.0256823 , 0.0275401 , 0.0262261
1.51068e-06 , 119.233 , 0.0397445 , 3e+21 , -8.69807 , -1.18666 , 7.91446 , 0.0256823 , 0.0275401 , 0.0262261
1.53289e-06 , 119.233 , 0.0397445 , 3e+21 , -8.69807 , -1.18666 , 7.91446 , 0.0256823 , 0.0275401 , 0.0262261
1.55511e-06 , 119.233 , 0.0397445 , 3e+21 , -8.69807 , -1.18666 , 7.91446 , 0.0256823 , 0.0275401 , 0.0262261
1.57733e-06 , 119.233 , 0.0397445 , 3e+21 , -8.69807 , -1.18666 , 7.91446 , 0.0256823 , 0.0275401 , 0.0262261
1.59954e-06 , 119.233 , 0.0397445 , 3e+21 , -8.69807 , -1.18666 , 7.91446 , 0.0256823 , 0.0275401 , 0.0262261
1.62176e-06 , 119.233 , 0.0397445 , 3e+21 , -8.69807 , -1.18666 , 7.91446 , 0.0256823 , 0.0275401 , 0.0262261
1.64397e-06 , 119.233 , 0.0397445 , 3e+21 , -8.69807 , -1.18666 , 7.91446 , 0.0256823 , 0.0275401 , 0.0262261
1.66619e-06 , 119.233 , 0.0397445 , 3e+21 , -8.69807 , -1.18666 , 7.91446 , 0.0256823 , 0.0275401 , 0.0262261
1.68841e-06 , 119.233 , 0.0397445 , 3e+21 , -8.69807 , -1.18666 , 7.91446 , 0.0256823 , 0.0275401 , 0.0262261
1.71062e-06 , 119.233 , 0.0397445 , 3e+21 , -8.69807 , -1.18666 , 7.91446 , 0.0256823 , 0.0275401 , 0.0262261
1.73284e-06 , 119.233 , 0.0397445 , 3e+21 , -8.69807 , -1.18666 , 7.91446 , 0.0256823 , 0.0275401 , 0.0262261
1.75505e-06 , 119.233 , 0.0397445 , 3e+21 , -8.69807 , -1.18666 , 7.91446 , 0.0256823 , 0.0275401 , 0.0262261
1.77727e-06 , 119.233 , 0.0397445 , 3e+21 , -8.69807 , -1.18666 , 7.91446 , 0.0256823 , 0.0275401 , 0.0262261
1.79948e-06 , 119.233 , 0.0397445 , 3e+21 , -8.69807 , -1.18666 , 7.91446 , 0.0256823 , 0.0275401 , 0.0262261
1.8217e-06 , 119.233 , 0.0397445 , 3e+21 , -8.69807 , -1.18666 , 7.91446 , 0.0256823 , 0.0275401 , 0.0262261
1.84392e-06 , 119.233 , 0.0397445 , 3e+21 , -8.69807 , -1.18666 , 7.91446 , 0.0256823 , 0.0275401 , 0.0262261
1.86613e-06 , 119.233 , 0.0397445 , 3e+21 , -8.69807 , -1.18666 , 7.91446 , 0.0256823 , 0.0275401 , 0.0262261
1.88835e-06 , 119.233 , 0.0397445 , 3e+21 , -8.69807 , -1.18666 , 7.91446 , 0.0256823 , 0.0275401 , 0.0262261
1.91056e-06 , 119.233 , 0.0397445 , 3e+21 , -8.69807 , -1.18666 , 7.91446 , 0.0256823 , 0.0275401 , 0.0262261
1.93278e-06 , 119.233 , 0.0397445 , 3e+21 , -8.69807 , -1.18666 , 7.91446 , 0.0256823 , 0.0275401 , 0.0262261
1.955e-06 , 119.233 , 0.0397445 , 3e+21 , -8.69807 , -1.18666 , 7.91446 , 0.0256823 , 0.0275401 , 0.0262261
1.97721e-06 , 119.233 , 0.0397445 , 3e+21 , -8.69807 , -1.18666 , 7.91446 , 0.0256823 , 0.0275401 , 0.0262261
1.99943e-06 , 119.233 , 0.0397445 , 3e+21 , -8.69807 , -1.18666 , 7.91446 , 0.0256823 , 0.0275401 , 0.0262261
2.02164e-06 , 119.233 , 0.0397445 , 3e+21 , -8.69807 , -1.18666 , 7.91446 , 0.0256823 , 0.0275401 , 0.0262261
2.04386e-06 , 119.233 , 0.0397445 , 3e+21 , -8.69807 , -1.18666 , 7.91446 , 0.0256823 , 0.0275401 , 0.0262261
2.06607e-06 , 119.233 , 0.0397445 , 3e+21 , -8.69807 , -1.18666 , 7.91446 , 0.0256823 , 0.0275401 , 0.0262261
2.08829e-06 , 119.233 , 0.0397445 , 3e+21 , -8.69807 , -1.18666 , 7.91446 , 0.0256823 , 0.0275401 , 0.0262261
2.11051e-06 , 119.233 , 0.0397445 , 3e+21 , -8.69807 , -1.18666 , 7.91446 , 0.0256823 , 0.0275401 , 0.0262261
2.13272e-06 , 119.233 , 0.0397445 , 3e+21 , -8.69807 , -1.18666 , 7.91446 , 0.0256823 , 0.0275401 , 0.0262261
2.15494e-06 , 119.233 , 0.0397445 , 3e+21 , -8.69807 , -1.18666 , 7.91446 , 0.0256823 , 0.0275401 , 0.0262261
2.17715e-06 , 119.233 , 0.0397445 , 3e+21 , -8.69807 , -1.18666 , 7.91446 , 0.0256823 , 0.0275401 , 0.0262261
2.19937e-06 , 119.233 , 0.0397445 , 3e+21 , -8.69807 , -1.18666 , 7.91446 , 0.0256823 , 0.0275401 , 0.0262261
2.22159e-06 , 119.233 , 0.0397445 , 3e+21 , -8.69807 , -1.18666 , 7.91446 , 0.0256823 , 0.0275401 , 0.0262261
2.2438e-06 , 119.233 , 0.0397445 , 3e+21 , -8.69807 , -1.18666 , 7.91446 , 0.0256823 , 0.0275401 , 0.0262261
2.26602e-06 , 119.233 , 0.0397445 , 3e+21 , -8.69807 , -1.18666 , 7.91446 , 0.0256823 , 0.0275401 , 0.0262261
2.28823e-06 , 119.233 , 0.0397445 , 3e+21 , -8.69807 , -1.18666 , 7.91446 , 0.0256823 , 0.0275401 , 0.0262261
2.31045e-06 , 119.233 , 0.0397445 , 3e+21 , -8.69807 , -1.18666 , 7.91446 , 0.0256823 , 0.0275401 , 0.0262261
2.33266e-06 , 119.233 , 0.0397445 , 3e+21 , -8.69807 , -1.18666 , 7.91446 , 0.0256823 , 0.0275401 , 0.0262261
2.35488e-06 , 119.233 , 0.0397445 , 3e+21 , -8.69807 , -1.18666 , 7.91446 , 0.0256823 , 0.0275401 , 0.0262261
2.3771e-06 , 119.233 , 0.0397445 , 3e+21 , -8.69807 , -1.18666 , 7.91446 , 0.0256823 , 0.0275401 , 0.0262261
2.39931e-06 , 119.233 , 0.0397445 , 3e+21 , -8.69807 , -1.18666 , 7.91446 , 0.0256823 , 0.0275401 , 0.0262261
2.42153e-06 , 119.233 , 0.0397445 , 3e+21 , -8.69807 , -1.18666 , 7.91446 , 0.0256823 , 0.0275401 , 0.0262261
2.44374e-06 , 119.233 , 0.0397445 , 3e+21 , -8.69807 , -1.18666 , 7.91446 , 0.0256823 , 0.0275401 , 0.0262261
2.46596e-06 , 119.233 , 0.0397445 , 3e+21 , -8.69807 , -1.18666 , 7.91446 , 0.0256823 , 0.0275401 , 0.0262261
2.48818e-06 , 119.233 , 0.0397445 , 3e+21 , -8.69807 , -1.18666 , 7.91446 , 0.0256823 , 0.0275401 , 0.0262261
2.51039e-06 , 119.233 , 0.0397445 , 3e+21 , -8.69807 , -1.18666 , 7.91446 , 0.0256823 , 0.0275401 , 0.0262261
2.53261e-06 , 119.233 , 0.0397445 , 3e+21 , -8.69807 , -1.18666 , 7.91446 , 0.0256823 , 0.0275401 , 0.0262261
2.55482e-06 , 119.233 , 0.0397445 , 3e+21 , -8.69807 , -1.18666 , 7.91446 , 0.0256823 , 0.0275401 , 0.0262261
2.57704e-06 , 119.233 , 0.0397445 , 3e+21 , -8.69807 , -1.18666 , 7.91446 , 0.0256823 , 0.0275401 , 0.0262261
2.59926e-06 , 119.233 , 0.0397445 , 3e+21 , -8.69807 , -1.18666 , 7.91446 , 0.0256823 , 0.0275401 , 0.0262261
2.62147e-06 , 119.233 , 0.0397445 , 3e+21 , -8.69807 , -1.18666 , 7.91446 , 0.0256823 , 0.0275401 , 0.0262261
2.64369e-06 , 119.233 , 0.0397445 , 3e+21 , -8.69807 , -1.18666 , 7.91446 , 0.0256823 , 0.0275401 , 0.0262261
2.6659e-06 , 119.233 , 0.0397445 , 3e+21 , -8.69807 , -1.18666 , 7.91446 , 0.0256823 , 0.0275401 , 0.0262261
2.68812e-06 , 119.233 , 0.0397445 , 3e+21 , -8.69807 , -1.18666 , 7.91446 , 0.0256823 , 0.0275401 , 0.0262261
2.71033e-06 , 119.233 , 0.0397445 , 3e+21 , -8.69807 , -1.18666 , 7.91446 , 0.0256823 , 0.0275401 , 0.0262261
2.73255e-06 , 119.233 , 0.0397445 , 3e+21 , -8.69807 , -1.18666 , 7.91446 , 0.0256823 , 0.0275401 , 0.0262261
2.75477e-06 , 119.233 , 0.0397445 , 3e+21 , -8.69807 , -1.18666 , 7.91446 , 0.0256823 , 0.0275401 , 0.0262261
2.77698e-06 , 119.233 , 0.0397445 , 3e+21 , -8.69807 , -1.18666 , 7.91446 , 0.0256823 , 0.0275401 , 0.0262261
2.7992e-06 , 119.233 , 0.0397445 , 3e+21 , -8.69807 , -1.18666 , 7.91446 , 0.0256823 , 0.0275401 , 0.0262261
2.82141e-06 , 119.233 , 0.0397445 , 3e+21 , -8.69807 , -1.18666 , 7.91446 , 0.0256823 , 0.0275401 , 0.0262261
2.84363e-06 , 119.233 , 0.0397445 , 3e+21 , -8.69807 , -1.18666 , 7.91446 , 0.0256823 , 0.0275401 , 0.0262261
2.86585e-06 , 119.233 , 0.0397445 , 3e+21 , -8.69807 , -1.18666 , 7.91446 , 0.0256823 , 0.0275401 , 0.0262261
2.88806e-06 , 119.233 , 0.0397445 , 3e+21 , -8.69807 , -1.18666 , 7.91446 , 0.0256823 , 0.0275401 , 0.0262261
2.91028e-06 , 119.233 , 0.0397445 , 3e+21 , -8.69807 , -1.18666 , 7.91446 , 0.0256823 , 0.0275401 , 0.0262261
2.93249e-06 , 119.233 , 0.0397445 , 3e+21 , -8.69807 , -1.18666 , 7.91446 , 0.0256823 , 0.0275401 , 0.0262261
2.95471e-06 , 119.233 , 0.0397445 , 3e+21 , -8.69807 , -1.18666 , 7.91446 , 0.0256823 , 0.0275401 , 0.0262261
2.97692e-06 , 119.233 , 0.0397445 , 3e+21 , -8.69807 , -1.18666 , 7.91446 , 0.0256823 , 0.0275401 , 0.0262261
2.99914e-06 , 119.233 , 0.0397445 , 3e+21 , -8.69807 , -1.18666 , 7.91446 , 0.0256823 , 0.0275401 , 0.0262261
3.02136e-06 , 119.233 , 0.0397445 , 3e+21 , -8.69807 , -1.18666 , 7.91446 , 0.0256823 , 0.0275401 , 0.0262261
3.04357e-06 , 119.233 , 0.0397445 , 3e+21 , -8.69807 , -1.18666 , 7.91446 , 0.0256823 , 0.0275401 , 0.0262261
3.06579e-06 , 119.233 , 0.0397445 , 3e+21 , -8.69807 , -1.18666 , 7.91446 , 0.0256823 , 0.0275401 , 0.0262261
3.088e-06 , 119.233 , 0.0397445 , 3e+21 , -8.69807 , -1.18666 , 7.91446 , 0.0256823 , 0.0275401 , 0.0262261
3.11022e-06 , 119.233 , 0.0397445 , 3e+21 , -8.69807 , -1.18666 , 7.91446 , 0.0256823 , 0.0275401 , 0.0262261
3.13244e-06 , 119.233 , 0.0397445 , 3e+21 , -8.69807 , -1.18666 , 7.91446 , 0.0256823 , 0.0275401 , 0.0262261
3.15465e-06 , 119.233 , 0.0397445 , 3e+21 , -8.69807 , -1.18666 , 7.91446 , 0.0256823 , 0.0275401 , 0.0262261
3.17687e-06 , 119.233 , 0.0397445 , 3e+21 , -8.69807 , -1.18666 , 7.91446 , 0.0256823 , 0.0275401 , 0.0262261
3.19908e-06 , 119.233 , 0.0397445 , 3e+21 , -8.69807 , -1.18666 , 7.91446 , 0.0256823 , 0.0275401 , 0.0262261
3.2213e-06 , 119.233 , 0.0397445 , 3e+21 , -8.69807 , -1.18666 , 7.91446 , 0.0256823 , 0.0275401 , 0.0262261
3.24352e-06 , 119.233 , 0.0397445 , 3e+21 , -8.69807 , -1.18666 , 7.91446 , 0.0256823 , 0.0275401 , 0.0262261
3.26573e-06 , 119.233 , 0.0397445 , 3e+21 , -8.69807 , -1.18666 , 7.91446 , 0.0256823 , 0.0275401 , 0.0262261
3.28795e-06 , 119.233 , 0.0397445 , 3e+21 , -8.69807 , -1.18666 , 7.91446 , 0.0256823 , 0.0275401 , 0.0262261
3.31016e-06 , 119.233 , 0.0397445 , 3e+21 , -8.69807 , -1.18666 , 7.91446 , 0.0256823 , 0.0275401 , 0.0262261
3.33238e-06 , 119.233 , 0.0397445 , 3e+21 , -8.69807 , -1.18666 , 7.91446 , 0.0256823 , 0.0275401 , 0.0262261
3.35459e-06 , 119.233 , 0.0397445 , 3e+21 , -8.69807 , -1.18666 , 7.91446 , 0.0256823 , 0.0275401 , 0.0262261
3.37681e-06 , 119.233 , 0.0397445 , 3e+21 , -8.69807 , -1.18666 , 7.91446 , 0.0256823 , 0.0275401 , 0.0262261
3.39903e-06 , 119.233 , 0.0397445 , 3e+21 , -8.69807 , -1.18666 , 7.91446 , 0.0256823 , 0.0275401 , 0.0262261
3.42124e-06 , 119.233 , 0.0397445 , 3e+21 , -8.69807 , -1.18666 , 7.91446 , 0.0256823 , 0.0275401 , 0.0262261
3.44346e-06 , 119.233 , 0.0397445 , 3e+21 , -8.69807 , -1.18666 , 7.91446 , 0.0256823 , 0.0275401 , 0.0262261
3.46567e-06 , 119.233 , 0.0397445 , 3e+21 , -8.69807 , -1.18666 , 7.91446 , 0.0256823 , 0.0275401 , 0.0262261
3.48789e-06 , 119.233 , 0.0397445 , 3e+21 , -8.69807 , -1.18666 , 7.91446 , 0.0256823 , 0.0275401 , 0.0262261
3.51011e-06 , 119.233 , 0.0397445 , 3e+21 , -8.69807 , -1.18666 , 7.91446 , 0.0256823 , 0.0275401 , 0.0262261
3.53232e-06 , 119.233 , 0.0397445 , 3e+21 , -8.69807 , -1.18666 , 7.91446 , 0.0256823 , 0.0275401 , 0.0262261
3.55454e-06 , 119.233 , 0.0397445 , 3e+21 , -8.69807 , -1.18666 , 7.91446 , 0.0256823 , 0.0275401 , 0.0262261
3.57675e-06 , 119.233 , 0.0397445 , 3e+21 , -8.69807 , -1.18666 , 7.91446 , 0.0256823 , 0.0275401 , 0.0262261
3.59897e-06 , 119.233 , 0.0397445 , 3e+21 , -8.69807 , -1.18666 , 7.91446 , 0.0256823 , 0.0275401 , 0.0262261
3.62118e-06 , 119.233 , 0.0397445 , 3e+21 , -8.69807 , -1.18666 , 7.91446 , 0.0256823 , 0.0275401 , 0.0262261
3.6434e-06 , 119.233 , 0.0397445 , 3e+21 , -8.69807 , -1.18666 , 7.91446 , 0.0256823 , 0.0275401 , 0.0262261
3.66562e-06 , 119.233 , 0.0397445 , 3e+21 , -8.69807 , -1.18666 , 7.91446 , 0.0256823 , 0.0275401 , 0.0262261
3.68783e-06 , 119.233 , 0.0397445 , 3e+21 , -8.69807 , -1.18666 , 7.91446 , 0.0256823 , 0.0275401 , 0.0262261
3.71005e-06 , 119.233 , 0.0397445 , 3e+21 , -8.69807 , -1.18666 , 7.91446 , 0.0256823 , 0.0275401 , 0.0262261
3.73226e-06 , 119.233 , 0.0397445 , 3e+21 , -8.69807 , -1.18666 , 7.91446 , 0.0256823 , 0.0275401 , 0.0262261
3.75448e-06 , 119.233 , 0.0397445 , 3e+21 , -8.69807 , -1.18666 , 7.91446 , 0.0256823 , 0.0275401 , 0.0262261
3.7767e-06 , 119.233 , 0.0397445 , 3e+21 , -8.69807 , -1.18666 , 7.91446 , 0.0256823 , 0.0275401 , 0.0262261
3.79891e-06 , 119.233 , 0.0397445 , 3e+21 , -8.69807 , -1.18666 , 7.91446 , 0.0256823 , 0.0275401 , 0.0262261
3.82113e-06 , 119.233 , 0.0397445 , 3e+21 , -8.69807 , -1.18666 , 7.91446 , 0.0256823 , 0.0275401 , 0.0262261
3.84334e-06 , 119.233 , 0.0397445 , 3e+21 , -8.69807 , -1.18666 , 7.91446 , 0.0256823 , 0.0275401 , 0.0262261
3.86556e-06 , 119.233 , 0.0397445 , 3e+21 , -8.69807 , -1.18666 , 7.91446 , 0.0256823 , 0.0275401 , 0.0262261
3.88777e-06 , 119.233 , 0.0397445 , 3e+21 , -8.69807 , -1.18666 , 7.91446 , 0.0256823 , 0.0275401 , 0.0262261
3.90999e-06 , 119.233 , 0.0397445 , 3e+21 , -8.69807 , -1.18666 , 7.91446 , 0.0256823 , 0.0275401 , 0.0262261
3.93221e-06 , 119.233 , 0.0397445 , 3e+21 , -8.69807 , -1.18666 , 7.91446 , 0.0256823 , 0.0275401 , 0.0262261
3.95442e-06 , 119.233 , 0.0397445 , 3e+21 , -8.69807 , -1.18666 , 7.91446 , 0.0256823 , 0.0275401 , 0.0262261
3.97664e-06 , 119.233 , 0.0397445 , 3e+21 , -8.69807 , -1.18666 , 7.91446 , 0.0256823 , 0.0275401 , 0.0262261
3.99885e-06 , 119.233 , 0.0397445 , 3e+21 , -8.69807 , -1.18666 , 7.91446 , 0.0256823 , 0.0275401 , 0.0262261
4.02107e-06 , 119.233 , 0.0397445 , 3e+21 , -8.69807 , -1.18666 , 7.91446 , 0.0256823 , 0.0275401 , 0.0262261
4.04329e-06 , 119.233 , 0.0397445 , 3e+21 , -8.69807 , -1.18666 , 7.91446 , 0.0256823 , 0.0275401 , 0.0262261
4.0655e-06 , 119.233 , 0.0397445 , 3e+21 , -8.69807 , -1.18666 , 7.91446 , 0.0256823 , 0.0275401 , 0.0262261
4.08772e-06 , 119.233 , 0.0397445 , 3e+21 , -8.69807 , -1.18666 , 7.91446 , 0.0256823 , 0.0275401 , 0.0262261
4.10993e-06 , 119.233 , 0.0397445 , 3e+21 , -8.69807 , -1.18666 , 7.91446 , 0.0256823 , 0.0275401 , 0.0262261
4.13215e-06 , 119.233 , 0.0397445 , 3e+21 , -8.69807 , -1.18666 , 7.91446 , 0.0256823 , 0.0275401 , 0.0262261
4.15437e-06 , 119.233 , 0.0397445 , 3e+21 , -8.69807 , -1.18666 , 7.91446 , 0.0256823 , 0.0275401 , 0.0262261
4.17658e-06 , 119.233 , 0.0397445 , 3e+21 , -8.69807 , -1.18666 , 7.91446 , 0.0256823 , 0.0275401 , 0.0262261
4.1988e-06 , 119.233 , 0.0397445 , 3e+21 , -8.69807 , -1.18666 , 7.91446 , 0.0256823 , 0.0275401 , 0.0262261
4.22101e-06 , 119.233 , 0.0397445 , 3e+21 , -8.69807 , -1.18666 , 7.91446 , 0.0256823 , 0.0275401 , 0.0262261
4.24323e-06 , 119.233 , 0.0397445 , 3e+21 , -8.69807 , -1.18666 , 7.91446 , 0.0256823 , 0.0275401 , 0.0262261
4.26544e-06 , 119.233 , 0.0397445 , 3e+21 , -8.69807 , -1.18666 , 7.91446 , 0.0256823 , 0.0275401 , 0.0262261
4.28766e-06 , 119.233 , 0.0397445 , 3e+21 , -8.69807 , -1.18666 , 7.91446 , 0.0256823 , 0.0275401 , 0.0262261
4.30988e-06 , 119.233 , 0.0397445 , 3e+21 , -8.69807 , -1.18666 , 7.91446 , 0.0256823 , 0.0275401 , 0.0262261
4.33209e-06 , 119.233 , 0.0397445 , 3e+21 , -8.69807 , -1.18666 , 7.91446 , 0.0256823 , 0.0275401 , 0.0262261
4.35431e-06 , 119.233 , 0.0397445 , 3e+21 , -8.69807 , -1.18666 , 7.91446 , 0.0256823 , 0.0275401 , 0.0262261
4.37652e-06 , 119.233 , 0.0397445 , 3e+21 , -8.69807 , -1.18666 , 7.91446 , 0.0256823 , 0.0275401 , 0.0262261
4.39874e-06 , 119.233 , 0.0397445 , 3e+21 , -8.69807 , -1.18666 , 7.91446 , 0.0256823 , 0.0275401 , 0.0262261
4.42096e-06 , 119.233 , 0.0397445 , 3e+21 , -8.69807 , -1.18666 , 7.91446 , 0.0256823 , 0.0275401 , 0.0262261
4.44317e-06 , 119.233 , 0.0397445 , 3e+21 , -8.69807 , -1.18666 , 7.91446 , 0.0256823 , 0.0275401 , 0.0262261
4.46539e-06 , 119.233 , 0.0397445 , 3e+21 , -8.69807 , -1.18666 , 7.91446 , 0.0256823 , 0.0275401 , 0.0262261
4.4876e-06 , 119.233 , 0.0397445 , 3e+21 , -8.69807 , -1.18666 , 7.91446 , 0.0256823 , 0.0275401 , 0.0262261
4.50982e-06 , 119.233 , 0.0397445 , 3e+21 , -8.69807 , -1.18666 , 7.91446 , 0.0256823 , 0.0275401 , 0.0262261
4.53203e-06 , 119.233 , 0.0397445 , 3e+21 , -8.69807 , -1.18666 , 7.91446 , 0.0256823 , 0.0275401 , 0.0262261
4.55425e-06 , 119.233 , 0.0397445 , 3e+21 , -8.69807 , -1.18666 , 7.91446 , 0.0256823 , 0.0275401 , 0.0262261
4.57647e-06 , 119.233 , 0.0397445 , 3e+21 , -8.69807 , -1.18666 , 7.91446 , 0.0256823 , 0.0275401 , 0.0262261
4.59868e-06 , 119.233 , 0.0397445 , 3e+21 , -8.69807 , -1.18666 , 7.91446 , 0.0256823 , 0.0275401 , 0.0262261
4.6209e-06 , 119.233 , 0.0397445 , 3e+21 , -8.69807 , -1.18666 , 7.91446 , 0.0256823 , 0.0275401 , 0.0262261
4.64311e-06 , 119.233 , 0.0397445 , 3e+21 , -8.69807 , -1.18666 , 7.91446 , 0.0256823 , 0.0275401 , 0.0262261
4.66533e-06 , 119.233 , 0.0397445 , 3e+21 , -8.69807 , -1.18666 , 7.91446 , 0.0256823 , 0.0275401 , 0.0262261
4.68755e-06 , 119.233 , 0.0397445 , 3e+21 , -8.69807 , -1.18666 , 7.91446 , 0.0256823 , 0.0275401 , 0.0262261
4.70976e-06 , 119.233 , 0.0397445 , 3e+21 , -8.69807 , -1.18666 , 7.91446 , 0.0256823 , 0.0275401 , 0.0262261
4.73198e-06 , 119.233 , 0.0397445 , 3e+21 , -8.69807 , -1.18666 , 7.91446 , 0.0256823 , 0.0275401 , 0.0262261
4.75419e-06 , 119.233 , 0.0397445 , 3e+21 , -8.69807 , -1.18666 , 7.91446 , 0.0256823 , 0.0275401 , 0.0262261
4.77641e-06 , 119.233 , 0.0397445 , 3e+21 , -8.69807 , -1.18666 , 7.91446 , 0.0256823 , 0.0275401 , 0.0262261
4.79863e-06 , 119.233 , 0.0397445 , 3e+21 , -8.69807 , -1.18666 , 7.91446 , 0.0256823 , 0.0275401 , 0.0262261
4.82084e-06 , 119.233 , 0.0397445 , 3e+21 , -8.69807 , -1.18666 , 7.91446 , 0.0256823 , 0.0275401 , 0.0262261
4.84306e-06 , 119.233 , 0.0397445 , 3e+21 , -8.69807 , -1.18666 , 7.91446 , 0.0256823 , 0.0275401 , 0.0262261
4.86527e-06 , 119.233 , 0.0397445 , 3e+21 , -8.69807 , -1.18666 , 7.91446 , 0.0256823 , 0.0275401 , 0.0262261
4.88749e-06 , 119.233 , 0.0397445 , 3e+21 , -8.69807 , -1.18666 , 7.91446 , 0.0256823 , 0.0275401 , 0.0262261
4.9097e-06 , 119.233 , 0.0397445 , 3e+21 , -8.69807 , -1.18666 , 7.91446 , 0.0256823 , 0.0275401 , 0.0262261
4.93192e-06 , 119.233 , 0.0397445 , 3e+21 , -8.69807 , -1.18666 , 7.91446 , 0.0256823 , 0.0275401 , 0.0262261
4.95414e-06 , 119.233 , 0.0397445 , 3e+21 , -8.69807 , -1.18666 , 7.91446 , 0.0256823 , 0.0275401 , 0.0262261
4.97635e-06 , 119.233 , 0.0397445 , 3e+21 , -8.69807 , -1.18666 , 7.91446 , 0.0256823 , 0.0275401 , 0.0262261
4.99857e-06 , 119.233 , 0.0397445 , 3e+21 , -8.69807 , -1.18666 , 7.91446 , 0.0256823 , 0.0275401 , 0.0262261
5.02078e-06 , 119.233 , 0.0397445 , 3e+21 , -8.69807 , -1.18666 , 7.91446 , 0.0256823 , 0.0275401 , 0.0262261
5.043e-06 , 119.233 , 0.0397445 , 3e+21 , -8.69807 , -1.18666 , 7.91446 , 0.0256823 , 0.0275401 , 0.0262261
5.06522e-06 , 119.233 , 0.0397445 , 3e+21 , -8.69807 , -1.18666 , 7.91446 , 0.0256823 , 0.0275401 , 0.0262261
5.08743e-06 , 119.233 , 0.0397445 , 3e+21 , -8.69807 , -1.18666 , 7.91446 , 0.0256823 , 0.0275401 , 0.0262261
5.10965e-06 , 119.233 , 0.0397445 , 3e+21 , -8.69807 , -1.18666 , 7.91446 , 0.0256823 , 0.0275401 , 0.0262261
5.13186e-06 , 119.233 , 0.0397445 , 3e+21 , -8.69807 , -1.18666 , 7.91446 , 0.0256823 , 0.0275401 , 0.0262261
5.15408e-06 , 119.233 , 0.0397445 , 3e+21 , -8.69807 , -1.18666 , 7.91446 , 0.0256823 , 0.0275401 , 0.0262261
5.17629e-06 , 119.233 , 0.0397445 , 3e+21 , -8.69807 , -1.18666 , 7.91446 , 0.0256823 , 0.0275401 , 0.0262261
5.19851e-06 , 119.233 , 0.0397445 , 3e+21 , -8.69807 , -1.18666 , 7.91446 , 0.0256823 , 0.0275401 , 0.0262261
5.22073e-06 , 119.233 , 0.0397445 , 3e+21 , -8.69807 , -1.18666 , 7.91446 , 0.0256823 , 0.0275401 , 0.0262261
5.24294e-06 , 119.233 , 0.0397445 , 3e+21 , -8.69807 , -1.18666 , 7.91446 , 0.0256823 , 0.0275401 , 0.0262261
5.26516e-06 , 119.233 , 0.0397445 , 3e+21 , -8.69807 , -1.18666 , 7.91446 , 0.0256823 , 0.0275401 , 0.0262261
5.28737e-06 , 119.233 , 0.0397445 , 3e+21 , -8.69807 , -1.18666 , 7.91446 , 0.0256823 , 0.0275401 , 0.0262261
5.30959e-06 , 119.233 , 0.0397445 , 3e+21 , -8.69807 , -1.18666 , 7.91446 , 0.0256823 , 0.0275401 , 0.0262261
5.33181e-06 , 119.233 , 0.0397445 , 3e+21 , -8.69807 , -1.18666 , 7.91446 , 0.0256823 , 0.0275401 , 0.0262261
5.35402e-06 , 119.233 , 0.0397445 , 3e+21 , -8.69807 , -1.18666 , 7.91446 , 0.0256823 , 0.0275401 , 0.0262261
5.37624e-06 , 119.233 , 0.0397445 , 3e+21 , -8.69807 , -1.18666 , 7.91446 , 0.0256823 , 0.0275401 , 0.0262261
5.39845e-06 , 119.233 , 0.0397445 , 3e+21 , -8.69807 , -1.18666 , 7.91446 , 0.0256823 , 0.0275401 , 0.0262261
5.42067e-06 , 119.233 , 0.0397445 , 3e+21 , -8.69807 , -1.18666 , 7.91446 , 0.0256823 , 0.0275401 , 0.0262261
5.44288e-06 , 119.233 , 0.0397445 , 3e+21 , -8.69807 , -1.18666 , 7.91446 , 0.0256823 , 0.0275401 , 0.0262261
5.4651e-06 , 119.233 , 0.0397445 , 3e+21 , -8.69807 , -1.18666 , 7.91446 , 0.0256823 , 0.0275401 , 0.0262261
5.48732e-06 , 119.233 , 0.0397445 , 3e+21 , -8.69807 , -1.18666 , 7.91446 , 0.0256823 , 0.0275401 , 0.0262261
5.50953e-06 , 119.233 , 0.0397445 , 3e+21 , -8.69807 , -1.18666 , 7.91446 , 0.0256823 , 0.0275401 , 0.0262261
5.53175e-06 , 119.233 , 0.0397445 , 3e+21 , -8.69807 , -1.18666 , 7.91446 , 0.0256823 , 0.0275401 , 0.0262261
5.55396e-06 , 119.233 , 0.0397445 , 3e+21 , -8.69807 , -1.18666 , 7.91446 , 0.0256823 , 0.0275401 , 0.0262261
5.57618e-06 , 119.233 , 0.0397445 , 3e+21 , -8.69807 , -1.18666 , 7.91446 , 0.0256823 , 0.0275401 , 0.0262261
5.5984e-06 , 119.233 , 0.0397445 , 3e+21 , -8.69807 , -1.18666 , 7.91446 , 0.0256823 , 0.0275401 , 0.0262261
5.62061e-06 , 119.233 , 0.0397445 , 3e+21 , -8.69807 , -1.18666 , 7.91446 , 0.0256823 , 0.0275401 , 0.0262261
5.64283e-06 , 119.233 , 0.0397445 , 3e+21 , -8.69807 , -1.18666 , 7.91446 , 0.0256823 , 0.0275401 , 0.0262261
5.66504e-06 , 119.233 , 0.0397445 , 3e+21 , -8.69807 , -1.18666 , 7.91446 , 0.0256823 , 0.0275401 , 0.0262261
5.68726e-06 , 119.233 , 0.0397445 , 3e+21 , -8.69807 , -1.18666 , 7.91446 , 0.0256823 , 0.0275401 , 0.0262261
5.70948e-06 , 119.233 , 0.0397445 , 3e+21 , -8.69807 , -1.18666 , 7.91446 , 0.0256823 , 0.0275401 , 0.0262261
5.73169e-06 , 119.233 , 0.0397445 , 3e+21 , -8.69807 , -1.18666 , 7.91446 , 0.0256823 , 0.0275401 , 0.0262261
5.75391e-06 , 119.233 , 0.0397445 , 3e+21 , -8.69807 , -1.18666 , 7.91446 , 0.0256823 , 0.0275401 , 0.0262261
5.77612e-06 , 119.233 , 0.0397445 , 3e+21 , -8.69807 , -1.18666 , 7.91446 , 0.0256823 , 0.0275401 , 0.0262261
5.79834e-06 , 119.233 , 0.0397445 , 3e+21 , -8.69807 , -1.18666 , 7.91446 , 0.0256823 , 0.0275401 , 0.0262261
5.82055e-06 , 119.233 , 0.0397445 , 3e+21 , -8.69807 , -1.18666 , 7.91446 , 0.0256823 , 0.0275401 , 0.0262261
5.84277e-06 , 119.233 , 0.0397445 , 3e+21 , -8.69807 , -1.18666 , 7.91446 , 0.0256823 , 0.0275401 , 0.0262261
5.86499e-06 , 119.233 , 0.0397445 , 3e+21 , -8.69807 , -1.18666 , 7.91446 , 0.0256823 , 0.0275401 , 0.0262261
5.8872e-06 , 119.233 , 0.0397445 , 3e+21 , -8.69807 , -1.18666 , 7.91446 , 0.0256823 , 0.0275401 , 0.0262261
5.90942e-06 , 119.233 , 0.0397445 , 3e+21 , -8.69807 , -1.18666 , 7.91446 , 0.0256823 , 0.0275401 , 0.0262261
5.93163e-06 , 119.233 , 0.0397445 , 3e+21 , -8.69807 , -1.18666 , 7.91446 , 0.0256823 , 0.0275401 , 0.0262261
5.95385e-06 , 119.233 , 0.0397445 , 3e+21 , -8.69807 , -1.18666 , 7.91446 , 0.0256823 , 0.0275401 , 0.0262261
5.97607e-06 , 119.233 , 0.0397445 , 3e+21 , -8.69807 , -1.18666 , 7.91446 , 0.0256823 , 0.0275401 , 0.0262261
5.99828e-06 , 119.233 , 0.0397445 , 3e+21 , -8.69807 , -1.18666 , 7.91446 , 0.0256823 , 0.0275401 , 0.0262261
6.0205e-06 , 119.233 , 0.0397445 , 3e+21 , -8.69807 , -1.18666 , 7.91446 , 0.0256823 , 0.0275401 , 0.0262261
6.04271e-06 , 119.233 , 0.0397445 , 3e+21 , -8.69807 , -1.18666 , 7.91446 , 0.0256823 , 0.0275401 , 0.0262261
6.06493e-06 , 119.233 , 0.0397445 , 3e+21 , -8.69807 , -1.18666 , 7.91446 , 0.0256823 , 0.0275401 , 0.0262261
6.08714e-06 , 119.233 , 0.0397445 , 3e+21 , -8.69807 , -1.18666 , 7.91446 , 0.0256823 , 0.0275401 , 0.0262261
6.10936e-06 , 119.233 , 0.0397445 , 3e+21 , -8.69807 , -1.18666 , 7.91446 , 0.0256823 , 0.0275401 , 0.0262261
6.13158e-06 , 119.233 , 0.0397445 , 3e+21 , -8.69807 , -1.18666 , 7.91446 , 0.0256823 , 0.0275401 , 0.0262261
6.15379e-06 , 119.233 , 0.0397445 , 3e+21 , -8.69807 , -1.18666 , 7.91446 , 0.0256823 , 0.0275401 , 0.0262261
6.17601e-06 , 119.233 , 0.0397445 , 3e+21 , -8.69807 , -1.18666 , 7.91446 , 0.0256823 , 0.0275401 , 0.0262261
6.19822e-06 , 119.233 , 0.0397445 , 3e+21 , -8.69807 , -1.18666 , 7.91446 , 0.0256823 , 0.0275401 , 0.0262261
6.22044e-06 , 119.233 , 0.0397445 , 3e+21 , -8.69807 , -1.18666 , 7.91446 , 0.0256823 , 0.0275401 , 0.0262261
6.24266e-06 , 119.233 , 0.0397445 , 3e+21 , -8.69807 , -1.18666 , 7.91446 , 0.0256823 , 0.0275401 , 0.0262261
6.26487e-06 , 119.233 , 0.0397445 , 3e+21 , -8.69807 , -1.18666 , 7.91446 , 0.0256823 , 0.0275401 , 0.0262261
6.28709e-06 , 119.233 , 0.0397445 , 3e+21 , -8.69807 , -1.18666 , 7.91446 , 0.0256823 , 0.0275401 , 0.0262261
6.3093e-06 , 119.233 , 0.0397445 , 3e+21 , -8.69807 , -1.18666 , 7.91446 , 0.0256823 , 0.0275401 , 0.0262261
6.33152e-06 , 119.233 , 0.0397445 , 3e+21 , -8.69807 , -1.18666 , 7.91446 , 0.0256823 , 0.0275401 , 0.0262261
6.35373e-06 , 119.233 , 0.0397445 , 3e+21 , -8.69807 , -1.18666 , 7.91446 , 0.0256823 , 0.0275401 , 0.0262261
6.37595e-06 , 119.233 , 0.0397445 , 3e+21 , -8.69807 , -1.18666 , 7.91446 , 0.0256823 , 0.0275401 , 0.0262261
6.39817e-06 , 119.233 , 0.0397445 , 3e+21 , -8.69807 , -1.18666 , 7.91446 , 0.0256823 , 0.0275401 , 0.0262261
6.42038e-06 , 119.233 , 0.0397445 , 3e+21 , -8.69807 , -1.18666 , 7.91446 , 0.0256823 , 0.0275401 , 0.0262261
6.4426e-06 , 119.233 , 0.0397445 , 3e+21 , -8.69807 , -1.18666 , 7.91446 , 0.0256823 , 0.0275401 , 0.0262261
6.46481e-06 , 119.233 , 0.0397445 , 3e+21 , -8.69807 , -1.18666 , 7.91446 , 0.0256823 , 0.0275401 , 0.0262261
6.48703e-06 , 119.233 , 0.0397445 , 3e+21 , -8.69807 , -1.18666 , 7.91446 , 0.0256823 , 0.0275401 , 0.0262261
6.50925e-06 , 119.233 , 0.0397445 , 3e+21 , -8.69807 , -1.18666 , 7.91446 , 0.0256823 , 0.0275401 , 0.0262261
6.53146e-06 , 119.233 , 0.0397445 , 3e+21 , -8.69807 , -1.18666 , 7.91446 , 0.0256823 , 0.0275401 , 0.0262261
6.55368e-06 , 119.233 , 0.0397445 , 3e+21 , -8.69807 , -1.18666 , 7.91446 , 0.0256823 , 0.0275401 , 0.0262261
6.57589e-06 , 119.233 , 0.0397445 , 3e+21 , -8.69807 , -1.18666 , 7.91446 , 0.0256823 , 0.0275401 , 0.0262261
6.59811e-06 , 119.233 , 0.0397445 , 3e+21 , -8.69807 , -1.18666 , 7.91446 , 0.0256823 , 0.0275401 , 0.0262261
6.62033e-06 , 119.233 , 0.0397445 , 3e+21 , -8.69807 , -1.18666 , 7.91446 , 0.0256823 , 0.0275401 , 0.0262261
6.64254e-06 , 119.233 , 0.0397445 , 3e+21 , -8.69807 , -1.18666 , 7.91446 , 0.0256823 , 0.0275401 , 0.0262261
6.66476e-06 , 119.233 , 0.0397445 , 3e+21 , -8.69807 , -1.18666 , 7.91446 , 0.0256823 , 0.0275401 , 0.0262261
