0.0	0.0
13.227	0.0
13.2382	2.21442e-23
13.2518	3.76911e-23
13.2654	5.06342e-23
13.279	7.49188e-23
13.2926	8.26571e-23
13.3062	8.77968e-23
13.3198	8.81355e-23
13.3334	8.65148e-23
13.347	8.17557e-23
13.3606	8.04254e-23
13.3742	8.02101e-23
13.3878	9.18103e-23
13.4014	7.69835e-23
13.415	7.63443e-23
13.4286	7.75752e-23
13.4422	7.95713e-23
13.4558	8.3177e-23
13.4695	8.54473e-23
13.4831	8.70937e-23
13.4967	8.58893e-23
13.5103	8.54864e-23
13.5239	8.39542e-23
13.5375	8.34659e-23
13.5511	8.22064e-23
13.5647	8.13793e-23
13.5783	7.90708e-23
13.5919	6.98609e-23
13.6055	6.93665e-23
13.6191	6.87538e-23
13.6327	6.92081e-23
13.6463	7.13309e-23
13.6599	7.27927e-23
13.6735	7.41314e-23
13.6871	7.53541e-23
13.7007	7.64481e-23
13.7144	7.74142e-23
13.728	7.82514e-23
13.7416	7.90116e-23
13.7552	7.96946e-23
13.7688	8.03369e-23
13.7824	8.08889e-23
13.796	8.16499e-23
13.8096	8.24083e-23
13.8232	8.29882e-23
13.8368	8.36694e-23
13.8504	8.43772e-23
13.864	8.51019e-23
13.8776	8.59158e-23
13.8912	8.62724e-23
13.9048	8.71241e-23
13.9184	8.80891e-23
13.932	8.88671e-23
13.9456	9.00278e-23
13.9593	9.24479e-23
13.9729	9.9356e-23
13.9865	1.03557e-22
14.0001	9.87336e-23
14.0137	9.66427e-23
14.0273	9.64184e-23
14.0409	9.63482e-23
14.0545	9.593e-23
14.0681	9.40331e-23
14.0817	8.73844e-23
14.0953	9.26813e-23
14.1089	9.22416e-23
14.1225	8.78833e-23
14.1361	9.50162e-23
14.1497	8.55455e-23
14.1633	8.2042e-23
14.1769	8.3181e-23
14.1905	8.6936e-23
14.2041	8.91802e-23
14.2178	9.17173e-23
14.2314	8.91079e-23
14.245	8.79375e-23
14.2586	8.62967e-23
14.2722	8.18611e-23
14.2858	8.38848e-23
14.2994	8.15547e-23
14.313	7.70038e-23
14.3266	7.03135e-23
14.3402	7.84339e-23
14.3538	7.65155e-23
14.3674	7.73433e-23
14.381	7.91283e-23
14.3946	7.99882e-23
14.4082	8.12056e-23
14.4218	8.32945e-23
14.4354	8.43296e-23
14.449	8.47667e-23
14.4627	8.57903e-23
14.4763	8.75551e-23
14.4899	8.85908e-23
14.5035	8.83731e-23
14.5171	8.83066e-23
14.5307	8.8423e-23
14.5443	9.0644e-23
14.5579	9.82176e-23
14.5715	9.74742e-23
14.5851	1.04539e-22
14.5987	1.05712e-22
14.6123	1.01765e-22
14.6259	1.01535e-22
14.6395	9.94007e-23
14.6531	9.98066e-23
14.6667	9.43707e-23
14.6803	9.27664e-23
14.6939	9.16815e-23
14.7076	9.30035e-23
14.7212	9.31727e-23
14.7348	9.36313e-23
14.7484	9.49509e-23
14.762	9.43667e-23
14.7756	9.60573e-23
14.7892	9.58965e-23
14.8028	9.69635e-23
14.8164	9.86785e-23
14.83	1.00648e-22
14.8436	1.01246e-22
14.8572	1.00192e-22
14.8708	9.97598e-23
14.8844	9.93054e-23
14.898	9.95104e-23
14.9116	9.82203e-23
14.9252	9.77812e-23
14.9388	9.83416e-23
14.9661	9.78627e-23
14.9797	9.67438e-23
14.9933	9.70272e-23
15.0069	1.04251e-22
15.0205	1.06855e-22
15.0341	1.10694e-22
15.0477	1.07145e-22
15.0613	1.05293e-22
15.0749	1.03772e-22
15.0885	1.03322e-22
15.1021	1.01971e-22
15.1157	9.95049e-23
15.1293	1.0182e-22
15.1429	1.01224e-22
15.1565	1.00327e-22
15.1837	9.97883e-23
15.1974	9.61909e-23
15.211	9.90358e-23
15.2246	9.8217e-23
15.2382	9.55832e-23
15.2518	9.78205e-23
15.2654	9.58156e-23
15.279	9.51693e-23
15.2926	9.50638e-23
15.3062	9.40437e-23
15.3198	9.45254e-23
15.3334	9.50062e-23
15.347	9.3743e-23
15.3606	9.35898e-23
15.3742	9.32077e-23
15.3878	9.30996e-23
15.415	9.40909e-23
15.4286	9.55393e-23
15.4423	9.55939e-23
15.4559	9.52899e-23
15.4695	9.51665e-23
15.4831	9.52396e-23
15.4967	9.65796e-23
15.5103	9.67993e-23
15.5239	9.77621e-23
15.5375	9.87186e-23
15.5511	9.97087e-23
15.5647	1.13668e-22
15.5783	1.0316e-22
15.5919	1.03632e-22
15.6055	1.04117e-22
15.6191	1.06462e-22
15.6327	1.0924e-22
15.6463	1.11856e-22
15.6599	1.15477e-22
15.6735	1.17048e-22
15.6872	1.19049e-22
15.7008	1.19694e-22
15.7144	1.21327e-22
15.728	1.22815e-22
15.7416	1.22799e-22
15.7552	1.27017e-22
15.7688	1.2607e-22
15.7824	1.25027e-22
15.796	1.12281e-22
15.8096	1.20441e-22
15.8232	1.2262e-22
15.8368	1.25243e-22
16.0001	1.27178e-22
16.7501	1.39166e-22
17.2501	1.52535e-22
17.5001	1.45676e-22
18.0001	1.4168e-22
18.0501	1.43451e-22
18.1001	1.41431e-22
18.1501	1.39844e-22
18.2501	1.39386e-22
19.2501	1.43751e-22
20.0001	1.40777e-22
21.0001	1.60797e-22
22.0001	1.554e-22
23.0001	1.65049e-22
24.0001	1.56902e-22
25.0001	1.6845e-22
30.0001	1.60384e-22
35.0002	1.48328e-22
40.0002	1.36666e-22
50.0002	1.20219e-22
60.0003	1.09479e-22
70.0003	1.02921e-22
80.0004	9.36176e-23
90.0004	8.6321e-23
100.0	7.93853e-23
125.001	6.61739e-23
150.001	5.70449e-23
175.001	5.05628e-23
200.001	4.57753e-23
225.001	4.20959e-23
250.001	3.9099e-23
275.001	3.66389e-23
300.001	3.41307e-23