0.0	0.0
13.299	0.0
13.3062	3.61338e-24
13.3198	8.92767e-24
13.3334	1.49999e-23
13.347	3.03047e-23
13.3606	3.66566e-23
13.3742	4.17504e-23
13.3878	4.60665e-23
13.4014	4.91524e-23
13.415	5.17827e-23
13.4286	5.42574e-23
13.4422	5.53918e-23
13.4558	5.63773e-23
13.4695	5.63238e-23
13.4831	5.68138e-23
13.4967	5.7591e-23
13.5103	5.97187e-23
13.5239	6.27768e-23
13.5375	6.78061e-23
13.5511	7.42599e-23
13.5647	8.1454e-23
13.5783	8.92346e-23
13.5919	9.81033e-23
13.6055	1.02277e-22
13.6191	9.88882e-23
13.6327	9.43274e-23
13.6463	8.40902e-23
13.6599	8.34193e-23
13.6735	8.37711e-23
13.6871	8.43982e-23
13.7007	8.51146e-23
13.7144	8.58339e-23
13.728	8.65021e-23
13.7416	8.71085e-23
13.7552	8.77625e-23
13.7688	8.85925e-23
13.7824	8.94188e-23
13.796	9.072e-23
13.8096	9.24436e-23
13.8232	9.42408e-23
13.8368	9.58902e-23
13.8504	9.73614e-23
13.864	9.88028e-23
13.8776	1.00133e-22
13.8912	1.01253e-22
13.9048	1.01862e-22
13.9184	1.03189e-22
13.932	1.0413e-22
13.9456	1.05441e-22
13.9593	1.09328e-22
13.9729	1.26786e-22
13.9865	1.41502e-22
14.0001	1.29865e-22
14.0137	1.28286e-22
14.0273	1.20484e-22
14.0409	1.18945e-22
14.0545	1.17684e-22
14.0681	1.16307e-22
14.0817	1.15416e-22
14.0953	1.13848e-22
14.1089	1.08181e-22
14.1225	1.07193e-22
14.1361	1.04631e-22
14.1497	1.02617e-22
14.1633	1.03397e-22
14.1769	1.058e-22
14.1905	1.09199e-22
14.2041	1.16468e-22
14.2178	1.16754e-22
14.2314	1.15172e-22
14.245	1.12788e-22
14.2586	1.11758e-22
14.2722	1.11013e-22
14.2858	1.10018e-22
14.2994	1.05992e-22
14.313	1.01314e-22
14.3266	1.04018e-22
14.3402	1.06203e-22
14.3538	1.09049e-22
14.3674	1.12062e-22
14.381	1.09164e-22
14.3946	1.08267e-22
14.4082	1.08887e-22
14.4218	1.09213e-22
14.4354	1.07524e-22
14.449	1.05682e-22
14.4627	1.03272e-22
14.4763	1.02104e-22
14.4899	1.0186e-22
14.5035	1.01411e-22
14.5171	1.01194e-22
14.5307	1.00057e-22
14.5443	9.72328e-23
14.5579	9.48927e-23
14.5715	8.97723e-23
14.5851	9.56433e-23
14.5987	9.99306e-23
14.6123	1.02752e-22
14.6259	1.02846e-22
14.6395	1.02627e-22
14.6531	1.04456e-22
14.6667	1.04769e-22
14.6803	1.05481e-22
14.6939	9.89149e-23
14.7076	9.93067e-23
14.7212	9.73621e-23
14.7348	9.78551e-23
14.7484	9.68825e-23
14.762	9.60837e-23
14.7756	9.58336e-23
14.7892	9.36181e-23
14.8028	9.30797e-23
14.8164	9.30534e-23
14.83	9.86802e-23
14.8436	9.90966e-23
14.8572	1.00771e-22
14.8708	1.00353e-22
14.8844	1.00512e-22
14.898	1.0056e-22
14.9116	9.94983e-23
14.9252	9.92866e-23
14.9388	1.00026e-22
14.9661	9.68157e-23
14.9797	9.86281e-23
14.9933	9.59443e-23
15.0069	1.00827e-22
15.0205	1.00327e-22
15.0341	1.00558e-22
15.0477	9.81871e-23
15.0613	9.73814e-23
15.0749	9.96428e-23
15.0885	9.59811e-23
15.1021	9.59998e-23
15.1157	1.02533e-22
15.1293	1.01591e-22
15.1429	1.02127e-22
15.1565	1.03048e-22
15.1837	1.05424e-22
15.1974	1.02523e-22
15.211	1.11724e-22
15.2246	1.11028e-22
15.2382	1.06184e-22
15.2518	1.11645e-22
15.2654	1.0792e-22
15.279	1.08682e-22
15.2926	1.08466e-22
15.3062	1.11329e-22
15.3198	1.13535e-22
15.3334	1.14416e-22
15.347	1.15558e-22
15.3606	1.13271e-22
15.3742	1.15973e-22
15.3878	1.18759e-22
15.415	1.17028e-22
15.4286	1.14002e-22
15.4423	1.11295e-22
15.4559	1.08424e-22
15.4695	1.09241e-22
15.4831	1.07973e-22
15.4967	1.0849e-22
15.5103	1.07596e-22
15.5239	1.06459e-22
15.5375	1.05915e-22
15.5511	1.06559e-22
15.5647	1.37999e-22
15.5783	1.04905e-22
15.5919	1.04809e-22
15.6055	1.05894e-22
15.6191	1.05092e-22
15.6327	1.06482e-22
15.6463	1.0529e-22
15.6599	1.05488e-22
15.6735	1.04815e-22
15.6872	1.04235e-22
15.7008	1.06268e-22
15.7144	1.0788e-22
15.728	1.08077e-22
15.7416	1.08534e-22
15.7552	1.07557e-22
15.7688	1.07066e-22
15.7824	1.0635e-22
15.796	1.06684e-22
15.8096	1.08806e-22
15.8232	1.1026e-22
15.8368	1.10403e-22
16.0001	1.2239e-22
16.7501	1.19981e-22
17.2501	1.29852e-22
17.5001	1.34173e-22
18.0001	1.35102e-22
18.0501	1.32518e-22
18.1001	1.3302e-22
18.1501	1.32617e-22
18.2501	1.3403e-22
19.2501	1.45892e-22
20.0001	1.34835e-22
21.0001	1.47258e-22
22.0001	1.42186e-22
23.0001	1.52821e-22
24.0001	1.43474e-22
25.0001	1.55133e-22
30.0001	1.47315e-22
35.0002	1.39038e-22
40.0002	1.37053e-22
50.0002	1.1835e-22
60.0003	1.12364e-22
70.0003	1.04434e-22
80.0004	9.59964e-23
90.0004	8.84571e-23
100.0	8.16919e-23
125.001	6.83642e-23
150.001	5.90803e-23
175.001	5.24251e-23
200.001	4.74852e-23
225.001	4.36835e-23
250.001	4.05796e-23
275.001	3.80289e-23
300.001	3.54257e-23