0,0,0,0,0,0,0,0,0,0,0,0,0,0,0,0,0,0,0,0,0,0,0,0,0,0,0,0,0,0,0,0,0,0
100,10332,0,0,0,0,0,0,0,0,0,0,0,0,0,0,0,0,0,0,0,0,0,0,0,0,0,0,0,0,0,0,0,0
200,19603,0,0,0,0,0,0,0,0,0,0,0,0,0,0,0,0,0,0,0,0,0,0,0,0,0,0,0,0,0,0,0,0
300,61948,0,0,0,0,0,0,0,0,0,0,0,0,0,0,0,0,0,0,0,0,0,0,0,0,0,0,0,0,0,0,0,0
400,131137,0,0,0,0,0,0,0,0,0,0,0,0,0,0,0,0,0,0,0,0,0,0,0,0,0,0,0,0,0,0,0,0
500,214261,0,0,0,0,0,0,0,0,0,0,0,0,0,0,0,0,0,0,0,0,0,0,0,0,0,0,0,0,0,0,0,0
600,309028,0,0,0,0,0,0,0,0,0,0,0,0,0,0,0,0,0,0,0,0,0,0,0,0,0,0,0,0,0,0,0,0
700,414468,0,0,0,0,0,0,0,0,0,0,0,0,0,0,0,0,0,0,0,0,0,0,0,0,0,0,0,0,0,0,0,0
800,529563,0,0,0,0,0,0,0,0,0,0,0,0,0,0,0,0,0,0,0,0,0,0,0,0,0,0,0,0,0,0,0,0
900,654415,0,0,0,0,0,0,0,0,0,0,0,0,0,0,0,0,0,0,0,0,0,0,0,0,0,0,0,0,0,0,0,0
1000,788233,0,0,0,0,0,0,0,0,0,0,0,0,0,0,0,0,0,0,0,0,0,0,0,0,0,0,0,0,0,0,0,0
1100,930914,0,0,0,0,0,0,0,0,0,0,0,0,0,0,0,0,0,0,0,0,0,0,0,0,0,0,0,0,0,0,0,0
1200,1081841,0,0,0,0,0,0,0,0,0,0,0,0,0,0,0,0,0,0,0,0,0,0,0,0,0,0,0,0,0,0,0,0
1300,1242433,0,0,0,0,0,0,0,0,0,0,0,0,0,0,0,0,0,0,0,0,0,0,0,0,0,0,0,0,0,0,0,0
1400,1410038,0,0,0,0,0,0,0,0,0,0,0,0,0,0,0,0,0,0,0,0,0,0,0,0,0,0,0,0,0,0,0,0
1500,1584823,0,0,0,0,0,0,0,0,0,0,0,0,0,0,0,0,0,0,0,0,0,0,0,0,0,0,0,0,0,0,0,0
1600,1767480,0,0,0,0,0,0,0,0,0,0,0,0,0,0,0,0,0,0,0,0,0,0,0,0,0,0,0,0,0,0,0,0
1700,1956738,0,0,0,0,0,0,0,0,0,0,0,0,0,0,0,0,0,0,0,0,0,0,0,0,0,0,0,0,0,0,0,0
1800,2152856,0,0,0,0,0,0,0,0,0,0,0,0,0,0,0,0,0,0,0,0,0,0,0,0,0,0,0,0,0,0,0,0
1900,2356572,0,0,0,0,0,0,0,0,0,0,0,0,0,0,0,0,0,0,0,0,0,0,0,0,0,0,0,0,0,0,0,0
2000,2566280,0,0,0,0,0,0,0,0,0,0,0,0,0,0,0,0,0,0,0,0,0,0,0,0,0,0,0,0,0,0,0,0
2100,2783112,0,0,0,0,0,0,0,0,0,0,0,0,0,0,0,0,0,0,0,0,0,0,0,0,0,0,0,0,0,0,0,0
2200,3006044,0,0,0,0,0,0,0,0,0,0,0,0,0,0,0,0,0,0,0,0,0,0,0,0,0,0,0,0,0,0,0,0
2300,3234402,0,0,0,0,0,0,0,0,0,0,0,0,0,0,0,0,0,0,0,0,0,0,0,0,0,0,0,0,0,0,0,0
2400,3469575,0,0,0,0,0,0,0,0,0,0,0,0,0,0,0,0,0,0,0,0,0,0,0,0,0,0,0,0,0,0,0,0
2500,3711025,0,0,0,0,0,0,0,0,0,0,0,0,0,0,0,0,0,0,0,0,0,0,0,0,0,0,0,0,0,0,0,0
2600,3959166,0,0,0,0,0,0,0,0,0,0,0,0,0,0,0,0,0,0,0,0,0,0,0,0,0,0,0,0,0,0,0,0
2700,4212646,0,0,0,0,0,0,0,0,0,0,0,0,0,0,0,0,0,0,0,0,0,0,0,0,0,0,0,0,0,0,0,0
2800,4473070,0,0,0,0,0,0,0,0,0,0,0,0,0,0,0,0,0,0,0,0,0,0,0,0,0,0,0,0,0,0,0,0
2900,4739038,0,0,0,0,0,0,0,0,0,0,0,0,0,0,0,0,0,0,0,0,0,0,0,0,0,0,0,0,0,0,0,0
3000,5010964,0,0,0,0,0,0,0,0,0,0,0,0,0,0,0,0,0,0,0,0,0,0,0,0,0,0,0,0,0,0,0,0
3100,5287380,0,0,0,0,0,0,0,0,0,0,0,0,0,0,0,0,0,0,0,0,0,0,0,0,0,0,0,0,0,0,0,0
3200,5569908,0,0,0,0,0,0,0,0,0,0,0,0,0,0,0,0,0,0,0,0,0,0,0,0,0,0,0,0,0,0,0,0
3300,5858381,0,0,0,0,0,0,0,0,0,0,0,0,0,0,0,0,0,0,0,0,0,0,0,0,0,0,0,0,0,0,0,0
3400,6152016,0,0,0,0,0,0,0,0,0,0,0,0,0,0,0,0,0,0,0,0,0,0,0,0,0,0,0,0,0,0,0,0
3500,6450268,0,0,0,0,0,0,0,0,0,0,0,0,0,0,0,0,0,0,0,0,0,0,0,0,0,0,0,0,0,0,0,0
3600,6754109,0,0,0,0,0,0,0,0,0,0,0,0,0,0,0,0,0,0,0,0,0,0,0,0,0,0,0,0,0,0,0,0
3700,7062636,0,0,0,0,0,0,0,0,0,0,0,0,0,0,0,0,0,0,0,0,0,0,0,0,0,0,0,0,0,0,0,0
3800,7376118,0,0,0,0,0,0,0,0,0,0,0,0,0,0,0,0,0,0,0,0,0,0,0,0,0,0,0,0,0,0,0,0
3900,7692780,0,0,0,0,0,0,0,0,0,0,0,0,0,0,0,0,0,0,0,0,0,0,0,0,0,0,0,0,0,0,0,0
4000,8015083,0,0,0,0,0,0,0,0,0,0,0,0,0,0,0,0,0,0,0,0,0,0,0,0,0,0,0,0,0,0,0,0
4100,8343022,0,0,0,0,0,0,0,0,0,0,0,0,0,0,0,0,0,0,0,0,0,0,0,0,0,0,0,0,0,0,0,0
4200,8674849,0,0,0,0,0,0,0,0,0,0,0,0,0,0,0,0,0,0,0,0,0,0,0,0,0,0,0,0,0,0,0,0
4300,9011710,0,0,0,0,0,0,0,0,0,0,0,0,0,0,0,0,0,0,0,0,0,0,0,0,0,0,0,0,0,0,0,0
4400,9352240,0,0,0,0,0,0,0,0,0,0,0,0,0,0,0,0,0,0,0,0,0,0,0,0,0,0,0,0,0,0,0,0
4500,9697573,0,0,0,0,0,0,0,0,0,0,0,0,0,0,0,0,0,0,0,0,0,0,0,0,0,0,0,0,0,0,0,0
4600,10047198,0,0,0,0,0,0,0,0,0,0,0,0,0,0,0,0,0,0,0,0,0,0,0,0,0,0,0,0,0,0,0,0
4700,10401708,0,0,0,0,0,0,0,0,0,0,0,0,0,0,0,0,0,0,0,0,0,0,0,0,0,0,0,0,0,0,0,0
4800,10760159,0,0,0,0,0,0,0,0,0,0,0,0,0,0,0,0,0,0,0,0,0,0,0,0,0,0,0,0,0,0,0,0
4900,11122576,0,0,0,0,0,0,0,0,0,0,0,0,0,0,0,0,0,0,0,0,0,0,0,0,0,0,0,0,0,0,0,0
5000,11488923,0,0,0,0,0,0,0,0,0,0,0,0,0,0,0,0,0,0,0,0,0,0,0,0,0,0,0,0,0,0,0,0
5100,11860093,0,0,0,0,0,0,0,0,0,0,0,0,0,0,0,0,0,0,0,0,0,0,0,0,0,0,0,0,0,0,0,0
5200,12235538,0,0,0,0,0,0,0,0,0,0,0,0,0,0,0,0,0,0,0,0,0,0,0,0,0,0,0,0,0,0,0,0
5300,12615938,0,0,0,0,0,0,0,0,0,0,0,0,0,0,0,0,0,0,0,0,0,0,0,0,0,0,0,0,0,0,0,0
5400,12998988,0,0,0,0,0,0,0,0,0,0,0,0,0,0,0,0,0,0,0,0,0,0,0,0,0,0,0,0,0,0,0,0
5500,13385077,0,0,0,0,0,0,0,0,0,0,0,0,0,0,0,0,0,0,0,0,0,0,0,0,0,0,0,0,0,0,0,0
5600,13775263,0,0,0,0,0,0,0,0,0,0,0,0,0,0,0,0,0,0,0,0,0,0,0,0,0,0,0,0,0,0,0,0
5700,14169906,0,0,0,0,0,0,0,0,0,0,0,0,0,0,0,0,0,0,0,0,0,0,0,0,0,0,0,0,0,0,0,0
5800,14569138,0,0,0,0,0,0,0,0,0,0,0,0,0,0,0,0,0,0,0,0,0,0,0,0,0,0,0,0,0,0,0,0
5900,14972005,0,0,0,0,0,0,0,0,0,0,0,0,0,0,0,0,0,0,0,0,0,0,0,0,0,0,0,0,0,0,0,0
6000,15378924,0,0,0,0,0,0,0,0,0,0,0,0,0,0,0,0,0,0,0,0,0,0,0,0,0,0,0,0,0,0,0,0
6100,15788879,0,0,0,0,0,0,0,0,0,0,0,0,0,0,0,0,0,0,0,0,0,0,0,0,0,0,0,0,0,0,0,0
6200,16201741,0,0,0,0,0,0,0,0,0,0,0,0,0,0,0,0,0,0,0,0,0,0,0,0,1,0,0,0,0,0,0,0
6300,16617621,0,0,0,0,0,0,0,0,0,0,0,0,0,0,0,0,0,0,0,0,0,0,0,0,1,0,0,0,0,0,0,0
6400,17038927,0,0,0,0,0,0,0,0,0,0,0,0,0,0,0,0,0,0,0,0,0,0,0,0,1,0,0,0,0,0,0,0
6500,17462508,0,0,0,0,0,0,0,0,0,0,0,0,0,0,0,0,0,0,0,0,0,0,0,0,2,1,0,0,0,0,0,0
6600,17890407,0,0,0,0,0,0,0,0,0,0,0,0,0,0,0,0,0,1,0,0,0,0,0,0,2,1,0,0,0,0,0,0
6700,18322585,0,0,0,0,0,0,0,0,0,0,0,0,0,0,0,0,0,1,0,0,0,0,0,0,2,1,0,0,0,0,0,0
6800,18757663,0,0,0,0,0,0,0,0,0,0,0,0,0,0,0,0,0,1,0,0,0,0,0,1,2,2,0,0,0,0,0,0
6900,19196882,0,0,0,0,0,0,0,0,0,0,0,0,0,0,0,0,0,1,0,0,0,0,0,1,3,2,0,0,0,0,0,0
7000,19638208,0,0,0,0,0,0,0,0,0,0,0,0,0,0,0,0,0,1,0,0,0,0,0,1,4,3,0,0,0,0,0,0
7100,20082833,0,0,0,0,0,0,0,0,0,0,0,0,0,0,0,0,0,1,0,0,0,0,0,1,4,4,0,0,0,0,0,0
7200,20531116,0,0,0,0,0,0,0,0,0,0,0,0,0,0,0,0,0,1,0,0,0,0,0,1,4,5,0,0,0,0,0,0
7300,20983239,0,0,0,0,0,0,0,0,0,0,0,0,0,0,0,0,0,1,0,0,0,0,1,1,4,5,0,0,0,0,0,0
7400,21437085,0,0,0,0,0,0,0,0,0,0,0,0,0,0,0,0,0,1,0,0,0,0,1,2,4,6,0,0,0,0,0,0
7500,21893857,0,0,0,0,0,0,0,0,0,0,0,0,0,0,0,0,0,1,0,0,0,0,1,3,4,6,0,0,0,0,0,0
7600,22355713,0,0,0,0,0,0,0,0,0,0,0,0,0,0,0,0,0,1,0,0,0,0,2,3,4,6,0,0,0,0,0,0
7700,22819365,0,0,0,0,0,0,0,0,0,0,0,0,0,0,0,0,0,1,0,0,0,0,2,3,4,9,0,0,0,0,0,0
7800,23285031,0,0,0,0,0,0,0,0,0,0,0,0,0,0,0,0,0,1,0,0,0,0,2,3,5,9,0,0,0,0,0,0
7900,23754903,0,0,0,0,0,0,0,0,0,0,0,0,0,0,0,0,0,1,0,0,0,0,2,3,5,10,0,0,0,0,0,0
8000,24229133,0,0,0,0,0,0,0,0,0,0,0,0,0,0,0,0,0,1,0,0,0,0,2,4,6,10,0,0,0,0,0,0
8100,24705556,0,0,0,0,0,0,0,0,0,0,0,0,0,0,0,0,0,1,0,0,0,0,3,4,6,11,0,0,0,0,0,0
8200,25185138,0,0,0,0,0,0,0,0,0,0,0,0,0,0,0,0,0,1,0,0,0,0,3,5,6,11,0,0,0,0,0,0
8300,25667259,0,0,0,0,0,0,0,0,0,0,0,0,0,0,0,0,0,1,0,0,0,0,3,5,7,14,0,0,0,0,0,0
8400,26151322,0,0,0,0,0,0,0,0,0,0,0,0,0,0,0,0,0,1,0,0,0,0,3,5,10,14,0,0,0,0,0,0
8500,26638143,0,0,0,0,0,0,0,0,0,0,0,0,0,0,0,0,0,1,0,0,0,0,4,5,12,15,0,0,0,0,0,0
8600,27128894,0,0,0,0,0,0,0,0,0,0,0,0,0,0,0,0,0,1,0,0,0,0,4,5,12,16,0,0,0,0,0,0
8700,27621430,0,0,0,0,0,0,0,0,0,0,0,0,0,0,0,0,0,1,0,0,0,0,4,6,16,17,0,0,0,0,0,0
8800,28116414,0,0,0,0,0,0,0,0,0,0,0,0,0,0,0,0,0,1,0,0,0,0,4,9,17,19,0,0,0,0,0,0
8900,28613110,0,0,0,0,0,0,0,0,0,0,0,0,0,0,0,0,0,1,0,0,0,0,4,9,20,19,0,0,0,0,0,0
9000,29114148,0,0,0,0,0,0,0,0,0,0,0,0,0,0,0,0,0,1,0,0,0,0,4,9,22,20,0,0,0,0,0,0
9100,29615840,0,0,0,0,0,0,0,0,0,0,0,0,0,0,0,0,0,1,0,0,0,0,4,10,25,26,0,0,0,0,0,0
9200,30120151,0,0,0,0,0,0,0,0,0,0,0,0,0,0,0,0,0,1,0,0,0,0,4,10,25,29,0,0,0,0,0,0
9300,30628230,0,0,0,0,0,0,0,0,0,0,0,0,0,0,0,0,0,1,0,0,0,0,4,10,28,30,0,0,0,0,0,0
9400,31139803,0,0,0,0,0,0,0,0,0,0,0,0,0,0,0,0,0,1,0,0,0,0,4,11,31,31,0,0,0,0,0,0
9500,31652606,0,0,0,0,0,0,0,0,0,0,0,0,0,0,0,0,0,1,0,0,0,0,4,12,31,35,0,0,0,0,0,0
9600,32168657,0,0,0,0,0,0,0,0,0,0,0,0,0,0,0,0,0,1,0,0,0,0,4,12,32,39,0,0,0,0,0,0
9700,32687448,0,0,0,0,0,0,0,0,0,0,0,0,0,0,0,0,0,1,0,0,0,0,4,15,36,41,0,0,0,0,0,0
9800,33208633,0,0,0,0,0,0,0,0,0,0,0,0,0,0,0,0,0,1,0,0,0,0,4,15,37,44,0,0,0,0,0,0
9900,33732667,0,0,0,0,0,0,0,0,0,0,0,0,0,0,0,0,0,1,0,0,0,0,5,17,38,48,0,0,0,0,0,0
10000,34258081,0,0,0,0,0,0,0,0,0,0,0,0,0,0,0,0,0,1,0,0,0,0,5,17,40,50,0,0,0,0,0,0
10100,34786546,0,0,0,0,0,0,0,0,0,0,0,0,0,0,0,0,0,1,0,0,0,0,6,18,41,52,0,0,0,0,0,0
10200,35317049,0,0,0,0,0,0,0,0,0,0,0,0,0,0,0,0,0,1,0,1,0,0,6,22,44,54,0,0,0,0,0,0
10300,35850397,0,0,0,0,0,0,0,0,0,0,0,0,0,0,0,0,0,1,0,1,1,0,6,22,46,58,0,0,0,0,0,0
10400,36386291,0,0,0,0,0,0,0,0,0,0,0,0,0,0,0,0,0,1,0,1,1,0,6,26,49,62,0,0,0,0,0,0
10500,36923417,0,0,0,0,0,0,0,0,0,0,0,0,0,0,0,0,0,1,0,1,1,0,6,27,50,64,0,0,0,0,0,0
10600,37463344,0,0,0,0,0,0,0,0,0,0,0,0,0,0,0,0,0,1,0,1,1,0,6,32,54,68,0,0,0,0,0,0
10700,38006149,0,0,0,0,0,0,0,0,0,0,0,0,0,0,0,0,0,1,0,1,1,0,6,33,56,69,0,0,0,0,0,0
10800,38549615,0,0,0,0,0,0,0,0,0,0,0,0,0,0,0,0,0,1,0,1,1,0,7,36,61,73,0,0,0,0,0,0
10900,39097001,0,0,0,0,0,0,0,0,0,0,0,0,0,0,0,0,0,1,0,1,1,0,7,37,63,75,0,0,0,0,0,0
11000,39645729,0,0,0,0,0,0,0,0,0,0,0,0,0,0,0,0,0,1,0,1,1,0,8,40,66,80,0,0,0,0,0,0
11100,40195413,0,0,0,0,0,0,0,0,0,0,0,0,0,0,0,0,0,1,0,1,1,0,9,43,67,84,0,0,0,0,0,0
11200,40746450,0,0,0,0,0,0,0,0,0,0,0,0,0,0,0,0,0,1,0,1,1,0,9,46,71,91,0,0,0,0,0,0
11300,41298709,0,0,0,0,0,0,0,0,0,0,0,0,0,0,0,0,0,1,0,1,1,0,10,49,78,91,0,0,0,0,0,0
11400,41852830,0,0,0,0,0,0,0,0,0,0,0,0,0,0,0,0,0,1,0,1,1,0,11,53,80,98,0,0,0,0,0,0
11500,42409778,0,0,0,0,0,0,0,0,0,0,0,0,0,0,0,0,0,1,0,1,1,0,11,57,81,101,0,0,0,0,0,0
11600,42968165,0,0,0,0,0,0,0,0,0,0,0,0,0,0,0,0,0,1,0,1,1,0,11,62,83,105,0,0,0,0,0,0
11700,43527779,0,0,0,0,0,0,0,0,0,0,0,0,0,0,0,0,0,1,0,1,1,0,11,67,84,110,0,0,0,0,0,0
11800,44089872,0,0,0,0,0,0,0,0,0,0,0,0,0,0,0,0,0,1,0,1,1,0,11,70,88,115,0,0,0,0,0,0
11900,44653690,0,0,0,0,0,0,0,0,0,0,0,0,0,0,0,0,0,1,0,1,1,0,11,73,92,119,0,0,0,0,0,0
12000,45219347,0,0,0,0,0,0,0,0,0,0,0,0,0,0,0,0,0,1,0,1,1,0,11,76,98,121,0,0,0,0,0,0
12100,45787926,0,0,0,0,0,0,0,0,0,0,0,0,0,0,0,0,0,1,0,1,2,0,11,78,101,125,0,0,0,0,0,0
12200,46356865,0,0,0,0,0,0,0,0,0,0,0,0,0,0,0,0,0,1,0,1,2,0,11,79,104,132,0,0,0,0,0,0
12300,46927456,0,0,0,0,0,0,0,0,0,0,0,0,0,0,0,0,0,1,0,1,2,0,11,83,105,141,0,0,0,0,0,0
12400,47499263,0,0,0,0,0,0,0,0,0,0,0,0,0,0,0,0,0,2,0,1,2,0,12,85,110,145,0,0,0,0,0,0
12500,48072278,0,0,0,0,0,0,0,0,0,0,0,0,0,0,0,0,0,2,0,1,2,0,12,88,113,147,0,0,0,0,0,0
12600,48648261,0,0,0,0,0,0,0,0,0,0,0,0,0,0,0,0,0,2,0,1,2,0,13,92,117,157,0,0,0,0,0,0
12700,49226088,0,0,0,0,0,0,0,0,0,0,0,0,0,0,0,0,0,2,0,1,2,0,13,95,122,160,0,0,0,0,0,0
12800,49805468,0,0,0,0,0,0,0,0,0,0,0,0,0,0,0,0,0,2,0,1,2,0,15,100,123,163,0,1,0,0,0,0
12900,50386843,0,0,0,0,0,0,0,0,0,0,0,0,0,0,0,0,0,2,0,1,2,0,16,103,125,165,0,1,0,0,0,0
13000,50971050,0,0,0,0,0,0,0,0,0,0,0,0,0,0,0,0,0,2,0,1,2,1,17,107,127,168,0,1,0,0,0,0
13100,51558557,0,0,0,0,0,0,0,0,0,0,0,0,0,0,0,0,0,2,0,1,2,1,18,110,131,171,0,1,0,0,0,0
13200,52146490,0,0,0,0,0,0,0,0,0,0,0,0,0,0,0,0,0,2,0,1,2,1,18,113,134,179,0,1,0,0,0,0
13300,52735067,0,0,0,0,0,0,0,0,0,0,0,0,0,0,0,0,0,2,0,1,2,1,18,115,141,187,0,1,0,0,0,0
13400,53324508,0,0,0,0,0,0,0,0,0,0,0,0,0,0,0,0,0,2,0,1,2,1,21,122,143,192,0,1,0,0,0,0
13500,53916066,0,0,0,0,0,0,0,0,0,0,0,0,0,0,0,0,0,2,0,1,2,1,21,122,147,196,0,1,0,0,0,0
13600,54509955,0,0,0,0,0,0,0,0,0,0,0,0,0,0,0,0,0,2,0,1,2,1,21,126,151,201,0,1,0,0,0,0
13700,55105773,0,0,0,0,0,0,0,0,0,0,0,0,0,0,0,0,0,2,0,1,2,1,21,128,158,205,0,1,0,0,0,0
13800,55703351,0,0,0,0,0,0,0,0,0,0,0,0,0,0,0,0,0,3,0,1,2,1,23,131,164,210,0,1,0,0,0,0
13900,56302223,0,0,0,0,0,0,0,0,0,0,0,0,0,0,0,0,0,3,0,1,2,1,26,134,172,216,0,1,0,0,0,0
14000,56901976,0,0,0,0,0,0,0,0,0,0,0,0,0,0,0,0,0,3,0,1,2,1,26,138,180,222,0,1,0,0,0,0
14100,57502812,0,0,0,0,0,0,0,0,0,0,0,0,0,0,0,0,0,3,0,1,3,1,28,142,185,224,0,1,0,0,0,0
14200,58106154,0,0,0,0,0,0,0,0,0,0,0,0,0,0,0,0,0,3,0,1,3,1,28,145,190,227,0,1,0,0,0,0
14300,58711256,0,0,0,0,0,0,0,0,0,0,0,0,0,0,0,0,0,3,0,1,3,1,28,147,192,233,0,1,0,0,0,0
14400,59317387,0,0,0,0,0,0,0,0,0,0,0,0,0,0,0,0,0,3,0,1,3,1,28,147,199,240,0,1,0,0,0,0
14500,59924914,0,0,0,0,0,0,0,0,0,0,0,0,0,0,0,0,0,3,0,1,3,1,28,156,206,244,0,1,0,0,0,0
14600,60533173,0,0,0,0,0,0,0,0,0,0,0,0,0,0,0,0,0,3,0,1,3,1,29,162,213,252,0,1,0,0,0,0
14700,61141350,0,0,0,0,0,0,0,0,0,0,0,0,0,0,0,0,0,3,0,1,3,1,30,166,219,260,0,1,0,0,0,0
14800,61751010,0,0,0,0,0,0,0,0,0,0,0,0,0,0,0,0,0,3,0,1,3,1,31,170,222,265,0,1,0,0,0,0
14900,62359867,0,0,0,0,0,0,0,0,0,0,0,0,0,0,0,0,0,3,0,1,3,1,32,175,227,269,0,1,0,0,0,0
15000,62970164,0,0,0,0,0,0,0,0,0,0,0,0,0,0,0,0,0,3,0,1,3,1,33,179,227,271,0,1,0,0,0,0
15100,63582339,0,0,0,0,0,0,0,0,0,0,0,0,0,0,0,0,0,3,0,1,3,1,33,185,236,273,0,1,0,0,0,0
15200,64196024,0,0,0,0,0,0,0,0,0,0,0,0,0,0,0,0,0,3,0,1,3,1,33,188,239,281,0,1,0,0,0,0
15300,64810577,0,0,0,0,0,0,0,0,0,0,0,0,0,0,0,0,0,3,0,1,3,1,33,191,243,290,0,1,0,0,0,0
15400,65426540,0,0,0,0,0,0,0,0,0,0,0,0,0,0,0,0,0,3,0,1,3,1,34,198,248,297,0,1,0,0,0,0
15500,66042635,0,0,0,0,0,0,0,0,0,0,0,0,0,0,0,0,0,3,0,1,3,1,34,202,253,303,0,1,0,0,0,0
15600,66659474,0,0,0,0,0,0,0,0,0,0,0,0,0,0,0,0,0,3,0,1,3,1,36,205,257,309,0,1,0,0,0,0
15700,67277550,0,0,0,0,0,0,0,0,0,0,0,0,0,0,0,0,0,3,0,1,3,1,37,211,265,317,0,1,0,0,0,0
15800,67896296,0,0,0,0,0,0,0,0,0,0,0,0,0,0,0,0,0,3,0,1,3,1,37,216,271,319,0,1,0,0,0,0
15900,68515259,0,0,0,0,0,0,0,0,0,0,0,0,0,0,0,0,0,3,0,1,3,1,37,220,276,327,0,1,0,0,0,0
16000,69137613,0,0,0,0,0,0,0,0,0,0,0,0,0,0,0,0,1,3,0,1,3,1,37,222,281,332,0,1,0,0,0,0
16100,69760442,0,0,0,0,0,0,0,0,0,0,0,0,0,0,0,0,1,3,0,1,3,1,38,224,283,342,0,1,0,0,0,0
16200,70384095,0,0,0,0,0,0,0,0,0,0,0,0,0,0,0,0,1,3,0,1,3,1,40,229,286,347,0,1,0,0,0,0
16300,71009187,0,0,0,0,0,0,0,0,0,0,0,0,0,0,0,0,1,3,0,1,3,1,40,232,289,349,0,1,0,0,0,0
16400,71635375,0,0,0,0,0,0,0,0,0,0,0,0,0,0,0,0,1,3,0,1,3,1,40,240,294,355,0,1,0,0,0,0
16500,72262865,0,0,0,0,0,0,0,0,0,0,0,0,0,0,0,0,1,3,0,1,3,1,42,246,296,360,0,1,0,0,0,0
16600,72891725,0,0,0,0,0,0,0,0,0,0,0,0,0,0,0,0,1,3,0,1,3,2,43,252,303,363,0,1,0,0,0,0
16700,73521722,0,0,0,0,0,0,0,0,0,0,0,0,0,0,0,0,1,3,0,1,3,2,43,259,314,369,0,1,0,0,0,0
16800,74150199,0,0,0,0,0,0,0,0,0,0,0,0,0,0,0,0,1,3,0,2,3,3,45,263,319,377,0,1,0,0,0,0
16900,74781022,0,0,0,0,0,0,0,0,0,0,0,0,0,0,0,0,1,3,0,2,3,3,45,266,321,385,0,1,0,0,0,0
17000,75412406,0,0,0,0,0,0,0,0,0,0,0,0,0,0,0,0,1,3,0,2,3,3,46,270,330,394,0,1,0,0,0,0
17100,76044087,0,0,0,0,0,0,0,0,0,0,0,0,1,0,0,0,1,3,0,2,3,3,50,276,337,398,0,1,0,0,0,0
17200,76677616,0,0,0,0,0,0,0,0,0,0,0,0,1,0,0,0,1,3,0,2,3,3,50,283,343,406,0,1,0,0,0,0
17300,77312295,0,0,0,0,0,0,0,0,0,0,0,0,1,0,0,0,1,3,0,2,3,4,52,288,344,415,0,1,0,0,0,0
17400,77948087,0,0,0,0,0,0,0,0,0,0,0,0,1,0,0,0,1,3,0,2,3,4,52,292,351,421,0,1,0,0,0,0
17500,78583352,0,0,0,0,0,0,0,0,0,0,0,0,1,0,0,0,1,3,0,2,3,4,52,297,357,428,0,1,0,0,0,0
17600,79219311,0,0,0,0,0,0,0,0,0,0,0,0,1,0,0,0,1,3,0,2,3,4,52,304,361,437,0,1,0,0,0,0
17700,79856252,0,0,0,0,0,0,0,0,0,0,0,0,1,0,0,0,1,3,0,2,3,4,54,313,363,449,0,1,0,0,0,0
17800,80492085,0,0,0,0,0,0,0,0,0,0,0,0,1,0,0,0,1,3,0,2,3,4,56,319,371,451,0,1,0,0,0,0
17900,81131162,0,0,0,0,0,0,0,0,0,0,0,0,1,0,0,0,1,3,0,2,3,4,56,323,376,456,0,1,0,0,0,0
18000,81769501,0,0,0,0,0,0,0,0,0,0,0,0,1,0,0,0,1,3,0,2,3,4,56,328,381,466,0,1,0,0,0,0
18100,82408182,0,0,0,0,0,0,0,0,0,0,0,0,1,0,0,0,1,3,0,2,3,4,57,333,385,470,0,1,0,0,0,0
18200,83048701,0,0,0,0,0,0,0,0,0,0,0,0,2,0,0,0,1,3,0,2,3,4,58,341,392,479,0,1,0,0,0,0
18300,83690500,0,0,0,0,0,0,0,0,0,0,0,0,2,0,0,0,1,3,0,2,3,4,58,350,398,484,0,1,0,0,0,0
18400,84331361,0,0,0,0,0,0,0,0,0,0,0,0,2,0,0,0,1,3,0,2,3,4,59,356,404,489,0,1,0,0,0,0
18500,84974388,0,0,0,0,0,0,0,0,0,0,0,0,2,0,0,0,1,3,0,2,3,4,60,360,412,494,0,1,0,0,0,0
18600,85616796,0,0,0,0,0,0,0,0,0,0,0,0,2,0,0,0,1,3,0,2,3,4,60,367,420,506,0,1,0,0,0,0
18700,86258740,0,0,0,0,0,0,0,0,0,0,0,0,3,0,0,0,1,3,0,2,3,4,60,372,427,512,0,1,0,0,0,0
18800,86901748,0,0,0,0,0,0,0,0,0,0,0,0,3,0,0,0,1,3,0,2,4,4,60,380,435,515,0,1,0,0,0,0
18900,87547094,0,0,0,0,0,0,0,0,0,0,0,0,3,0,0,0,1,3,0,2,4,4,62,386,441,523,0,1,0,0,0,0
19000,88190405,0,0,0,0,0,0,0,0,0,0,0,0,3,0,0,0,1,3,0,2,4,4,62,390,450,531,0,1,0,0,0,0
19100,88835349,0,0,0,0,0,0,0,0,0,0,0,0,3,0,0,0,1,4,0,2,4,4,64,401,458,533,0,1,0,0,0,0
19200,89482090,0,0,0,0,0,0,0,0,0,0,0,0,3,0,0,0,1,4,0,2,4,4,66,405,463,540,0,1,0,0,0,0
19300,90129706,0,0,0,0,0,0,0,0,0,0,0,0,3,0,0,0,1,5,0,2,4,4,67,413,468,546,0,1,0,0,0,0
19400,90776763,0,0,0,0,0,0,0,0,0,0,0,0,3,0,0,0,1,5,0,2,4,4,68,422,473,558,0,1,0,0,0,0
19500,91423169,0,0,0,0,0,0,0,0,0,0,0,0,3,0,0,0,1,5,0,2,5,4,70,429,481,568,0,1,0,0,0,0
19600,92070410,0,0,0,0,0,0,0,0,0,0,0,0,3,1,0,0,1,5,0,2,5,4,71,432,484,577,0,1,0,0,0,0
19700,92717513,0,0,0,0,0,0,0,0,0,0,0,0,3,1,0,0,1,5,0,2,5,4,71,440,493,582,0,1,0,0,0,0
19800,93364961,0,0,0,0,0,0,0,0,0,0,0,0,3,1,0,0,1,5,0,2,5,4,71,443,503,594,0,1,0,0,0,0
19900,94012386,0,0,0,0,0,0,0,0,0,0,0,0,3,1,0,0,1,5,0,2,5,4,72,445,509,608,0,1,0,0,0,0
20000,94659146,0,0,0,0,0,0,0,0,0,0,0,0,3,1,0,0,1,5,0,2,5,4,72,452,514,622,0,1,0,0,0,0
20100,95307150,0,0,0,0,0,0,0,0,0,0,0,0,3,1,0,0,1,5,0,3,6,4,72,459,519,633,0,1,0,0,0,0
20200,95954018,0,0,0,0,0,0,0,0,0,0,0,0,3,1,0,0,1,5,0,3,6,4,72,464,526,639,0,1,0,0,0,0
20300,96601964,0,0,0,0,0,0,0,0,0,0,0,0,3,1,0,0,1,5,0,3,6,4,72,468,531,647,0,1,0,0,0,0
20400,97250059,0,0,0,0,0,0,0,0,0,0,0,0,3,1,0,0,1,6,0,3,6,4,73,475,541,652,0,1,0,0,0,0
20500,97898380,0,0,0,0,0,0,0,0,0,0,0,0,3,1,0,0,1,6,0,3,7,5,74,482,546,660,0,1,0,0,0,0
20600,98548398,0,0,0,0,0,0,0,0,0,0,0,0,3,1,0,0,1,6,0,3,7,5,76,491,547,667,0,1,0,0,0,0
20700,99199409,0,0,0,0,0,0,0,0,0,0,0,0,3,1,0,0,1,6,0,3,7,5,78,502,556,670,0,1,0,0,0,0
20800,99848666,0,0,0,0,0,0,0,0,0,0,0,0,3,1,0,0,1,7,0,3,7,5,78,511,565,680,0,1,0,0,0,0
20900,100500711,0,0,0,0,0,0,0,0,0,0,0,0,3,1,0,0,1,8,0,3,7,5,78,516,567,689,0,1,0,0,0,0
21000,101151450,0,0,0,0,0,0,0,0,0,0,0,0,4,1,0,0,1,8,0,3,7,5,78,521,575,693,0,1,0,0,0,0
21100,101804817,0,0,0,0,0,0,0,0,0,0,0,0,4,1,0,0,1,8,1,3,7,5,81,524,579,701,0,1,0,0,0,0
21200,102458943,0,0,0,0,0,0,0,0,0,0,0,0,4,1,0,0,1,8,1,3,7,5,82,530,585,712,0,1,0,0,0,0
21300,103114595,0,0,0,0,0,0,0,0,0,0,0,0,4,1,0,0,1,8,1,3,7,5,82,532,596,721,0,1,0,0,0,0
21400,103770720,0,0,0,0,0,0,0,0,0,0,0,0,4,1,0,0,1,8,1,3,7,5,83,538,608,728,0,1,0,0,0,0
21500,104425937,0,0,0,0,0,0,0,0,0,0,0,0,4,1,0,0,1,8,1,3,8,5,83,541,616,741,0,1,0,0,0,0
21600,105081302,0,0,0,0,0,0,0,0,0,0,0,0,4,1,0,0,1,8,1,3,9,5,85,548,619,747,0,1,0,0,0,0
21700,105736111,0,0,0,0,0,0,0,0,0,0,0,0,4,1,0,0,1,8,1,3,9,5,86,555,624,752,0,1,0,0,0,0
21800,106391809,0,0,0,0,0,0,0,0,0,0,0,0,4,1,0,0,1,8,1,3,9,5,87,560,628,763,0,1,0,0,0,0
21900,107048369,0,0,0,0,0,0,0,0,0,0,0,0,4,1,0,0,1,8,1,3,9,5,88,565,632,768,0,1,0,0,0,0
22000,107703240,0,0,0,0,0,0,0,0,0,0,0,0,4,1,0,0,1,8,1,3,9,5,91,570,639,777,0,1,0,0,0,0
22100,108359234,0,0,0,0,0,0,0,0,0,0,0,0,4,1,0,0,1,8,1,3,9,5,92,574,649,788,0,1,0,0,0,0
22200,109016747,0,0,0,0,0,0,0,0,0,0,0,0,4,1,0,0,1,8,1,3,9,5,93,579,654,795,0,1,0,0,0,0
22300,109673749,0,0,0,0,0,0,0,0,0,0,0,0,4,1,0,0,1,8,1,3,9,5,94,582,663,802,0,1,0,0,0,0
22400,110333390,0,0,0,0,0,0,0,0,0,0,0,0,4,1,0,0,1,8,1,3,9,5,95,585,671,809,0,1,0,0,0,0
22500,110992229,0,0,0,0,0,0,0,0,0,0,0,0,4,1,0,0,1,8,1,3,9,5,95,596,683,819,0,1,0,0,0,0
22600,111650750,0,0,0,0,0,0,0,0,0,0,0,0,4,1,0,0,1,8,1,3,9,5,96,604,689,829,0,1,0,0,0,0
22700,112310042,0,0,0,0,0,0,0,0,0,0,0,0,4,1,0,0,1,8,1,3,9,5,97,611,694,837,0,1,0,0,1,0
22800,112970512,0,0,0,0,0,0,0,0,0,0,0,0,4,1,0,0,1,8,1,3,9,5,97,622,701,850,0,1,0,0,1,0
22900,113630235,0,0,0,0,0,0,0,0,0,0,0,0,4,1,0,0,1,8,1,3,9,5,97,629,711,861,0,1,0,0,1,0
23000,114290252,0,0,0,0,0,0,0,0,0,0,0,0,5,1,0,0,1,8,1,4,9,5,99,634,715,865,0,1,0,0,1,0
23100,114950713,0,0,0,0,0,0,0,0,0,0,0,0,5,1,0,0,1,8,1,4,9,5,103,637,724,875,0,1,0,0,1,0
23200,115611133,0,0,0,0,0,0,0,0,0,0,0,0,5,1,0,0,1,8,1,4,9,5,104,643,731,887,0,1,0,0,1,0
23300,116271428,0,0,0,0,0,0,0,0,0,0,0,0,5,1,0,0,1,8,1,4,9,5,106,649,735,894,0,1,0,0,1,0
23400,116931053,0,0,0,0,0,0,0,0,0,0,0,0,5,1,0,0,1,8,1,4,9,5,109,654,741,905,0,1,0,0,1,0
23500,117591352,0,0,0,0,0,0,0,0,0,0,0,0,5,1,0,0,1,8,1,4,9,5,112,663,749,912,0,1,0,0,1,0
23600,118251095,0,0,0,0,0,0,0,0,0,0,0,0,5,1,0,0,1,8,1,5,9,5,113,673,756,925,0,1,0,0,1,0
23700,118910300,0,0,0,0,0,0,0,0,0,0,0,0,5,1,0,0,1,8,1,5,9,5,113,678,767,933,0,1,0,0,1,0
23800,119570435,0,0,0,0,0,0,0,0,0,0,0,0,5,1,0,0,1,8,1,6,9,5,113,681,773,940,0,1,0,0,1,0
23900,120232475,0,0,0,0,0,0,0,0,0,0,0,0,5,1,0,0,1,8,1,6,9,5,114,685,780,950,0,1,0,0,1,0
24000,120892674,0,0,0,0,0,0,0,0,0,0,0,0,5,1,0,0,1,8,1,6,9,5,116,693,786,965,0,1,0,0,1,0
24100,121553569,0,0,0,0,0,0,0,0,0,0,0,0,5,1,0,0,1,8,1,6,9,5,116,699,798,970,0,1,0,0,1,0
24200,122217009,0,0,0,0,0,0,0,0,0,0,0,0,5,1,0,0,1,9,1,6,10,5,117,703,800,978,0,1,0,0,1,0
24300,122881374,0,0,0,0,0,0,0,0,0,0,0,0,6,1,0,0,1,9,1,6,11,5,119,711,805,992,0,1,0,0,1,0
24400,123543768,0,0,0,0,0,0,0,0,0,0,0,0,6,1,0,0,1,9,1,6,11,5,121,717,810,1000,0,1,0,0,1,0
24500,124207455,0,0,0,0,0,0,0,0,0,0,0,0,6,1,0,0,1,11,1,6,11,5,122,722,817,1010,0,1,0,0,1,0
24600,124870782,0,0,0,0,0,0,0,0,0,0,0,0,6,1,0,0,1,11,1,6,12,5,123,730,822,1022,0,1,0,0,1,0
24700,125534193,0,0,0,0,0,0,0,0,0,0,0,0,6,1,0,0,1,11,1,6,12,5,123,736,827,1034,0,1,0,0,1,0
24800,126196885,0,0,0,0,0,0,0,0,0,0,0,0,6,1,0,0,1,11,1,6,12,5,123,741,839,1042,0,1,0,1,1,0
24900,126860349,0,0,0,0,0,0,0,0,0,0,0,0,6,1,0,0,1,12,1,6,12,5,123,749,847,1052,0,1,0,1,1,0
25000,127523725,0,0,0,0,0,0,0,0,0,0,0,0,6,1,0,0,1,13,1,6,13,5,124,756,857,1057,0,1,0,1,1,0
25100,128187845,0,0,0,0,0,0,0,1,0,0,0,0,6,1,0,0,1,13,1,6,13,5,126,765,863,1063,0,1,0,1,1,0
25200,128852168,0,0,0,0,0,0,0,1,0,0,0,0,6,1,0,0,1,13,1,6,13,5,127,771,867,1078,0,1,0,1,1,0
25300,129517104,0,0,0,0,0,0,0,1,0,0,0,0,6,1,0,0,1,13,1,6,13,5,127,780,874,1092,0,1,0,1,1,0
25400,130181362,0,0,0,0,0,0,0,1,0,0,0,0,6,2,0,0,1,13,1,6,13,5,129,784,877,1100,0,1,0,1,1,0
25500,130847192,0,0,0,0,0,0,0,1,0,0,0,0,6,2,0,0,1,13,1,6,13,6,129,790,883,1113,0,1,0,1,1,0
25600,131512869,0,0,0,0,0,0,0,1,0,0,0,0,6,2,0,0,1,13,1,6,15,6,131,801,893,1126,0,1,0,1,1,0
25700,132178549,0,0,0,0,0,0,0,1,0,0,0,0,6,2,0,0,1,13,1,6,15,6,131,806,897,1133,0,1,0,1,1,0
25800,132843664,0,0,0,0,0,0,0,1,0,0,0,0,6,2,0,0,1,13,1,6,15,6,132,811,905,1140,0,1,0,1,1,0
25900,133508979,0,0,0,0,0,0,0,1,0,0,0,0,6,2,0,0,1,13,1,6,15,6,132,815,911,1157,0,1,0,1,1,0
26000,134174207,0,0,0,0,0,0,0,1,0,0,0,0,6,2,0,0,1,13,1,6,15,6,132,820,920,1168,0,1,0,1,1,0
26100,134840290,0,0,0,0,0,0,0,1,0,0,0,0,6,2,0,0,1,13,1,6,16,6,133,825,924,1177,0,1,0,1,1,0
26200,135505812,0,0,0,0,0,0,0,1,0,0,0,0,6,2,0,0,1,13,1,7,16,6,136,830,927,1190,0,1,0,1,1,0
26300,136173152,0,0,0,0,0,0,0,1,0,0,0,0,7,2,0,0,1,13,1,7,16,6,138,837,935,1199,0,1,0,1,1,0
26400,136839457,0,0,0,0,0,0,0,1,0,0,0,0,7,2,0,0,1,13,1,7,16,6,138,849,942,1206,0,1,0,1,1,0
26500,137505145,0,0,0,0,0,0,0,1,0,0,0,0,7,2,0,0,1,14,1,7,16,6,139,861,951,1211,0,1,0,1,1,0
26600,138170217,0,0,0,0,0,0,0,1,0,0,0,0,7,2,0,0,1,15,1,7,17,6,141,870,961,1219,0,1,0,1,1,0
26700,138835953,0,0,0,0,0,0,0,1,0,0,1,0,7,2,0,0,1,15,1,7,17,6,145,881,973,1227,0,1,0,1,1,0
26800,139501686,0,0,0,0,0,0,0,1,0,0,1,0,7,2,0,0,1,15,1,7,17,7,145,888,977,1231,0,1,0,1,1,0
26900,140167767,0,0,0,0,0,0,0,1,0,0,1,0,7,2,0,0,1,15,1,7,17,7,147,894,984,1235,0,1,0,1,1,0
27000,140834469,0,0,0,0,0,0,0,1,0,0,1,0,8,2,0,0,1,15,1,7,17,7,148,905,990,1244,0,1,0,1,1,0
27100,141500399,0,0,0,0,0,0,0,1,0,0,1,0,8,2,0,0,1,15,1,7,17,7,150,910,996,1255,0,1,0,1,1,0
27200,142167368,0,0,0,0,0,0,0,1,0,0,1,0,8,2,0,0,1,15,1,7,17,7,150,914,1005,1266,0,1,0,1,1,0
27300,142834016,0,0,0,0,0,0,0,1,0,0,1,0,8,2,0,0,1,15,1,7,17,7,150,921,1010,1274,0,1,0,1,1,0
27400,143500882,0,0,0,0,0,0,0,1,0,0,1,0,8,2,0,0,1,15,1,7,18,7,153,932,1015,1288,0,1,0,1,1,0
27500,144167124,0,0,0,0,0,0,0,1,0,0,1,0,8,2,0,0,1,15,1,7,18,7,155,943,1023,1298,0,1,0,1,1,0
27600,144834915,0,0,0,0,0,0,0,1,0,0,1,0,8,2,0,0,1,15,1,7,18,8,156,951,1031,1307,0,1,0,1,1,0
27700,145502996,0,0,0,0,0,0,0,1,0,0,1,0,8,2,0,0,1,15,1,7,18,8,157,956,1038,1316,0,1,0,1,1,0
27800,146171804,0,0,0,0,0,0,0,1,0,0,1,0,8,2,0,0,1,15,1,7,18,8,158,968,1044,1328,0,1,0,1,1,0
27900,146841464,0,0,0,0,0,0,0,1,0,0,1,0,8,2,0,0,1,15,1,7,18,8,159,970,1048,1333,0,1,0,1,1,0
28000,147511043,0,0,0,0,0,0,0,1,0,0,1,0,8,2,0,0,1,15,1,7,18,8,159,979,1055,1341,0,1,0,1,1,0
28100,148180398,0,0,0,0,0,0,0,1,0,0,1,0,8,2,0,0,1,15,1,7,18,8,159,986,1068,1346,0,1,0,1,1,0
28200,148850790,0,0,0,0,0,0,0,1,0,0,1,0,8,2,0,0,1,15,1,7,18,8,159,991,1074,1353,0,1,0,1,1,0
28300,149521046,0,0,0,0,0,0,0,1,0,0,1,0,8,2,0,0,1,15,1,7,18,8,160,995,1081,1359,0,1,0,1,1,0
28400,150191058,0,0,0,0,0,0,0,1,0,0,1,0,8,2,0,0,1,15,1,7,18,8,162,998,1091,1364,0,1,0,1,1,0
28500,150861007,0,0,0,0,0,0,0,1,0,0,1,0,8,2,0,0,1,15,1,7,18,8,162,1008,1094,1374,0,1,0,1,1,0
28600,151532367,0,0,0,0,0,0,0,1,0,0,1,0,8,2,0,0,1,15,1,7,18,8,164,1013,1101,1378,0,1,0,1,1,0
28700,152204189,0,0,0,0,0,0,0,1,0,0,1,0,8,2,0,0,1,15,1,7,18,8,167,1024,1108,1389,0,1,0,1,1,0
28800,152877716,0,0,0,0,0,0,0,1,0,0,1,0,8,2,0,0,1,15,1,7,18,8,168,1032,1111,1396,0,1,0,1,1,0
28900,153550348,0,0,0,0,0,0,0,1,0,0,1,0,8,2,0,0,1,15,1,7,20,8,168,1042,1123,1407,0,1,0,1,1,0
29000,154221750,0,0,0,0,0,0,0,1,0,0,1,0,8,2,0,0,1,15,1,7,20,8,171,1052,1130,1414,0,1,0,1,1,0
29100,154892128,0,0,0,0,0,0,0,1,0,0,1,0,8,2,0,0,1,15,1,7,21,9,171,1062,1136,1418,0,1,0,1,1,0
29200,155564573,0,0,0,0,0,0,0,1,0,0,1,0,8,2,0,0,1,15,1,7,21,9,174,1069,1145,1427,0,1,0,1,1,0
29300,156238326,0,0,0,0,0,0,0,1,0,0,1,0,8,2,0,0,1,15,1,7,22,9,175,1078,1149,1436,0,1,0,1,1,0
29400,156911854,0,0,0,0,0,0,0,1,0,0,1,0,8,2,0,0,1,15,1,7,22,9,176,1084,1158,1449,0,1,0,1,1,0
29500,157583636,0,0,0,0,0,0,0,1,0,0,1,0,8,2,0,0,1,15,1,7,22,9,177,1088,1167,1462,0,1,0,1,1,0
29600,158254585,0,0,0,0,0,0,0,1,0,0,1,0,8,3,0,0,1,15,1,7,22,9,181,1096,1175,1472,0,1,0,1,1,0
29700,158924395,0,0,0,0,0,0,0,1,0,0,1,0,8,3,0,0,1,15,1,7,23,9,183,1099,1186,1485,0,1,0,1,1,0
29800,159594463,0,0,0,0,0,0,0,1,0,0,1,0,8,3,0,0,1,15,1,7,23,9,186,1106,1197,1501,0,1,0,1,1,0
29900,160265826,0,0,0,0,0,0,0,1,0,0,1,0,9,3,0,0,1,15,1,7,23,9,187,1112,1204,1509,0,1,0,1,1,0
30000,160937003,0,0,0,0,0,0,0,1,0,0,1,0,9,3,0,0,1,15,1,7,23,9,190,1118,1213,1519,0,1,0,1,1,0
30100,161607534,0,0,0,0,0,0,0,1,0,0,1,0,9,3,0,0,1,16,1,7,23,9,191,1123,1223,1531,0,1,0,1,1,0
30200,162278553,0,0,0,0,0,0,0,1,0,0,1,0,9,3,0,0,1,16,1,7,23,10,191,1127,1230,1543,0,1,0,1,1,0
30300,162949122,0,0,0,0,0,0,0,1,0,0,1,0,9,3,0,0,1,16,1,7,23,10,191,1133,1241,1554,0,1,0,1,1,0
30400,163619775,0,0,0,0,0,0,0,1,0,0,1,0,9,3,0,0,1,16,1,7,23,10,192,1137,1244,1565,0,1,0,1,1,0
30500,164289726,0,0,0,0,0,0,0,1,0,0,1,0,9,3,0,0,1,16,1,7,23,10,192,1143,1247,1576,0,1,0,1,1,0
30600,164960051,0,0,0,0,0,0,0,1,0,0,1,0,9,3,0,0,1,16,1,8,23,10,194,1147,1253,1582,0,1,0,1,1,0
30700,165632213,0,0,0,0,0,0,0,1,0,0,1,0,9,3,0,0,1,16,1,8,23,10,195,1155,1260,1591,0,1,0,1,1,0
30800,166302281,0,0,0,0,0,0,0,1,0,0,1,0,9,3,0,0,1,16,1,8,23,10,196,1159,1269,1602,0,1,0,1,1,0
30900,166972341,0,0,0,0,0,0,0,1,0,0,1,0,9,3,0,0,1,16,1,8,23,10,197,1168,1279,1619,0,1,0,1,1,0
31000,167642495,0,0,0,0,0,0,0,1,0,0,1,0,9,3,0,0,1,16,1,8,23,10,197,1174,1287,1629,0,1,0,1,1,0
31100,168311337,0,0,0,0,0,0,0,1,0,0,1,0,9,3,0,0,1,17,1,8,23,10,197,1186,1293,1642,0,1,0,1,1,0
31200,168980291,0,0,0,0,0,0,0,1,0,0,1,0,9,4,0,0,1,17,1,8,24,10,199,1195,1303,1655,0,1,0,1,1,0
31300,169648260,0,0,0,0,0,0,0,1,0,0,1,0,9,4,0,0,1,17,1,8,24,10,199,1202,1313,1666,0,1,0,1,1,0
31400,170316119,0,0,0,0,0,0,0,1,0,0,1,0,9,5,0,0,1,17,1,8,24,10,201,1212,1324,1680,0,1,0,1,1,0
31500,170984663,0,0,0,0,0,0,0,1,0,0,1,0,9,5,0,0,1,18,1,8,24,10,205,1217,1329,1687,0,1,0,1,1,0
31600,171652424,0,0,0,0,0,0,0,1,0,0,1,0,9,5,0,0,1,18,1,8,24,10,207,1223,1336,1701,0,1,0,1,1,0
31700,172320762,0,0,0,0,0,0,0,1,0,0,1,0,9,5,0,0,1,18,1,8,24,10,208,1229,1340,1709,0,1,0,1,1,0
31800,172988634,0,0,0,0,0,0,0,1,0,0,1,0,9,5,0,0,1,18,1,8,25,10,208,1235,1343,1714,0,1,0,1,1,0
31900,173658182,0,0,0,0,0,0,0,1,0,0,1,0,9,5,0,0,1,18,1,8,25,10,208,1247,1349,1721,0,1,0,1,1,0
32000,174328450,0,0,0,0,0,0,0,1,0,0,1,0,9,5,0,0,1,18,1,8,25,10,209,1250,1357,1731,0,1,0,1,1,0
32100,174999275,0,0,0,0,0,0,0,1,0,0,1,0,9,5,0,0,1,18,1,8,25,10,211,1256,1365,1738,0,1,0,1,1,0
32200,175668327,0,0,0,0,0,0,0,1,0,0,1,0,9,5,0,0,1,18,1,8,25,10,213,1267,1377,1742,0,1,0,1,1,0
32300,176337683,0,0,0,0,0,0,0,1,0,0,1,0,9,5,0,0,1,18,1,8,25,10,214,1273,1384,1749,0,1,0,1,1,0
32400,177008308,0,0,0,0,0,0,0,1,0,0,1,0,9,5,0,0,1,18,1,8,25,10,214,1283,1390,1759,0,1,0,1,1,0
32500,177678697,0,0,0,0,0,0,0,1,0,0,1,0,9,5,0,0,1,18,1,8,25,10,217,1288,1396,1766,0,1,0,1,1,0
32600,178348894,0,0,0,0,0,0,0,1,0,0,1,0,9,5,0,0,1,19,1,8,26,10,218,1297,1407,1773,0,1,0,1,1,0
32700,179019422,0,0,0,0,0,0,0,1,0,0,1,0,9,5,0,0,1,19,1,8,27,10,218,1302,1417,1781,0,1,0,1,1,0
32800,179687962,0,0,0,0,0,0,0,1,0,0,1,0,9,5,0,0,1,19,1,8,27,10,219,1311,1423,1790,0,1,0,1,1,0
32900,180356330,0,0,0,0,0,0,0,1,0,0,1,0,10,5,0,0,1,19,1,8,27,10,219,1325,1428,1800,0,1,0,1,1,0
33000,181025365,0,0,0,0,0,0,0,1,0,0,1,0,10,5,0,0,1,19,1,8,27,12,221,1333,1436,1817,0,1,0,1,1,0
33100,181694700,0,0,0,0,0,0,0,1,0,0,1,0,10,5,0,0,1,19,1,8,27,12,222,1339,1442,1827,0,1,0,1,1,0
33200,182363235,0,0,0,0,0,0,0,1,0,0,1,0,10,5,0,0,1,19,1,8,27,12,224,1345,1444,1836,0,1,0,1,1,0
33300,183033251,0,0,0,0,0,0,0,1,0,0,1,0,10,5,0,0,1,19,1,8,28,12,227,1355,1453,1840,0,1,0,1,1,0
33400,183703077,0,0,0,0,0,0,0,1,0,0,1,0,10,5,0,0,1,19,1,8,29,14,229,1362,1462,1857,0,1,0,1,1,0
33500,184372212,0,0,0,0,0,0,0,1,0,0,1,0,10,5,0,0,1,19,1,8,29,14,233,1365,1468,1868,0,1,0,1,1,0
33600,185042827,0,0,0,0,0,0,0,1,0,0,1,0,10,5,0,0,1,19,1,8,29,14,235,1371,1475,1874,0,1,0,1,1,0
33700,185713107,0,0,0,0,0,0,0,1,0,0,1,0,11,5,0,0,1,19,1,8,29,14,238,1375,1487,1886,0,1,0,1,1,0
33800,186383180,0,0,0,0,0,0,0,1,0,0,1,0,11,5,0,0,1,19,1,8,30,14,238,1386,1494,1892,0,1,0,1,1,0
33900,187053452,0,0,0,0,0,0,1,1,0,0,1,0,11,5,0,0,1,19,1,8,30,14,241,1392,1505,1902,0,1,0,1,1,0
34000,187722495,0,0,0,0,0,0,1,1,0,0,1,0,11,5,0,0,1,19,1,8,30,14,242,1396,1512,1913,0,1,0,1,1,0
34100,188392120,0,0,0,0,0,0,1,1,0,0,1,0,11,5,0,0,1,19,1,8,30,14,243,1402,1516,1929,0,1,0,1,1,0
34200,189062194,0,0,0,0,0,0,1,1,0,0,1,0,11,5,0,0,1,19,1,8,30,14,246,1408,1519,1936,0,1,0,1,1,0
34300,189731896,0,0,0,0,0,0,1,1,0,0,1,0,11,5,0,0,1,19,1,8,30,14,248,1415,1527,1946,0,1,0,1,1,0
34400,190400992,0,0,0,0,0,0,1,1,0,0,1,0,11,5,0,0,1,19,1,8,30,14,249,1426,1538,1961,0,1,0,1,1,0
34500,191071937,0,0,0,0,0,0,1,1,0,0,1,0,11,5,0,0,1,19,1,8,30,14,250,1430,1547,1968,0,1,0,1,1,0
34600,191741650,0,0,0,0,0,0,1,1,0,0,1,0,11,5,0,0,1,19,1,8,30,14,252,1436,1554,1972,0,1,0,1,1,0
34700,192409403,0,0,0,0,0,0,1,1,0,0,1,0,11,5,0,0,1,20,1,9,30,14,253,1444,1564,1988,0,1,0,1,1,0
34800,193078676,0,0,0,0,0,0,1,1,0,0,1,0,11,5,0,0,1,20,1,9,30,14,254,1450,1569,2002,0,1,0,1,1,0
34900,193747718,0,0,0,0,0,0,1,1,0,0,1,0,11,5,0,0,1,21,1,9,30,14,255,1461,1575,2016,0,1,0,1,1,0
35000,194416568,0,0,0,0,0,0,1,1,0,0,1,0,11,5,0,0,1,21,1,9,30,14,256,1473,1584,2030,0,1,0,1,1,0
35100,195086960,0,0,0,0,0,0,1,1,0,0,1,0,11,5,0,0,1,21,1,9,30,14,259,1483,1587,2038,0,1,0,1,1,0
35200,195755933,0,0,0,0,0,0,1,1,0,0,1,0,12,5,0,0,1,23,1,9,30,15,259,1495,1594,2044,0,1,0,1,1,0
35300,196424668,0,0,0,0,0,0,1,1,0,0,1,0,12,5,0,0,1,23,1,9,30,15,259,1503,1600,2057,0,1,0,1,1,0
35400,197093340,0,0,0,0,0,0,1,1,0,0,1,0,12,5,0,0,1,23,1,9,30,15,259,1508,1602,2067,0,1,0,1,1,0
35500,197762346,0,0,0,0,0,0,1,1,0,0,1,0,12,5,0,0,1,23,1,9,30,15,259,1513,1609,2074,0,1,0,1,1,0
35600,198431452,0,0,0,0,0,0,1,1,0,0,1,0,12,5,0,0,1,23,1,9,30,15,263,1521,1617,2082,0,1,0,1,1,0
35700,199100728,0,0,0,0,0,0,1,1,0,0,1,0,12,5,0,0,1,23,1,9,30,15,263,1531,1630,2089,0,1,0,1,1,0
35800,199770713,0,0,0,0,0,0,1,1,0,0,1,0,12,5,0,0,1,23,1,9,30,15,266,1538,1632,2097,0,1,0,1,1,0
35900,200440766,0,0,0,0,0,0,1,1,0,0,1,0,12,5,0,0,1,23,1,9,30,15,267,1545,1643,2107,0,1,0,1,1,0
36000,201110564,0,0,0,0,0,0,1,1,0,0,1,0,12,5,0,0,1,24,1,9,30,15,269,1556,1653,2116,0,1,0,1,1,0
36100,201779097,0,0,0,0,0,0,1,1,0,0,1,0,12,6,0,0,1,24,1,9,30,15,270,1562,1657,2126,0,1,0,1,1,0
36200,202449281,0,0,0,0,0,0,1,1,0,0,1,0,12,6,0,0,1,24,1,9,31,15,273,1570,1664,2137,0,1,0,1,1,0
36300,203117519,0,0,0,0,0,0,1,1,0,0,1,0,12,6,0,0,1,24,1,9,32,15,277,1574,1672,2142,0,1,0,1,1,0
36400,203787133,0,0,0,0,0,0,1,1,0,0,1,0,12,6,0,0,1,24,1,9,32,15,277,1584,1676,2146,0,1,0,1,1,0
36500,204457670,0,0,0,0,0,0,1,1,0,0,1,0,12,6,0,0,1,24,1,9,32,15,281,1590,1678,2151,0,1,0,1,1,0
36600,205127936,0,0,0,0,0,0,1,1,0,0,1,0,12,6,0,0,1,24,1,9,32,15,282,1596,1690,2162,0,1,0,1,1,0
36700,205797891,0,0,0,0,0,0,1,1,0,0,1,0,12,6,0,0,1,24,1,9,32,15,284,1607,1696,2174,0,1,0,1,1,0
36800,206467005,0,0,0,0,0,0,1,1,0,0,1,0,12,6,0,0,1,24,1,9,32,15,285,1612,1703,2183,0,1,0,1,1,0
36900,207138512,0,0,0,0,0,0,1,1,0,0,1,0,12,6,0,0,1,24,1,9,32,15,286,1622,1708,2192,0,1,0,1,1,0
37000,207810431,0,0,0,0,0,0,1,1,0,0,1,0,12,6,0,0,1,24,1,9,32,16,287,1631,1714,2201,0,1,0,1,1,0
37100,208480108,0,0,0,0,0,0,1,1,0,0,1,0,13,6,0,0,1,24,1,9,32,16,290,1639,1718,2213,0,1,0,1,1,0
37200,209150744,0,0,0,0,0,0,1,1,0,0,1,0,13,6,0,0,1,24,1,9,32,16,291,1645,1726,2229,0,1,0,1,1,0
37300,209822039,0,0,0,0,0,0,1,1,0,0,1,0,13,6,0,0,1,24,1,9,32,16,291,1652,1732,2233,0,1,0,1,2,0
37400,210493701,0,0,0,0,0,0,1,1,0,1,1,0,14,6,0,0,1,24,1,9,32,16,294,1657,1742,2242,0,1,0,1,2,0
37500,211165647,0,0,0,0,0,0,1,1,0,1,1,0,14,6,0,0,1,24,1,9,32,17,297,1665,1753,2254,0,1,0,1,2,0
37600,211835832,0,0,0,0,0,0,1,1,0,1,1,0,14,6,0,0,1,25,1,9,32,17,297,1670,1759,2263,0,1,0,1,2,0
37700,212506746,0,0,0,0,0,0,1,1,0,1,1,0,14,6,0,0,1,25,1,9,32,17,297,1674,1769,2271,0,1,0,1,2,0
37800,213176411,0,0,0,0,0,0,1,1,0,1,1,0,15,6,0,0,1,25,1,9,32,18,301,1686,1778,2281,0,1,0,1,2,0
37900,213844688,0,0,0,0,0,0,1,1,0,1,1,0,15,6,0,0,1,25,1,9,32,18,301,1693,1793,2289,0,1,0,1,2,0
38000,214515128,0,0,0,0,0,0,1,1,0,1,1,0,15,6,0,0,1,26,1,9,32,18,301,1706,1798,2297,0,1,0,1,2,0
38100,215184909,0,0,0,0,0,0,1,1,0,1,1,0,15,6,0,0,1,26,1,9,32,18,303,1712,1811,2311,0,1,0,1,2,0
38200,215854021,0,0,0,0,0,0,1,1,0,1,1,0,15,6,0,0,1,26,1,9,32,18,303,1719,1817,2322,0,1,0,1,2,0
38300,216524209,0,0,0,0,0,0,1,1,0,1,1,0,15,6,0,0,1,26,1,11,32,18,304,1726,1822,2331,0,1,0,1,2,0
38400,217193470,0,0,0,0,0,0,1,1,0,1,1,0,15,6,1,0,1,26,1,11,32,18,304,1731,1828,2340,0,1,0,1,2,0
38500,217861715,0,0,0,0,0,0,1,1,0,1,1,0,15,6,1,0,1,26,1,11,32,18,306,1732,1835,2349,0,1,0,1,2,0
38600,218531892,0,0,0,0,0,0,1,1,0,1,1,0,15,6,1,0,1,26,1,11,32,18,307,1737,1846,2360,0,1,0,1,2,0
38700,219200705,0,0,0,0,0,0,1,1,0,1,1,0,15,6,1,0,1,27,1,11,32,18,309,1743,1858,2370,0,1,0,1,2,0
38800,219869309,0,0,0,0,0,0,1,1,0,1,1,0,16,6,1,0,1,27,1,11,32,18,309,1753,1866,2378,0,1,0,1,2,0
38900,220539096,0,0,0,0,0,0,1,1,0,1,1,0,16,6,1,0,1,28,1,11,32,18,311,1758,1871,2386,0,1,0,1,2,0
39000,221209789,0,0,0,0,0,0,1,1,0,1,1,0,16,6,1,0,1,28,1,11,32,18,313,1763,1879,2395,0,1,0,1,2,0
39100,221879104,0,0,0,0,0,0,1,1,0,1,1,0,16,6,1,0,1,28,1,11,32,18,315,1768,1887,2404,0,1,0,1,2,0
39200,222549549,0,0,0,0,0,0,1,1,0,1,1,0,16,6,1,0,1,28,1,12,33,18,315,1774,1898,2415,0,1,0,1,2,0
39300,223220346,0,0,0,0,0,0,1,1,0,1,1,0,16,6,1,0,1,28,1,12,33,18,315,1781,1906,2422,0,1,0,1,2,0
39400,223891419,0,0,0,0,0,0,1,1,0,1,1,0,16,6,1,0,1,28,2,12,33,18,315,1786,1921,2428,0,1,0,1,2,0
39500,224563194,0,0,0,0,0,0,1,1,0,1,1,0,16,6,1,0,1,28,2,12,33,18,316,1793,1926,2434,0,1,0,1,2,0
39600,225236570,0,0,0,0,0,0,1,1,0,1,1,0,16,6,1,0,1,28,2,12,34,18,316,1801,1933,2438,0,1,0,1,2,0
39700,225910710,0,0,0,0,0,0,1,1,0,1,1,0,16,6,1,0,1,28,2,12,34,19,317,1806,1941,2454,0,1,0,1,2,0
39800,226585173,0,0,0,0,0,0,1,1,0,1,1,0,16,6,1,0,1,28,2,12,34,19,317,1811,1948,2464,0,1,0,1,2,0
39900,227259514,0,0,0,0,0,0,1,1,0,1,1,0,16,6,1,0,1,28,2,12,34,19,318,1821,1956,2477,0,1,0,1,2,0
40000,227933695,0,0,0,0,0,0,1,1,0,1,1,0,16,6,1,0,1,28,2,12,34,19,318,1830,1967,2490,0,1,0,1,2,0
40100,228608278,0,0,0,0,0,0,1,1,0,1,1,0,16,6,1,0,1,28,2,12,34,19,319,1839,1976,2504,0,1,0,1,2,0
40200,229281974,0,0,0,0,0,0,1,1,0,1,1,0,16,6,1,0,1,28,2,12,34,19,321,1847,1985,2510,0,1,0,1,2,0
40300,229955433,0,0,0,0,0,0,1,1,0,1,1,0,16,6,1,0,1,28,2,12,34,19,321,1854,1998,2527,0,1,0,1,2,0
40400,230628806,0,0,0,0,0,0,1,1,0,1,1,0,16,6,1,0,1,28,2,12,34,19,323,1859,2007,2536,0,1,0,1,2,0
40500,231302566,0,0,0,0,0,0,1,1,0,1,1,0,16,6,1,0,1,28,2,12,34,19,325,1866,2019,2546,0,1,0,1,2,0
40600,231976538,0,0,0,0,0,0,1,1,0,1,1,0,16,6,1,0,1,28,2,13,34,19,327,1869,2022,2556,0,1,0,1,2,0
40700,232650518,0,0,0,0,0,0,1,1,0,1,1,0,16,6,1,0,1,28,2,13,34,19,329,1875,2030,2561,0,1,0,1,2,0
40800,233323527,0,0,0,0,0,0,1,1,0,1,1,0,16,6,1,0,1,28,2,14,34,19,330,1879,2041,2573,0,1,0,1,2,0
40900,233999992,0,0,0,0,0,0,1,1,0,1,1,0,16,6,1,0,1,28,2,14,35,19,331,1882,2050,2580,0,1,0,1,2,0
41000,234675248,0,0,0,0,0,1,1,1,0,1,1,0,16,6,1,0,1,28,2,14,35,19,333,1892,2058,2586,0,1,0,1,2,0
41100,235349198,0,0,0,0,0,1,1,1,0,1,1,0,17,6,1,0,1,29,2,14,35,19,336,1899,2066,2594,0,1,0,1,2,0
41200,236022149,0,0,0,0,0,1,1,1,0,1,1,0,17,6,2,0,1,29,2,14,37,19,337,1901,2074,2604,0,1,0,1,2,0
41300,236695797,0,0,0,0,0,1,1,1,0,1,1,0,17,6,2,0,1,29,2,15,37,20,338,1905,2082,2616,0,1,0,1,2,0
41400,237370573,0,0,0,0,0,1,1,1,0,1,1,0,17,6,2,0,1,29,2,15,37,20,338,1909,2087,2627,0,1,0,1,2,0
41500,238044376,0,0,0,0,0,1,1,1,0,1,1,0,17,6,2,0,1,29,2,15,37,20,338,1917,2096,2641,0,1,0,1,2,0
41600,238718607,0,0,0,0,0,1,1,1,0,1,1,0,17,7,2,0,1,29,2,15,37,20,338,1924,2105,2651,0,1,0,1,2,0
41700,239393038,0,0,0,0,0,1,1,1,0,1,1,0,17,7,2,0,1,29,2,15,37,20,338,1931,2115,2659,0,1,0,1,2,0
41800,240067615,0,0,0,0,0,1,1,1,0,1,1,0,19,7,2,0,1,30,2,15,37,20,339,1937,2120,2666,0,1,0,1,2,0
41900,240741206,0,0,0,0,0,1,1,1,0,1,1,0,19,7,2,0,1,30,2,15,37,20,339,1944,2131,2677,0,1,0,1,2,0
42000,241413981,0,0,0,0,0,1,1,1,0,1,1,0,19,7,2,0,1,31,2,15,37,20,340,1948,2145,2684,0,1,0,1,2,0
42100,242088133,0,0,0,0,0,1,1,1,0,1,1,0,19,7,2,0,1,31,2,15,38,20,342,1958,2154,2691,0,1,0,1,2,0
42200,242762267,0,0,0,0,0,1,1,1,0,1,1,0,19,7,2,0,1,31,2,15,38,20,343,1966,2165,2698,0,1,0,1,2,0
42300,243436514,0,0,0,0,0,1,1,1,0,1,1,0,19,7,2,0,1,31,2,15,39,20,345,1974,2170,2702,0,1,0,1,2,0
42400,244111864,0,0,0,0,0,1,1,1,0,1,1,0,19,7,2,0,1,31,2,15,39,20,347,1980,2176,2713,0,1,0,1,2,0
42500,244786692,0,0,0,0,0,1,1,1,0,1,1,0,19,7,2,0,1,31,2,15,39,20,348,1990,2185,2719,0,1,0,1,2,0
42600,245461678,0,0,0,0,0,1,1,1,0,1,1,0,19,7,2,0,1,31,2,15,39,20,350,1996,2192,2724,0,1,0,1,2,0
42700,246137414,0,0,0,0,0,1,1,1,0,1,1,0,19,7,2,0,1,31,2,15,39,20,351,2009,2197,2735,0,1,0,1,2,0
42800,246812401,0,0,0,0,0,1,1,1,0,1,1,0,19,7,2,0,1,31,2,15,40,20,352,2017,2206,2744,0,1,0,1,2,0
42900,247487955,0,0,0,0,0,1,1,1,0,1,1,0,19,7,2,0,1,31,2,15,40,20,352,2024,2213,2754,0,1,0,1,2,0
43000,248163151,0,0,0,0,0,1,1,1,0,1,1,0,19,7,2,0,1,31,2,16,40,20,352,2037,2222,2762,0,1,0,1,2,0
43100,248838545,0,0,0,0,0,1,1,1,0,1,1,0,19,7,2,0,1,31,2,16,41,20,353,2046,2232,2773,0,1,0,1,2,0
43200,249512858,0,0,0,0,0,1,1,1,0,1,1,0,19,7,2,0,1,31,2,16,41,21,353,2052,2241,2780,0,1,0,1,2,0
43300,250188880,0,0,0,0,0,1,1,1,0,1,1,0,19,8,2,0,1,31,2,16,41,21,353,2056,2246,2786,0,1,0,1,2,0
43400,250865002,0,0,0,0,0,1,1,1,0,1,1,0,19,8,2,0,1,31,2,16,41,21,354,2061,2251,2801,0,1,0,1,2,0
43500,251541168,0,0,0,0,0,1,1,1,0,1,1,0,19,8,2,0,1,31,2,17,41,22,354,2065,2259,2808,0,1,0,1,2,0
43600,252217148,0,0,0,0,0,1,1,1,0,1,1,0,19,8,2,0,1,31,2,17,41,22,356,2072,2269,2822,0,1,0,1,2,0
43700,252892080,0,0,0,0,0,1,1,1,0,1,1,0,19,8,2,0,1,31,2,17,41,22,357,2081,2276,2833,0,1,0,1,2,0
43800,253566553,0,0,0,0,0,1,1,1,0,1,1,0,19,8,2,0,1,31,2,17,41,22,357,2085,2283,2841,0,1,0,1,2,0
43900,254242816,0,0,0,0,0,1,1,1,0,1,1,0,20,8,2,0,1,31,2,17,41,22,359,2089,2295,2853,0,1,0,1,2,0
44000,254918395,0,0,0,0,0,1,1,1,0,1,1,0,20,8,2,0,1,32,2,17,42,22,360,2104,2301,2862,0,1,0,1,2,0
44100,255595904,0,0,0,0,0,1,1,1,0,1,1,0,20,8,2,0,1,32,2,17,43,22,360,2109,2309,2875,0,1,0,1,2,0
44200,256273014,0,0,0,0,0,1,1,1,0,1,1,0,20,8,2,0,1,32,2,17,43,22,362,2118,2313,2883,0,1,0,1,2,0
44300,256949719,0,0,0,0,0,1,1,1,0,1,1,0,20,9,2,0,1,32,2,17,43,22,364,2129,2319,2895,0,1,0,1,2,0
44400,257625901,0,0,0,0,0,1,1,1,0,1,1,0,20,9,2,0,1,32,2,17,43,22,365,2142,2330,2912,0,1,0,1,2,0
44500,258302208,0,0,0,0,0,1,1,1,0,1,1,0,20,9,2,0,2,32,2,17,43,22,366,2150,2345,2922,0,1,0,1,2,0
44600,258976642,0,0,0,0,0,1,1,1,0,1,1,0,20,9,2,0,2,33,2,17,43,22,368,2159,2352,2929,0,1,0,1,2,0
44700,259650116,0,0,0,0,0,1,1,1,0,1,1,0,20,9,2,0,2,34,2,17,43,22,369,2167,2356,2938,0,1,0,1,2,0
44800,260323559,0,0,0,0,0,1,1,1,0,1,1,0,20,9,2,0,2,34,2,17,43,22,370,2174,2368,2946,0,1,0,1,2,0
44900,260996639,0,0,0,0,0,1,1,1,0,1,1,0,20,9,2,0,2,34,2,17,43,22,373,2181,2379,2955,0,1,0,1,2,0
45000,261671631,0,0,0,0,0,1,1,1,0,1,1,0,20,9,2,0,2,34,2,18,43,23,373,2191,2385,2963,0,1,0,1,2,0
45100,262345674,0,0,0,0,0,1,1,1,0,1,1,0,20,9,2,0,2,34,2,18,43,24,375,2199,2392,2975,0,1,0,1,2,0
45200,263017771,0,0,0,0,0,1,1,1,0,1,1,0,20,9,2,0,2,34,2,18,43,24,377,2205,2399,2986,0,1,0,1,2,0
45300,263691794,0,0,0,0,0,1,1,1,0,1,1,0,20,9,2,0,2,34,2,18,43,25,381,2212,2407,2993,0,1,0,1,2,0
45400,264366450,0,0,0,0,0,1,1,1,0,1,1,0,20,10,2,0,2,34,2,18,43,25,382,2216,2416,3008,0,1,0,1,2,0
45500,265041592,0,0,0,0,0,1,1,1,0,1,1,0,21,10,2,0,2,34,2,18,44,25,383,2220,2422,3022,0,1,0,1,2,0
45600,265715813,0,0,0,0,0,1,1,1,0,1,1,0,21,10,2,0,2,34,2,18,44,25,385,2225,2431,3037,0,1,0,1,2,0
45700,266389333,0,0,0,0,0,1,1,1,0,1,1,0,21,10,2,0,2,34,2,19,44,25,386,2230,2437,3041,0,1,0,1,2,0
45800,267064731,0,0,0,0,0,1,1,1,0,1,1,0,21,10,2,0,2,34,2,19,44,25,387,2235,2445,3051,0,1,0,1,2,0
45900,267739032,0,0,0,0,0,1,1,1,0,1,1,0,21,10,2,0,3,34,2,19,44,25,388,2240,2449,3064,0,1,0,1,2,0
46000,268413588,0,0,0,0,0,1,1,1,0,1,1,0,21,10,2,0,3,34,2,19,45,25,390,2254,2452,3074,0,1,0,1,2,0
46100,269086704,0,0,0,0,0,1,1,1,0,1,1,0,22,10,2,0,3,34,2,19,46,25,391,2261,2458,3085,0,1,0,1,2,0
46200,269758865,0,0,0,0,0,1,1,1,0,1,1,0,22,11,2,0,3,34,2,19,46,25,395,2270,2469,3094,0,1,0,1,2,0
46300,270431021,0,0,0,0,0,1,1,1,0,1,1,0,22,11,2,0,3,34,2,19,46,25,398,2279,2474,3106,0,1,0,1,2,0
46400,271102528,0,0,0,0,0,1,1,1,0,1,1,0,23,11,2,0,4,34,2,19,46,25,398,2286,2480,3118,0,1,0,1,2,0
46500,271773906,0,0,0,0,0,1,1,1,0,1,1,0,23,11,2,0,4,34,2,19,46,26,399,2298,2485,3125,0,1,0,1,2,0
46600,272446272,0,0,0,0,0,1,1,1,0,1,1,0,23,11,2,0,4,34,2,19,46,26,401,2306,2491,3130,0,1,0,1,2,0
46700,273117684,0,0,0,0,0,1,1,1,0,1,1,0,23,11,2,0,4,34,2,19,46,26,402,2314,2507,3135,0,1,0,1,2,0
46800,273788083,0,0,0,0,0,1,1,1,0,1,1,0,23,11,2,0,5,34,2,20,46,26,405,2322,2515,3145,0,1,0,1,2,0
46900,274459426,0,0,0,0,0,1,1,1,0,1,1,0,23,11,2,0,5,34,2,20,46,26,410,2328,2524,3150,0,1,0,1,2,0
47000,275131178,0,0,0,0,0,1,1,1,0,1,1,0,23,11,2,0,5,34,2,20,46,27,411,2332,2533,3160,0,1,0,1,2,0
47100,275803410,0,0,0,0,0,1,1,1,0,1,1,0,23,11,2,0,5,34,2,20,46,27,414,2339,2537,3175,0,1,0,1,2,0
47200,276473757,0,0,0,0,0,1,1,1,0,1,1,0,23,11,2,0,5,34,2,20,47,27,416,2347,2545,3186,0,1,0,1,2,0
47300,277146272,0,0,0,0,0,1,1,1,0,1,1,0,23,11,2,0,5,34,2,20,48,27,418,2355,2556,3196,0,1,0,1,2,0
47400,277818077,0,0,0,0,0,1,1,1,0,1,1,0,23,11,2,0,5,35,3,20,48,27,420,2357,2563,3207,0,1,0,1,2,0
47500,278487999,0,0,0,0,0,1,1,1,0,1,1,0,23,11,2,0,5,35,3,20,48,27,424,2362,2572,3215,0,1,0,1,2,0
47600,279157545,0,0,0,0,0,1,1,1,0,1,1,0,23,11,2,0,5,35,3,20,48,27,427,2371,2580,3226,0,1,0,1,2,0
47700,279826236,0,0,0,0,0,1,1,1,0,1,1,0,23,11,2,0,5,35,3,20,48,27,432,2381,2584,3239,0,1,1,1,2,0
47800,280494811,0,0,0,0,0,1,1,1,0,1,1,0,23,11,2,0,5,35,3,20,48,28,434,2387,2589,3250,0,1,1,1,2,0
47900,281165688,0,0,0,0,0,1,1,1,0,1,1,0,23,11,2,0,5,35,3,20,48,28,435,2396,2595,3258,0,1,1,1,2,0
48000,281835163,0,0,0,0,0,1,1,2,0,1,1,0,23,11,2,0,5,36,3,20,48,28,435,2405,2602,3267,0,1,1,1,3,0
48100,282505007,0,0,0,0,0,1,1,2,0,1,1,0,23,11,2,0,5,36,3,20,49,29,437,2411,2609,3269,0,1,1,1,3,0
48200,283175664,0,0,0,0,0,1,1,2,0,1,1,0,23,11,2,0,5,36,3,20,49,29,437,2418,2614,3273,0,1,1,1,3,0
48300,283846387,0,0,0,0,0,1,1,2,0,1,1,0,23,11,2,0,5,38,3,20,49,29,439,2432,2628,3285,0,1,1,1,3,0
48400,284517313,0,0,0,0,0,1,1,2,0,1,1,0,23,11,2,0,5,38,3,20,49,29,440,2437,2635,3292,0,1,1,1,3,0
48500,285189861,0,0,0,0,0,1,1,2,0,1,1,0,23,11,2,0,5,38,3,20,49,29,440,2444,2641,3298,0,1,1,1,3,0
48600,285861083,0,0,0,0,0,1,1,2,0,1,1,0,23,11,2,0,5,38,3,20,50,29,442,2448,2649,3306,0,1,1,1,3,0
48700,286531735,0,0,0,0,0,1,1,2,0,1,1,0,23,11,2,0,5,38,3,20,50,29,444,2454,2657,3316,0,1,1,1,3,0
48800,287203524,0,0,0,0,0,1,1,2,0,1,1,0,23,11,2,0,5,38,3,20,50,29,446,2459,2664,3325,0,1,1,1,3,0
48900,287876631,0,0,0,0,0,1,1,2,0,1,1,0,23,11,2,0,5,38,3,20,50,29,447,2473,2671,3328,0,1,1,2,3,0
49000,288549715,0,0,0,0,0,1,1,2,0,1,1,0,23,11,2,0,5,38,3,20,50,29,447,2479,2676,3336,0,1,1,2,3,0
49100,289222475,0,0,0,0,0,1,1,2,0,1,1,0,23,11,2,0,5,38,3,20,50,29,451,2481,2681,3347,0,1,1,2,3,0
49200,289896399,0,0,0,0,0,1,1,2,0,1,1,0,23,11,2,0,5,39,3,21,50,29,453,2490,2692,3358,0,1,1,2,3,0
49300,290568766,0,0,0,0,0,1,1,2,0,1,1,0,23,11,2,0,5,39,3,21,50,29,458,2499,2698,3372,0,1,1,2,3,0
49400,291241999,0,0,0,0,0,1,1,2,0,1,1,0,23,11,2,0,5,39,3,21,51,29,461,2505,2701,3379,0,1,1,2,3,0
49500,291916274,0,0,0,0,0,1,1,2,0,1,1,0,23,11,2,0,5,39,3,21,51,29,463,2515,2707,3390,0,1,1,2,3,0
49600,292591624,0,0,0,0,0,1,1,2,0,1,1,0,23,11,2,0,5,39,3,21,51,29,464,2520,2720,3406,0,1,1,2,3,0
49700,293266124,0,0,0,0,0,1,1,2,0,1,1,0,23,11,2,0,5,39,3,21,51,29,467,2530,2725,3414,0,1,1,2,3,0
49800,293940615,0,0,0,0,0,1,1,2,0,1,1,0,23,11,2,0,5,39,3,21,51,29,470,2539,2738,3422,0,1,1,2,3,0
49900,294615245,0,0,0,0,0,1,1,3,0,1,1,0,23,11,3,0,5,39,3,21,51,29,471,2545,2746,3437,0,1,1,2,3,0
50000,295288651,0,0,0,0,0,1,1,3,0,1,1,0,23,11,3,0,5,39,3,21,51,29,471,2550,2756,3449,0,1,1,2,3,0
50100,295962858,0,0,0,0,0,1,1,3,0,1,1,0,24,11,3,0,5,40,3,21,51,30,472,2559,2765,3456,0,1,1,2,3,0
50200,296637915,0,0,0,0,0,1,1,4,0,1,1,0,24,11,3,0,5,40,3,21,51,30,474,2564,2770,3465,0,1,1,2,3,0
50300,297313111,0,0,0,0,0,1,1,4,0,1,1,0,24,11,3,0,5,40,3,21,51,31,474,2567,2776,3473,0,1,1,2,3,0
50400,297988595,0,0,0,0,0,1,1,4,0,1,1,0,24,11,3,0,5,42,3,21,51,31,475,2568,2785,3476,0,1,1,2,3,0
50500,298665407,0,0,0,0,0,1,1,4,0,1,1,0,24,11,3,0,5,42,3,21,51,31,477,2575,2790,3486,0,1,1,2,3,0
50600,299341467,0,0,0,0,0,1,1,4,0,1,1,0,24,11,3,0,5,42,3,21,51,31,480,2581,2797,3492,0,1,1,2,3,0
50700,300018547,0,0,0,0,0,1,1,4,0,1,1,0,24,11,3,0,5,42,3,21,51,31,481,2585,2804,3498,0,1,1,2,3,0
50800,300692901,0,0,0,0,0,1,1,4,0,1,1,0,24,11,3,0,5,42,3,21,51,31,482,2590,2814,3506,0,1,1,2,3,0
50900,301366503,0,0,0,0,0,1,1,4,0,1,1,0,24,11,3,0,5,42,3,21,51,31,484,2601,2823,3517,0,1,1,2,3,0
51000,302040471,0,0,0,0,0,1,1,4,0,1,1,0,24,11,3,0,5,42,3,21,51,31,486,2607,2833,3525,0,1,1,2,3,0
51100,302714394,0,0,0,0,0,1,1,4,0,1,1,0,25,11,3,0,5,42,3,21,51,31,489,2612,2835,3535,0,1,1,2,4,0
51200,303389439,0,0,0,0,0,1,1,4,0,1,1,0,25,11,3,0,5,42,3,21,51,31,490,2616,2840,3543,0,1,1,2,4,0
51300,304064487,0,0,0,0,0,1,1,4,0,1,1,0,25,11,3,0,5,42,3,21,51,31,491,2624,2845,3549,0,1,1,2,4,0
51400,304739063,0,0,0,0,0,1,1,4,0,1,1,0,25,11,3,0,5,42,3,21,51,31,493,2629,2850,3562,0,2,1,2,4,0
51500,305415116,0,0,0,0,0,1,1,4,0,1,1,0,25,11,3,0,5,42,3,21,51,31,493,2633,2858,3572,0,2,1,2,4,0
51600,306092025,0,0,0,0,0,1,1,4,0,1,1,0,25,11,3,0,5,42,3,21,51,31,495,2634,2867,3584,0,2,1,2,4,0
51700,306768322,0,0,0,0,0,1,1,4,0,1,1,0,25,11,3,0,5,42,3,21,51,31,497,2643,2872,3590,0,2,1,2,4,0
51800,307444416,0,0,0,0,0,1,1,4,0,1,1,0,25,11,3,0,5,42,3,21,51,31,498,2648,2877,3602,0,2,1,2,4,0
51900,308120587,0,0,0,0,0,1,1,4,0,1,1,0,25,11,3,0,5,42,3,21,51,31,499,2659,2889,3615,0,2,1,2,4,0
52000,308798422,0,0,0,0,0,1,1,4,0,1,1,0,25,11,3,0,5,42,3,21,51,31,499,2667,2898,3617,0,2,1,2,4,0
52100,309476332,0,0,0,0,0,1,1,4,0,1,1,0,25,12,3,0,5,42,3,21,51,31,499,2672,2905,3629,0,2,1,2,4,0
52200,310152076,0,0,0,0,0,1,1,4,0,1,1,0,25,12,3,0,5,43,3,21,51,31,500,2679,2912,3643,0,2,1,3,4,0
52300,310829085,0,0,0,0,0,1,1,4,0,1,1,0,25,12,3,0,5,45,3,21,52,31,500,2681,2919,3652,0,2,1,3,4,0
52400,311504948,0,0,0,0,0,1,1,4,0,1,1,0,25,12,3,0,5,45,3,22,52,31,501,2692,2924,3661,0,2,1,3,4,0
52500,312181422,0,0,0,0,0,1,1,4,0,1,1,0,25,12,3,0,5,45,3,22,52,32,501,2700,2933,3665,0,2,1,3,4,0
52600,312859322,0,0,0,0,0,1,1,4,0,1,1,0,25,12,3,0,5,45,3,22,52,32,502,2704,2942,3672,0,2,1,3,4,0
52700,313536454,0,0,0,0,0,1,1,4,0,1,1,0,25,12,3,0,5,45,3,22,52,32,504,2709,2947,3684,0,2,1,3,4,0
52800,314213974,0,0,0,0,0,1,1,4,0,1,1,0,25,12,3,0,5,46,3,22,52,32,505,2718,2960,3690,0,2,1,3,4,0
52900,314890640,0,0,0,0,0,1,1,4,0,1,1,0,25,12,3,0,5,47,3,22,53,32,505,2729,2971,3699,0,2,1,3,4,0
53000,315567635,0,0,0,0,0,1,1,4,0,1,1,0,25,12,3,0,5,47,3,22,53,32,505,2740,2977,3710,0,2,1,3,4,0
53100,316245266,0,0,0,0,0,1,1,4,0,1,1,0,25,12,3,0,5,47,3,22,53,32,507,2746,2983,3725,0,2,1,3,4,0
53200,316922140,0,0,0,0,0,1,1,4,0,1,1,0,25,12,3,0,5,48,3,22,53,32,508,2754,2991,3735,0,2,1,3,4,0
53300,317600003,0,0,0,0,0,1,1,4,0,1,1,0,25,12,3,0,5,48,3,23,53,32,508,2760,3005,3741,0,2,1,3,4,0
53400,318277281,0,0,0,0,0,1,1,4,0,1,1,0,25,12,3,0,5,48,3,23,53,32,509,2767,3011,3752,0,2,1,3,4,0
53500,318952379,0,0,0,0,0,1,1,4,0,1,1,0,25,12,3,0,5,48,3,23,53,32,510,2771,3024,3756,0,2,1,3,4,0
53600,319627022,0,0,0,0,0,1,1,4,0,1,1,0,25,12,3,0,5,48,3,23,53,32,510,2782,3033,3763,0,2,1,3,4,0
53700,320301245,0,0,0,0,0,1,1,4,0,1,1,0,25,12,3,0,5,48,3,23,53,32,511,2787,3039,3772,0,2,1,3,4,0
53800,320975524,0,0,0,0,0,1,1,4,0,1,1,0,25,12,3,0,5,48,3,23,53,32,512,2796,3045,3783,0,2,1,3,4,0
53900,321649537,0,0,0,0,0,1,1,4,0,1,1,0,25,12,3,0,5,48,3,23,53,32,513,2803,3058,3789,0,2,1,3,4,0
54000,322323275,0,0,0,0,0,1,1,4,0,1,1,0,25,12,3,0,5,48,3,23,53,32,513,2807,3064,3800,0,2,1,3,4,0
54100,322997759,0,0,0,0,0,1,1,4,0,1,1,0,25,12,4,0,5,48,3,23,53,32,514,2814,3073,3808,0,2,1,3,4,0
54200,323672525,0,0,0,0,0,1,1,4,0,1,1,0,25,12,4,0,5,48,3,23,54,32,515,2819,3079,3817,0,2,1,3,4,0
54300,324347771,0,0,0,0,0,1,1,4,0,1,1,0,25,12,4,0,5,48,3,23,54,32,517,2827,3087,3830,0,2,1,3,4,0
54400,325022137,0,0,0,0,0,1,1,4,0,1,1,0,25,12,4,0,5,48,3,23,54,32,518,2836,3102,3841,0,2,1,3,4,0
54500,325697329,0,0,0,0,0,1,1,4,0,1,1,0,25,12,4,0,5,48,3,23,54,32,518,2839,3107,3849,0,2,1,3,4,0
54600,326371569,0,0,0,0,0,1,1,4,0,1,1,0,25,12,4,0,5,48,3,23,54,32,518,2849,3117,3858,0,2,1,3,4,0
54700,327046858,0,0,0,0,0,1,1,4,0,1,1,0,25,12,4,0,5,48,3,23,54,32,519,2857,3121,3865,0,2,1,3,4,0
54800,327723342,0,0,0,0,0,1,1,4,0,1,1,0,25,12,4,0,5,48,3,23,55,32,519,2863,3132,3876,0,2,1,3,4,0
54900,328399230,0,0,0,0,0,1,1,4,0,1,1,0,25,12,4,0,5,48,3,23,55,32,520,2873,3138,3886,0,2,1,3,4,0
55000,329076610,0,0,0,0,0,1,1,4,0,1,1,0,25,12,4,0,5,48,3,23,55,32,522,2880,3143,3897,0,2,1,3,4,0
55100,329753745,0,0,0,0,0,1,1,4,0,1,1,0,25,12,4,0,5,49,3,23,55,32,523,2888,3152,3911,0,2,1,3,4,0
55200,330430119,0,0,0,0,0,1,1,4,0,1,1,0,25,12,4,0,5,49,3,23,55,32,523,2892,3161,3927,0,2,1,3,4,0
55300,331105509,0,0,0,0,0,1,1,4,0,1,1,0,25,12,4,0,5,49,3,23,55,32,524,2898,3168,3943,0,2,1,3,4,0
55400,331782136,0,0,0,0,0,1,1,4,0,1,1,0,26,12,4,0,5,49,3,23,56,32,526,2905,3175,3951,0,2,1,3,4,0
55500,332458694,0,0,0,0,0,1,1,4,0,1,1,0,26,12,4,0,5,50,3,23,56,32,530,2913,3180,3960,0,2,1,3,4,0
55600,333133552,0,0,0,0,0,1,1,4,0,1,1,0,26,12,4,0,5,50,3,24,56,32,530,2919,3192,3977,0,2,1,3,4,0
55700,333809497,0,0,0,0,0,1,1,4,0,1,1,0,26,12,4,0,5,50,3,24,56,32,531,2926,3194,3980,0,2,1,3,4,0
55800,334485883,0,0,0,0,0,1,1,4,0,1,1,0,26,12,4,0,6,50,3,24,56,32,533,2935,3202,3987,0,2,1,3,4,0
55900,335160110,0,0,0,0,0,1,1,4,0,1,1,0,26,12,4,0,6,51,3,24,56,33,536,2942,3208,3995,0,2,1,3,4,0
56000,335834582,0,0,0,0,0,1,1,4,0,1,1,0,27,12,4,0,6,51,3,24,57,33,538,2949,3216,4007,0,2,1,3,4,0
56100,336508521,0,0,0,0,0,1,1,4,0,1,1,0,27,12,4,0,6,51,3,24,57,33,539,2957,3222,4019,0,2,1,3,4,0
56200,337183845,0,0,0,0,0,1,1,4,0,1,1,0,27,12,4,0,6,51,3,24,57,33,539,2963,3227,4033,0,2,1,3,4,0
56300,337858503,0,0,0,0,0,1,1,4,0,1,1,0,27,12,4,0,6,51,3,24,57,33,539,2969,3238,4038,0,2,1,3,4,0
56400,338533119,0,0,0,0,0,1,1,4,0,1,1,0,27,12,4,0,6,51,3,24,57,33,540,2975,3243,4047,0,2,1,3,4,0
56500,339208371,0,0,0,0,0,1,1,4,0,1,1,0,27,12,4,0,6,51,3,24,57,33,543,2982,3252,4053,0,2,1,3,4,0
56600,339883235,0,0,0,0,0,1,1,4,0,1,1,0,28,12,4,0,6,51,3,24,58,33,546,2986,3263,4061,0,2,1,3,4,0
56700,340558937,0,0,0,0,0,1,1,4,0,1,1,0,28,12,4,0,6,51,3,24,58,33,546,2996,3268,4070,0,2,1,3,4,0
56800,341233042,0,0,0,0,0,1,1,4,0,1,1,0,28,12,4,0,6,51,3,24,58,33,547,3001,3274,4080,0,2,1,3,4,0
56900,341909338,0,0,0,0,0,1,1,4,0,1,1,0,28,12,4,0,6,51,3,24,58,33,548,3008,3285,4091,0,2,1,3,4,0
57000,342585452,0,0,0,0,0,1,1,4,0,1,1,0,28,12,4,0,6,51,4,24,58,33,548,3014,3294,4103,0,2,1,3,4,0
57100,343262413,0,0,0,0,0,1,1,4,0,1,1,0,28,12,4,0,6,51,4,24,58,33,552,3020,3297,4115,0,2,1,3,4,0
57200,343939661,0,0,0,0,0,1,1,4,0,1,1,0,28,12,4,0,6,51,4,25,58,33,554,3025,3304,4127,0,2,1,3,4,0
57300,344616673,0,0,0,0,0,1,1,4,0,2,1,0,28,12,4,0,6,51,4,25,58,33,556,3040,3312,4136,0,2,1,3,4,0
57400,345291894,0,0,0,0,0,1,1,4,0,2,1,0,28,12,4,0,6,51,4,25,58,33,558,3052,3331,4145,0,2,1,3,4,0
57500,345967835,0,0,0,0,0,1,1,4,0,2,1,0,28,12,4,0,6,51,4,25,58,33,558,3062,3336,4156,0,2,1,3,4,0
57600,346643622,0,0,0,0,0,1,1,4,0,2,1,0,28,12,4,0,6,51,4,25,59,34,561,3067,3345,4167,0,2,1,3,4,0
57700,347319306,0,0,0,0,0,1,1,4,0,2,1,0,28,12,4,0,6,51,4,25,60,34,562,3074,3357,4177,0,2,1,3,4,0
57800,347994694,0,0,0,0,0,1,1,4,0,2,1,0,28,12,4,0,6,51,4,26,60,34,562,3082,3366,4186,0,2,1,3,4,0
57900,348670995,0,0,0,0,0,1,1,4,0,2,1,0,28,12,4,0,6,51,4,26,61,34,564,3088,3375,4199,0,2,1,3,4,0
58000,349346018,0,0,0,0,0,1,1,4,0,2,1,0,28,12,4,0,6,51,4,26,61,34,564,3095,3387,4209,0,2,1,3,4,0
58100,350021692,0,0,0,0,0,1,1,4,0,2,1,0,28,12,4,0,6,52,4,26,61,34,567,3099,3403,4222,0,2,1,3,4,0
58200,350697070,0,0,0,0,0,1,1,4,0,2,1,0,28,12,4,0,6,52,4,26,61,34,569,3105,3408,4228,0,2,1,3,4,0
58300,351372920,0,0,0,0,0,1,1,4,0,2,1,0,28,12,4,0,6,52,4,27,61,34,569,3109,3420,4240,0,2,1,3,4,0
58400,352049479,0,0,0,0,0,1,1,4,0,2,1,0,28,12,4,0,6,52,4,27,61,34,569,3112,3428,4254,0,2,1,3,4,0
58500,352725151,0,0,0,0,0,1,1,4,0,2,1,0,28,12,4,0,6,52,4,27,62,34,571,3120,3434,4265,0,2,1,3,4,0
58600,353402339,0,0,0,0,0,1,1,4,0,2,1,0,28,12,4,0,6,53,4,27,62,34,572,3125,3440,4273,0,2,1,3,4,0
58700,354078333,0,0,0,0,0,1,1,4,0,2,1,0,28,12,4,0,6,53,4,27,62,34,574,3132,3445,4281,0,2,1,3,4,0
58800,354752907,0,0,0,0,0,1,1,4,0,2,1,0,28,12,4,0,6,53,4,27,62,34,576,3141,3454,4289,0,2,1,3,4,0
58900,355428485,0,0,0,0,0,1,1,4,0,2,1,0,28,12,4,0,6,53,4,27,62,34,578,3150,3464,4299,0,2,1,3,4,0
59000,356103879,0,0,0,0,0,1,1,4,0,2,1,0,28,12,4,0,6,53,4,27,62,34,581,3158,3467,4309,0,2,1,3,4,0
59100,356779118,0,0,0,0,0,1,1,4,0,2,1,0,28,12,4,0,6,53,4,27,62,34,582,3165,3471,4316,0,2,1,3,4,0
59200,357455167,0,0,0,0,0,1,1,4,0,2,1,0,29,12,4,0,6,54,4,27,62,34,583,3177,3475,4325,0,2,1,3,4,0
59300,358130613,0,0,0,0,0,1,1,4,0,2,1,0,29,12,4,0,6,54,4,27,62,34,584,3184,3483,4337,0,2,1,3,4,0
59400,358805635,0,0,0,0,0,1,1,4,0,2,1,0,29,12,4,0,6,54,4,27,62,34,587,3192,3491,4346,0,2,1,3,4,0
59500,359481061,0,0,0,0,0,1,1,4,0,2,1,0,29,12,4,0,6,54,4,27,62,34,587,3197,3500,4358,0,2,1,3,4,0
59600,360154719,0,0,0,0,0,1,1,4,0,2,1,0,29,12,4,0,6,54,4,27,62,34,587,3208,3512,4368,0,2,1,3,4,0
59700,360828553,0,0,0,0,0,1,1,4,0,2,1,0,29,12,4,0,6,54,4,27,62,34,587,3215,3520,4375,0,2,1,3,4,0
59800,361502636,0,0,0,0,0,1,1,4,0,2,1,0,29,12,4,0,6,54,4,27,62,34,590,3223,3529,4382,0,2,1,3,4,0
59900,362176369,0,0,0,0,0,1,1,4,0,2,1,0,29,12,4,0,6,55,4,27,62,34,590,3228,3542,4392,0,2,1,3,4,0
60000,362851190,0,0,0,0,0,1,1,4,0,2,1,0,29,12,4,0,6,55,4,27,62,34,590,3235,3548,4406,0,2,1,3,4,0
60100,363524799,0,0,0,0,0,1,1,4,0,2,1,0,29,12,4,0,6,55,4,27,62,34,590,3241,3559,4418,0,2,1,3,4,0
60200,364198502,0,0,0,0,0,1,1,4,0,2,1,0,29,12,4,0,6,56,4,27,62,34,590,3245,3566,4425,0,2,1,3,4,0
60300,364873735,0,0,0,0,0,1,1,4,0,2,1,0,29,12,4,0,6,57,4,27,62,34,591,3252,3571,4432,0,2,1,3,4,0
60400,365548964,0,0,0,0,0,1,1,4,0,2,1,0,29,12,4,0,6,57,4,27,62,34,591,3260,3582,4440,0,2,1,3,4,0
60500,366222953,0,0,0,0,0,1,1,4,0,2,1,0,29,12,4,0,6,57,4,27,63,34,592,3268,3592,4451,0,2,1,3,4,0
60600,366897658,0,0,0,0,0,1,1,4,0,2,1,0,29,12,4,0,6,57,4,28,63,34,595,3277,3601,4463,0,2,1,3,4,0
60700,367571913,0,0,0,0,0,1,1,4,0,2,1,0,29,12,4,0,6,57,4,29,63,34,598,3284,3609,4469,0,2,1,3,4,0
60800,368246807,0,0,0,0,0,1,1,4,0,2,1,0,29,13,4,0,6,57,4,30,63,34,601,3290,3617,4481,0,2,1,3,4,0
60900,368922384,0,0,0,0,0,1,1,4,0,2,1,0,29,13,4,0,6,57,4,31,63,34,601,3299,3623,4495,0,2,1,3,4,0
61000,369595667,0,0,0,0,0,1,1,4,0,2,1,0,29,13,4,0,6,57,4,31,63,34,602,3307,3630,4507,0,2,1,3,4,0
61100,370269463,0,0,0,0,0,1,1,4,0,2,1,0,29,13,4,0,6,57,4,31,63,34,603,3317,3636,4512,0,2,1,3,4,0
61200,370944841,0,0,0,0,0,1,1,4,0,2,1,0,29,13,4,0,6,57,4,31,64,34,604,3324,3642,4516,0,2,1,3,4,0
61300,371620540,0,0,0,0,0,1,1,4,0,2,1,0,29,13,4,0,6,57,4,31,64,34,606,3327,3649,4523,0,2,1,3,4,0
61400,372295344,0,0,0,0,0,1,1,4,0,2,1,0,29,13,4,0,6,57,4,31,64,34,608,3333,3655,4533,0,2,1,3,4,0
61500,372971150,0,0,0,0,0,1,1,4,0,2,1,0,29,14,4,0,6,57,4,31,64,34,608,3340,3660,4540,0,2,1,3,4,0
61600,373646332,0,0,0,0,0,1,1,4,0,2,1,0,29,14,4,0,6,58,4,31,64,34,609,3352,3669,4551,0,2,1,3,4,0
61700,374321519,0,0,0,0,0,1,1,4,0,2,1,0,29,14,4,0,6,58,4,31,64,34,610,3360,3677,4563,0,2,1,3,4,0
61800,374996315,0,0,0,0,0,1,1,4,0,2,1,0,29,14,4,0,6,58,4,31,64,34,611,3368,3680,4571,0,2,1,3,4,0
61900,375673105,0,0,0,0,0,1,1,4,0,2,1,0,29,14,4,0,6,58,4,31,64,34,613,3380,3688,4581,0,2,1,3,4,0
62000,376348157,0,0,0,0,0,1,1,4,0,2,1,0,29,14,4,0,6,58,4,31,64,34,614,3385,3699,4596,0,2,1,3,4,0
62100,377023925,0,0,0,0,0,1,1,4,0,2,1,0,30,14,4,0,6,58,4,31,65,34,617,3392,3703,4605,0,2,1,3,4,0
62200,377698295,0,0,0,0,0,1,1,4,0,2,1,0,30,14,4,0,6,58,4,31,65,34,618,3395,3709,4613,0,2,1,3,4,0
62300,378374106,0,0,0,0,0,1,1,4,0,2,1,0,30,14,4,0,6,58,4,31,65,34,620,3400,3718,4620,0,2,1,3,4,0
62400,379050124,0,0,0,0,0,1,1,4,0,2,1,0,30,14,4,0,6,58,4,32,66,34,620,3413,3727,4628,0,2,1,3,4,0
62500,379725834,0,0,0,0,0,1,1,4,0,2,1,0,30,14,4,0,6,58,4,32,66,35,625,3420,3737,4637,0,2,1,3,4,0
62600,380399374,0,0,0,0,0,1,1,4,0,2,1,0,30,14,4,0,6,58,4,32,66,35,627,3426,3748,4649,0,2,1,3,4,0
62700,381074927,0,0,0,0,0,1,1,4,0,2,1,0,30,14,4,0,6,58,4,32,66,36,627,3435,3751,4658,0,2,1,3,4,0
62800,381750468,0,0,0,0,0,1,1,4,0,2,1,0,30,14,4,0,6,58,4,32,66,36,629,3443,3759,4669,0,2,1,3,4,0
62900,382428291,0,0,0,0,0,1,1,4,0,2,1,0,30,14,4,0,6,58,4,33,66,36,629,3445,3768,4680,0,2,1,3,4,0
63000,383105124,0,0,0,0,0,1,1,4,0,2,1,0,30,14,4,0,6,58,4,33,67,36,631,3451,3777,4686,0,2,1,3,4,0
63100,383781609,0,0,0,0,0,1,1,4,0,2,1,0,30,14,4,0,6,58,4,33,67,36,633,3455,3787,4694,0,2,1,3,4,0
63200,384459054,0,0,0,0,0,1,1,4,0,2,1,0,30,14,4,0,6,58,4,33,67,36,635,3461,3789,4702,0,2,1,3,4,0
63300,385135873,0,0,0,0,0,1,1,4,0,2,1,0,30,14,4,0,6,58,4,33,68,36,635,3472,3793,4716,0,2,1,3,4,0
63400,385812083,0,0,0,0,0,1,1,4,0,2,1,0,30,14,4,0,6,58,4,33,68,36,635,3481,3800,4724,0,2,1,3,4,0
63500,386488147,0,0,0,0,0,1,1,4,0,2,1,0,30,14,4,0,6,59,4,33,68,36,636,3486,3805,4734,0,2,1,3,4,0
63600,387165310,0,0,0,0,0,1,1,4,0,2,1,0,30,14,4,0,6,59,4,33,68,36,638,3495,3818,4741,0,2,1,3,4,0
63700,387842846,0,0,0,0,0,1,1,4,0,2,1,0,30,14,4,0,6,59,4,33,68,36,641,3502,3828,4752,0,2,1,3,4,0
63800,388520450,0,0,0,0,0,1,1,4,0,2,1,0,30,14,4,0,6,59,4,33,68,36,641,3507,3834,4762,0,2,1,3,4,0
63900,389197581,0,0,0,0,0,1,1,4,0,2,1,0,31,14,4,0,6,59,4,33,68,36,642,3512,3841,4773,0,2,1,3,4,0
64000,389876166,0,0,0,0,0,1,1,4,0,2,1,0,31,14,4,0,6,59,4,34,68,36,644,3512,3849,4783,0,2,1,3,4,0
64100,390554307,0,0,0,0,0,1,1,4,0,2,1,0,31,14,4,0,6,59,4,34,69,36,645,3522,3853,4793,0,2,1,3,4,0
64200,391234165,0,0,0,0,0,1,1,4,0,2,1,0,31,14,4,0,6,59,4,35,70,36,648,3532,3863,4803,0,2,1,3,4,0
64300,391912407,0,0,0,0,0,1,1,4,0,2,1,0,31,14,4,0,6,59,4,35,70,36,650,3538,3871,4816,0,2,1,3,4,0
64400,392591459,0,0,0,0,0,1,1,4,0,2,1,0,31,15,4,0,6,59,4,35,70,36,651,3545,3875,4824,0,2,1,3,4,0
64500,393270033,0,0,0,0,0,1,1,4,0,2,1,0,31,15,4,0,6,59,4,35,70,36,654,3553,3883,4833,0,2,1,3,4,0
64600,393948738,0,0,0,0,0,1,1,4,0,2,1,0,31,15,4,0,6,59,4,36,71,36,655,3562,3891,4845,0,2,1,3,4,0
64700,394627420,0,0,0,0,0,1,1,4,0,2,1,0,31,15,4,0,6,59,4,36,71,36,656,3570,3910,4852,0,2,1,3,4,0
64800,395305649,0,0,0,0,0,1,1,4,0,2,1,0,31,15,4,0,6,59,4,36,71,36,657,3574,3916,4863,0,2,1,3,4,0
64900,395982607,0,0,0,0,0,1,1,4,0,2,1,0,31,15,4,0,6,60,4,36,71,36,657,3578,3926,4874,0,2,1,3,4,0
65000,396660831,0,0,0,0,0,1,1,4,0,2,1,0,31,15,4,0,6,60,4,36,71,36,660,3587,3931,4886,0,2,1,3,4,0
65100,397338430,0,0,0,0,0,1,1,4,0,2,1,0,31,15,4,0,6,60,4,36,71,36,662,3589,3935,4902,0,2,1,3,4,0
65200,398016739,0,0,0,0,0,1,1,4,0,2,1,0,31,15,4,0,6,60,4,36,71,36,663,3594,3941,4916,0,2,1,3,4,0
65300,398696257,0,0,0,0,0,1,1,4,0,2,1,0,31,15,4,0,6,60,4,36,71,36,663,3601,3951,4925,0,2,1,3,4,0
65400,399375254,0,0,0,0,0,1,1,4,0,2,1,0,32,15,4,0,6,60,4,37,71,36,663,3607,3956,4932,0,2,1,3,4,0
65500,400054035,0,0,0,0,0,1,1,4,0,2,1,0,32,15,4,0,6,60,4,37,72,36,664,3610,3968,4942,0,2,1,3,4,0
65600,400732669,0,0,0,0,0,1,1,4,0,2,1,0,32,15,5,0,6,60,4,37,72,36,665,3617,3974,4948,0,2,1,3,4,0
65700,401412092,0,0,0,0,0,1,1,4,0,2,1,0,32,15,5,0,6,60,4,37,73,36,666,3624,3981,4956,0,2,1,3,4,0
65800,402091792,0,0,0,0,0,1,1,4,0,2,1,0,32,15,5,0,6,60,4,38,73,36,667,3629,3993,4966,0,2,1,3,4,0
65900,402772212,0,0,0,0,0,1,1,4,0,2,1,0,32,15,5,0,6,60,4,38,73,36,668,3635,3999,4968,0,2,1,3,4,0
66000,403452808,0,0,0,0,0,1,1,4,0,2,1,0,32,16,5,0,6,60,4,38,73,36,669,3640,4005,4973,0,2,1,3,4,0
66100,404133064,0,0,0,0,0,1,1,4,0,2,1,0,32,16,5,0,6,60,4,38,73,36,669,3646,4010,4986,0,2,1,3,4,0
66200,404814078,0,0,0,0,0,1,1,4,0,2,1,0,32,16,5,0,6,60,4,38,73,36,670,3651,4010,4991,0,2,1,3,4,0
66300,405494263,0,0,0,0,0,1,1,4,0,2,1,0,32,16,5,0,6,60,4,38,73,36,671,3656,4019,4999,0,2,1,3,4,0
66400,406174294,0,0,0,0,0,1,1,4,0,2,1,0,32,16,5,0,6,60,4,38,73,36,675,3666,4026,5012,0,2,1,3,4,0
66500,406854476,0,0,0,0,0,1,1,4,0,2,1,0,32,16,5,0,6,60,4,38,74,36,676,3679,4031,5021,0,2,1,3,4,0
66600,407535668,0,0,0,0,0,1,1,4,0,2,1,0,32,16,5,0,6,60,4,38,75,36,677,3687,4041,5031,0,2,1,3,4,0
66700,408215331,0,0,0,0,0,1,1,4,0,2,1,0,32,16,5,0,6,61,4,39,76,36,677,3692,4046,5040,0,2,1,3,4,0
66800,408897267,0,0,0,0,0,1,1,4,0,2,1,0,32,16,5,0,6,62,4,39,76,36,678,3699,4055,5046,0,2,1,3,4,0
66900,409579998,0,0,0,0,0,1,1,4,0,2,1,0,32,16,5,0,6,62,4,39,76,36,678,3704,4062,5053,0,2,1,3,4,0
67000,410261537,0,0,0,0,0,1,1,4,0,2,1,0,32,16,5,0,6,62,4,40,76,36,680,3710,4069,5060,0,2,1,3,4,0
67100,410943250,0,0,0,0,0,1,1,4,0,2,1,0,32,16,5,0,7,62,4,40,76,36,684,3714,4079,5074,0,2,1,3,4,0
67200,411624387,0,0,0,0,0,1,1,4,0,2,1,0,33,16,5,0,7,62,4,40,76,36,685,3721,4087,5089,0,2,1,3,4,0
67300,412305944,0,0,0,0,0,1,1,4,0,2,1,0,33,16,5,0,7,62,4,41,76,37,686,3725,4097,5102,0,2,1,3,4,0
67400,412987293,0,0,0,0,0,1,1,4,0,2,1,0,33,16,5,0,7,63,4,41,76,37,688,3735,4104,5111,0,2,1,3,4,0
67500,413668250,0,0,0,0,0,1,1,4,0,2,1,0,33,17,5,0,7,63,4,41,76,37,689,3748,4108,5126,0,2,1,3,4,0
67600,414350505,0,0,0,0,0,1,1,4,0,2,1,0,33,17,5,0,7,63,4,41,76,37,691,3752,4117,5137,0,2,1,3,4,0
67700,415032047,0,0,0,0,0,1,1,4,0,2,1,0,33,17,5,0,7,63,4,41,76,37,693,3756,4130,5139,0,2,1,3,4,0
67800,415713603,0,0,0,0,0,1,1,4,0,2,1,0,33,17,5,0,7,63,4,41,76,37,693,3765,4143,5151,0,2,1,3,4,0
67900,416396248,0,0,0,0,0,1,1,4,0,2,1,0,34,17,5,0,7,65,4,41,77,37,695,3771,4153,5164,0,2,1,3,4,0
68000,417078771,0,0,0,0,0,1,1,4,0,2,1,0,34,17,5,0,7,65,4,41,77,37,696,3777,4159,5172,0,2,1,3,4,0
68100,417760238,0,0,0,0,0,1,1,4,0,2,1,0,34,18,5,0,7,65,4,41,77,37,697,3781,4168,5180,0,2,1,3,4,0
68200,418442944,0,0,0,0,0,1,1,4,0,2,1,0,34,18,5,0,7,65,4,41,77,37,700,3785,4178,5193,0,2,1,3,4,0
68300,419125213,0,0,0,0,0,1,1,4,0,2,1,0,34,18,5,0,7,65,4,41,77,37,700,3792,4189,5201,0,2,1,3,4,0
68400,419808057,0,0,0,0,0,1,1,4,0,2,1,0,35,18,5,0,7,65,4,41,77,37,703,3799,4192,5209,0,2,1,3,4,0
68500,420490772,0,0,0,0,0,1,1,4,0,2,1,0,35,18,5,0,7,66,4,41,77,37,707,3809,4201,5220,0,2,1,3,4,0
68600,421173415,0,0,0,0,0,1,1,4,0,2,1,0,35,18,5,0,7,66,4,41,77,37,709,3815,4208,5227,0,2,1,3,4,0
68700,421854085,0,0,0,0,0,1,1,4,0,2,1,0,35,18,5,0,7,66,4,41,77,37,709,3824,4213,5236,0,2,1,3,4,0
68800,422535522,0,0,0,0,0,1,1,4,0,2,1,0,36,18,5,0,7,66,4,41,78,37,712,3831,4229,5249,0,2,1,3,4,0
68900,423217980,0,0,0,0,0,1,1,4,0,2,1,0,36,18,5,0,7,66,4,41,78,37,714,3834,4235,5258,0,2,1,3,4,0
69000,423898471,0,0,0,0,0,1,1,4,0,2,1,0,37,18,5,0,7,66,4,41,78,37,717,3844,4242,5274,0,2,1,3,4,0
69100,424579134,0,0,0,0,0,1,1,4,0,2,1,0,38,19,5,0,7,67,4,41,78,37,718,3848,4246,5282,0,2,1,3,4,0
69200,425260726,0,0,0,0,0,1,1,4,0,2,1,0,38,19,5,0,7,67,5,41,78,38,718,3856,4252,5296,0,2,1,3,4,0
69300,425940998,0,0,0,0,0,1,1,4,0,2,1,0,38,19,5,0,7,68,5,41,78,38,719,3861,4256,5303,0,2,1,3,4,0
69400,426622405,0,0,0,0,0,1,1,4,0,2,1,0,38,19,5,0,7,68,5,41,78,38,724,3866,4260,5309,0,2,1,3,4,0
69500,427304308,0,0,0,0,0,1,1,4,0,2,1,0,38,19,5,0,7,68,5,41,79,38,725,3874,4268,5322,0,2,1,3,4,0
69600,427986146,0,0,0,0,0,1,1,4,0,2,1,0,38,19,5,0,7,68,5,41,79,38,726,3879,4281,5326,0,2,1,3,4,0
69700,428667731,0,0,0,0,0,1,1,4,0,2,1,0,38,19,5,0,7,68,5,41,79,38,727,3884,4288,5333,0,2,1,3,4,0
69800,429349065,0,0,0,0,0,1,1,4,0,2,1,0,38,19,5,0,7,68,5,41,79,39,730,3891,4292,5343,0,2,1,3,4,0
69900,430030860,0,0,0,0,0,1,1,4,0,2,1,0,38,19,5,0,7,68,5,41,79,39,730,3897,4297,5355,0,2,1,3,4,0
70000,430713492,0,0,0,0,0,1,1,4,0,2,1,0,38,19,5,0,8,68,5,41,79,39,730,3902,4307,5365,0,2,1,3,4,0
70100,431394475,0,0,0,0,0,1,1,4,0,2,1,0,38,19,5,0,8,69,5,41,79,39,732,3910,4320,5372,0,2,1,3,4,0
70200,432074981,0,0,0,0,0,1,1,4,0,2,1,0,38,19,5,0,8,69,5,41,79,40,733,3920,4332,5383,0,2,1,3,4,0
70300,432755833,0,0,0,0,0,1,1,4,0,2,1,0,38,19,5,0,8,70,5,41,79,40,733,3927,4341,5392,0,2,1,3,4,0
70400,433435972,0,0,0,0,0,1,1,4,0,2,1,0,38,19,5,0,8,70,5,41,79,40,734,3935,4352,5401,0,2,1,3,4,0
70500,434115939,0,0,0,0,0,1,1,4,0,2,1,0,38,19,5,0,8,70,5,41,79,40,735,3942,4361,5409,0,2,1,3,4,0
70600,434795703,0,0,0,0,0,1,1,4,0,2,1,0,38,19,5,0,8,70,5,43,79,41,735,3948,4367,5419,0,2,1,3,4,0
70700,435475778,0,0,0,0,0,1,1,4,0,2,1,0,38,19,5,0,8,70,5,43,79,41,736,3953,4374,5422,0,2,1,3,4,0
70800,436157464,0,0,0,0,0,1,1,4,0,2,1,0,38,19,5,0,8,70,5,43,79,41,737,3960,4389,5435,0,2,1,3,4,0
70900,436837491,0,0,0,0,0,1,1,4,0,2,1,0,38,19,5,0,8,70,5,43,79,41,737,3969,4398,5446,0,2,1,3,4,0
71000,437515646,0,0,0,0,0,1,1,4,0,2,1,0,38,19,5,0,8,70,5,43,79,41,737,3973,4401,5459,0,2,1,3,4,0
71100,438194719,0,0,0,0,0,1,1,4,0,2,1,0,38,19,5,0,8,70,5,43,79,41,740,3981,4413,5471,0,2,1,3,4,0
71200,438872907,0,0,0,0,0,1,1,4,0,2,1,0,38,19,5,0,8,70,5,44,79,41,742,3984,4422,5478,0,2,1,3,4,0
71300,439552745,0,0,0,0,0,1,1,4,0,2,1,0,39,19,5,0,8,71,5,44,79,42,744,3987,4431,5489,0,2,1,3,4,0
71400,440231526,0,0,0,0,0,1,1,4,0,2,1,0,39,19,5,0,8,71,5,44,80,42,745,3993,4439,5498,0,2,1,3,4,0
71500,440909727,0,0,0,0,0,1,1,4,0,2,1,0,39,19,5,0,8,71,5,44,80,42,746,4000,4444,5508,0,2,1,3,4,0
71600,441587778,0,0,0,0,0,1,1,4,0,2,1,0,39,19,5,0,8,71,5,45,80,42,746,4010,4453,5521,0,2,1,3,4,0
71700,442265262,0,0,0,0,0,1,1,4,0,2,1,0,39,19,5,0,9,71,5,45,81,42,747,4017,4460,5530,0,2,1,3,4,0
71800,442944562,0,0,0,0,0,1,1,4,0,2,1,0,39,19,5,0,9,71,5,45,81,42,750,4027,4466,5538,0,2,1,3,4,0
71900,443624628,0,0,0,0,0,1,1,4,0,2,1,0,39,19,5,0,9,71,5,45,81,43,751,4031,4475,5545,0,2,1,3,4,0
72000,444303065,0,0,0,0,0,1,1,4,0,2,1,0,39,19,5,0,9,73,5,45,81,43,754,4037,4480,5553,0,2,1,3,4,0
72100,444981671,0,0,0,0,0,1,1,4,0,2,1,0,39,19,5,0,9,73,5,45,81,43,755,4044,4485,5563,0,2,1,3,4,0
72200,445661715,0,0,0,0,0,1,1,4,0,2,1,0,39,19,5,0,9,73,5,45,81,43,756,4049,4496,5571,0,2,1,3,4,0
72300,446340905,0,0,0,0,0,1,1,4,0,2,1,0,39,19,5,0,9,73,5,45,81,43,756,4053,4511,5583,0,2,1,3,4,0
72400,447021593,0,0,0,0,0,1,1,4,0,2,1,0,39,19,5,0,9,73,5,45,81,43,757,4060,4520,5589,0,2,1,3,4,0
72500,447701243,0,0,0,0,0,1,1,4,0,2,1,0,39,19,5,0,9,73,5,45,81,44,760,4064,4533,5600,0,2,1,3,4,0
72600,448380214,0,0,0,0,0,1,1,4,0,2,1,0,39,19,5,0,9,73,5,45,81,45,760,4072,4540,5612,0,2,1,3,4,0
72700,449060456,0,0,0,0,0,1,1,4,0,2,1,0,39,19,5,0,9,73,5,45,82,45,761,4080,4546,5618,0,2,1,3,4,0
72800,449740380,0,0,0,0,0,1,1,4,0,2,1,0,40,19,5,0,9,73,5,45,83,46,763,4088,4554,5622,0,2,1,3,4,0
72900,450421609,0,0,0,0,0,1,1,4,0,2,1,0,40,19,5,0,9,74,5,45,83,47,765,4095,4563,5628,0,2,1,3,4,0
73000,451101776,0,0,0,0,0,1,1,4,0,2,1,0,40,19,5,0,9,74,5,46,83,47,767,4102,4573,5645,0,2,1,3,4,0
73100,451780789,0,0,0,0,0,1,1,4,0,2,1,0,40,19,5,0,9,74,5,46,83,47,770,4108,4578,5656,0,2,1,3,4,0
73200,452461131,0,0,0,0,0,1,1,4,0,2,1,0,40,19,5,0,9,74,5,46,84,47,770,4117,4589,5670,0,2,1,3,4,0
73300,453140981,0,0,0,0,0,1,1,4,0,2,1,0,41,19,5,0,9,75,5,46,84,47,771,4121,4597,5681,0,2,1,3,4,0
73400,453820268,0,0,0,0,0,1,1,4,0,2,1,0,41,19,5,0,9,75,5,46,84,47,772,4128,4605,5689,0,2,1,3,4,0
73500,454499742,0,0,0,0,0,1,1,4,0,2,1,0,41,20,5,0,9,75,5,46,85,47,773,4133,4611,5696,0,2,1,3,4,0
73600,455180292,0,0,0,0,0,1,1,4,0,2,1,0,41,20,5,0,9,75,5,46,85,47,774,4138,4615,5702,0,2,1,3,4,0
73700,455861748,0,0,0,0,0,1,1,4,0,2,1,0,41,20,5,0,9,75,5,46,85,47,775,4146,4626,5714,0,2,1,3,4,0
73800,456541043,0,0,0,0,0,1,1,4,0,2,1,0,41,20,5,0,9,76,5,46,85,47,777,4151,4631,5727,0,2,1,3,4,0
73900,457219569,0,0,0,0,0,1,1,4,0,2,1,0,41,20,5,0,9,76,5,46,86,47,779,4156,4644,5734,0,2,1,3,4,0
74000,457898484,0,0,0,0,0,1,1,4,0,2,1,0,41,20,5,0,9,76,5,46,86,47,779,4162,4656,5747,0,2,1,3,4,0
74100,458576789,0,0,0,0,0,1,1,4,0,2,1,0,41,20,5,0,9,76,5,46,86,47,781,4173,4665,5757,0,3,1,3,4,0
74200,459255342,0,0,0,0,0,1,1,4,0,2,1,0,41,20,5,0,9,76,5,46,86,47,783,4180,4677,5767,0,3,1,3,4,0
74300,459934208,0,0,0,0,0,1,1,4,0,2,1,0,41,20,5,0,9,76,5,46,86,47,784,4185,4682,5778,0,3,1,3,4,0
74400,460614067,0,0,0,0,0,1,1,4,0,2,1,0,41,20,5,0,9,76,5,46,86,47,784,4193,4689,5789,0,3,1,3,4,0
74500,461293886,0,0,0,0,0,1,1,4,0,2,1,0,41,20,5,0,9,76,5,46,86,47,785,4199,4699,5801,0,3,1,3,4,0
74600,461973195,0,0,0,0,0,1,1,4,0,2,1,0,41,20,5,0,9,76,5,46,86,47,786,4206,4706,5804,0,3,1,3,4,0
74700,462651697,0,0,0,0,0,1,1,4,0,2,1,0,41,20,5,0,10,76,5,46,86,47,787,4216,4711,5816,0,3,1,3,4,0
74800,463332213,0,0,0,0,0,1,1,4,0,2,1,0,41,20,5,0,10,76,5,46,87,47,792,4221,4720,5829,0,3,1,3,4,0
74900,464012608,0,0,0,0,0,1,1,4,0,2,1,0,41,20,5,0,10,76,5,47,87,47,795,4226,4728,5837,0,3,1,3,4,0
75000,464691812,0,0,0,0,0,1,1,4,0,2,1,0,41,20,5,0,10,76,5,47,88,47,796,4234,4733,5851,0,3,1,3,4,0
75100,465370061,0,0,0,0,0,1,1,4,0,2,1,0,41,20,5,0,10,76,5,47,88,47,798,4248,4737,5859,0,3,1,3,4,0
75200,466047984,0,0,0,0,0,1,1,4,0,2,1,0,41,20,5,0,10,76,5,47,88,48,798,4255,4746,5865,0,3,1,3,4,0
75300,466727196,0,0,0,0,0,1,1,4,0,2,1,0,41,20,5,0,10,76,5,47,88,48,800,4259,4754,5873,0,3,1,3,4,0
75400,467403951,0,0,0,0,0,1,1,4,0,2,1,0,41,20,5,0,10,76,5,47,88,48,801,4269,4765,5885,0,3,1,3,4,0
75500,468082015,0,0,0,0,0,1,1,4,0,2,1,0,42,20,5,0,10,76,5,47,89,48,805,4276,4774,5891,0,3,1,3,4,0
75600,468759749,0,0,0,0,0,1,1,4,0,2,1,0,42,20,5,0,10,76,5,47,89,48,805,4281,4779,5901,0,3,1,3,4,0
75700,469438804,0,0,0,0,0,1,1,4,0,2,1,0,44,20,5,0,10,76,5,47,89,49,807,4290,4789,5913,0,3,1,3,4,0
75800,470116110,0,0,0,0,0,1,1,4,0,2,1,0,44,20,5,0,10,76,5,47,89,49,809,4296,4796,5928,0,3,1,3,4,0
75900,470793730,0,0,0,0,0,1,1,4,0,2,1,0,44,20,5,0,10,76,6,47,89,49,813,4303,4801,5940,0,3,1,3,4,0
76000,471471095,0,0,0,0,0,1,1,4,0,2,1,0,44,20,5,0,10,76,6,48,89,49,816,4309,4810,5948,0,3,1,3,4,0
76100,472147227,0,0,0,0,0,1,1,4,0,2,1,0,44,20,5,0,10,76,6,48,89,49,819,4318,4816,5958,0,3,1,3,4,0
76200,472823050,0,0,0,0,0,1,1,4,0,2,1,0,44,20,5,0,10,76,6,48,89,49,820,4325,4825,5967,0,3,1,3,4,0
76300,473500484,0,0,0,0,0,1,1,4,0,2,1,0,44,20,5,0,10,76,6,48,89,49,821,4333,4827,5980,0,3,1,3,4,0
76400,474178536,0,0,0,0,0,1,1,4,0,2,1,0,44,20,5,0,10,76,6,48,89,49,821,4337,4838,5993,0,3,1,3,4,0
76500,474855523,0,0,0,0,0,1,1,4,0,2,1,0,44,20,5,0,10,76,6,48,89,49,822,4344,4845,6010,0,3,1,3,5,0
76600,475532573,0,0,0,0,0,1,1,4,0,2,1,0,44,20,5,0,10,76,6,48,90,49,825,4356,4850,6013,0,3,1,3,5,0
76700,476210399,0,0,0,0,0,1,1,4,0,2,1,0,44,20,5,0,10,76,6,48,90,49,825,4363,4861,6025,0,3,1,3,5,0
76800,476888759,0,0,0,0,0,1,1,4,0,2,1,0,44,20,5,0,10,76,6,48,90,49,825,4376,4873,6029,0,3,1,3,5,0
76900,477566250,0,0,0,0,0,1,1,4,0,2,1,0,44,21,5,0,10,76,6,48,90,49,826,4386,4880,6043,0,3,1,3,5,0
77000,478244440,0,0,0,0,0,1,1,4,0,2,1,0,44,21,5,0,10,76,6,48,90,49,827,4393,4891,6050,0,3,1,3,5,0
77100,478921214,0,0,0,0,0,1,1,4,0,2,1,0,44,21,5,0,10,76,6,48,90,49,831,4404,4901,6062,0,3,1,3,5,0
77200,479598003,0,0,0,0,0,1,1,4,0,2,1,0,44,21,5,0,10,76,6,48,90,49,831,4408,4906,6071,0,3,1,3,5,0
77300,480274536,0,0,0,0,0,1,1,4,0,2,1,0,44,21,5,0,10,76,6,48,90,49,833,4414,4911,6077,0,3,1,3,5,0
77400,480951506,0,0,0,0,0,1,1,4,0,2,1,0,44,21,5,0,10,76,6,48,91,49,834,4418,4919,6085,0,3,1,3,5,0
77500,481628888,0,0,0,0,0,1,1,4,0,2,1,0,44,21,5,0,10,76,6,48,91,49,835,4424,4926,6095,0,3,1,3,5,0
77600,482307818,0,0,0,0,0,1,1,4,0,2,1,0,44,21,5,0,10,76,6,48,91,49,835,4430,4931,6105,0,3,1,3,5,0
77700,482986791,0,0,0,0,0,1,1,4,0,2,1,0,44,21,5,0,10,76,6,48,92,50,837,4436,4936,6110,0,3,1,3,5,0
77800,483667501,0,0,0,0,0,1,1,4,0,2,1,0,44,21,5,0,10,77,6,48,93,50,837,4446,4945,6126,0,3,1,3,5,0
77900,484345790,0,0,0,0,0,1,1,4,0,2,1,0,44,21,5,0,10,77,6,48,93,50,839,4454,4958,6143,0,3,1,3,5,0
78000,485026017,0,0,0,0,0,1,1,4,0,2,1,0,44,21,5,0,10,77,6,48,93,50,839,4463,4962,6152,0,3,1,3,5,0
78100,485704582,0,0,0,0,0,1,1,4,0,2,1,0,44,21,5,0,10,77,6,48,93,50,840,4469,4968,6161,0,3,1,3,5,0
78200,486382387,0,0,0,0,0,1,1,4,0,2,1,0,44,21,5,0,10,78,6,48,93,50,841,4473,4981,6167,0,3,1,3,5,0
78300,487060929,0,0,0,0,0,1,1,4,0,2,1,0,44,21,5,0,10,78,6,48,93,50,841,4476,4986,6176,0,3,1,3,5,0
78400,487738637,0,0,0,0,0,1,1,4,0,2,1,0,44,21,5,0,10,78,6,48,93,50,841,4486,5000,6190,0,3,1,3,5,0
78500,488416189,0,0,0,0,0,1,1,4,0,2,1,0,44,21,5,0,10,78,6,48,94,50,843,4492,5010,6200,0,3,1,3,5,0
78600,489094225,0,0,0,0,0,1,1,4,0,2,1,0,44,21,5,0,10,78,6,49,94,51,844,4500,5016,6215,0,3,1,3,5,0
78700,489772931,0,0,0,0,0,1,1,4,0,2,1,0,44,21,5,0,10,78,6,49,95,51,845,4506,5023,6226,0,3,1,3,5,0
78800,490451849,0,0,0,0,0,1,1,4,0,2,1,0,45,21,5,0,10,79,6,49,95,51,847,4510,5029,6235,0,3,1,3,5,0
78900,491128503,0,0,0,0,0,1,1,4,0,2,1,0,45,21,5,0,10,80,6,49,95,51,848,4516,5040,6245,0,3,1,3,5,0
79000,491806324,0,0,0,0,0,1,1,4,0,2,1,0,45,21,5,0,10,80,6,50,95,51,850,4525,5045,6254,0,3,1,3,5,1
79100,492484495,0,0,0,0,0,1,1,4,0,2,1,0,45,21,5,0,10,80,6,50,96,51,852,4528,5055,6262,0,3,1,3,5,1
79200,493163659,0,0,0,0,0,1,1,4,0,2,1,0,45,21,5,0,10,80,6,50,96,51,853,4535,5064,6274,0,3,1,3,5,1
79300,493842508,0,0,0,0,0,1,1,4,0,2,1,0,45,21,5,0,10,80,6,50,96,51,853,4538,5072,6283,0,3,1,3,5,1
79400,494520850,0,0,0,0,0,1,1,4,0,2,1,0,45,21,5,0,10,80,7,50,96,52,859,4545,5076,6297,0,3,1,3,5,1
79500,495197896,0,0,0,0,0,1,1,4,0,2,1,0,45,21,5,0,10,80,7,50,96,52,860,4555,5086,6314,0,3,1,3,5,1
79600,495874754,0,0,0,0,0,1,1,4,0,2,1,0,45,21,5,0,10,80,7,51,96,52,861,4561,5092,6317,0,3,1,3,5,1
79700,496551586,0,0,0,0,0,1,1,4,0,2,1,0,45,21,5,0,10,80,7,51,97,52,861,4572,5097,6326,0,3,1,3,5,1
79800,497227833,0,0,0,0,0,1,1,4,0,2,1,0,45,21,5,0,10,80,7,51,97,52,862,4578,5110,6332,0,3,1,3,5,1
79900,497903383,0,0,0,0,0,1,1,4,0,2,1,0,45,21,5,0,10,80,7,51,97,52,864,4584,5122,6344,0,3,1,3,5,1
80000,498579734,0,0,0,0,0,1,1,4,0,2,1,0,45,21,5,0,10,80,7,51,97,52,866,4592,5127,6354,0,3,1,3,5,1
