t , Ki , Mi , Ni , Vxi , Vyi , Vzi , Txi , Tyi , Tzi
0 , 118.894 , 0.0396314 , 3e+21 , 3.09564 , -5.4542 , 2.1777 , 0.0264862 , 0.0261352 , 0.0266286
5e-08 , 118.894 , 0.0396314 , 3e+21 , 3.09564 , -5.4542 , 2.1777 , 0.0264862 , 0.0261352 , 0.0266286
1e-07 , 118.894 , 0.0396314 , 3e+21 , 3.09564 , -5.4542 , 2.1777 , 0.0264862 , 0.0261352 , 0.0266286
1.5e-07 , 118.894 , 0.0396314 , 3e+21 , 3.09564 , -5.4542 , 2.1777 , 0.0264862 , 0.0261352 , 0.0266286
2e-07 , 118.894 , 0.0396314 , 3e+21 , 3.09564 , -5.4542 , 2.1777 , 0.0264862 , 0.0261352 , 0.0266286
2.5e-07 , 118.894 , 0.0396314 , 3e+21 , 3.09564 , -5.4542 , 2.1777 , 0.0264862 , 0.0261352 , 0.0266286
3e-07 , 118.894 , 0.0396314 , 3e+21 , 3.09564 , -5.4542 , 2.1777 , 0.0264862 , 0.0261352 , 0.0266286
3.5e-07 , 118.894 , 0.0396314 , 3e+21 , 3.09564 , -5.4542 , 2.1777 , 0.0264862 , 0.0261352 , 0.0266286
4e-07 , 118.894 , 0.0396314 , 3e+21 , 3.09564 , -5.4542 , 2.1777 , 0.0264862 , 0.0261352 , 0.0266286
4.5e-07 , 118.894 , 0.0396314 , 3e+21 , 3.09564 , -5.4542 , 2.1777 , 0.0264862 , 0.0261352 , 0.0266286
5e-07 , 118.894 , 0.0396314 , 3e+21 , 3.09564 , -5.4542 , 2.1777 , 0.0264862 , 0.0261352 , 0.0266286
5.5e-07 , 118.894 , 0.0396314 , 3e+21 , 3.09564 , -5.4542 , 2.1777 , 0.0264862 , 0.0261352 , 0.0266286
6e-07 , 118.894 , 0.0396314 , 3e+21 , 3.09564 , -5.4542 , 2.1777 , 0.0264862 , 0.0261352 , 0.0266286
6.5e-07 , 118.894 , 0.0396314 , 3e+21 , 3.09564 , -5.4542 , 2.1777 , 0.0264862 , 0.0261352 , 0.0266286
7e-07 , 118.894 , 0.0396314 , 3e+21 , 3.09564 , -5.4542 , 2.1777 , 0.0264862 , 0.0261352 , 0.0266286
7.5e-07 , 118.894 , 0.0396314 , 3e+21 , 3.09564 , -5.4542 , 2.1777 , 0.0264862 , 0.0261352 , 0.0266286
8e-07 , 118.894 , 0.0396314 , 3e+21 , 3.09564 , -5.4542 , 2.1777 , 0.0264862 , 0.0261352 , 0.0266286
8.5e-07 , 118.894 , 0.0396314 , 3e+21 , 3.09564 , -5.4542 , 2.1777 , 0.0264862 , 0.0261352 , 0.0266286
9e-07 , 118.894 , 0.0396314 , 3e+21 , 3.09564 , -5.4542 , 2.1777 , 0.0264862 , 0.0261352 , 0.0266286
9.5e-07 , 118.894 , 0.0396314 , 3e+21 , 3.09564 , -5.4542 , 2.1777 , 0.0264862 , 0.0261352 , 0.0266286
1e-06 , 118.894 , 0.0396314 , 3e+21 , 3.09564 , -5.4542 , 2.1777 , 0.0264862 , 0.0261352 , 0.0266286
1.05e-06 , 118.894 , 0.0396314 , 3e+21 , 3.09564 , -5.4542 , 2.1777 , 0.0264862 , 0.0261352 , 0.0266286
1.1e-06 , 118.894 , 0.0396314 , 3e+21 , 3.09564 , -5.4542 , 2.1777 , 0.0264862 , 0.0261352 , 0.0266286
1.15e-06 , 118.894 , 0.0396314 , 3e+21 , 3.09564 , -5.4542 , 2.1777 , 0.0264862 , 0.0261352 , 0.0266286
1.2e-06 , 118.894 , 0.0396314 , 3e+21 , 3.09564 , -5.4542 , 2.1777 , 0.0264862 , 0.0261352 , 0.0266286
1.25e-06 , 118.894 , 0.0396314 , 3e+21 , 3.09564 , -5.4542 , 2.1777 , 0.0264862 , 0.0261352 , 0.0266286
1.3e-06 , 118.894 , 0.0396314 , 3e+21 , 3.09564 , -5.4542 , 2.1777 , 0.0264862 , 0.0261352 , 0.0266286
1.35e-06 , 118.894 , 0.0396314 , 3e+21 , 3.09564 , -5.4542 , 2.1777 , 0.0264862 , 0.0261352 , 0.0266286
1.4e-06 , 118.894 , 0.0396314 , 3e+21 , 3.09564 , -5.4542 , 2.1777 , 0.0264862 , 0.0261352 , 0.0266286
1.45e-06 , 118.894 , 0.0396314 , 3e+21 , 3.09564 , -5.4542 , 2.1777 , 0.0264862 , 0.0261352 , 0.0266286
1.5e-06 , 118.894 , 0.0396314 , 3e+21 , 3.09564 , -5.4542 , 2.1777 , 0.0264862 , 0.0261352 , 0.0266286
1.55e-06 , 118.894 , 0.0396314 , 3e+21 , 3.09564 , -5.4542 , 2.1777 , 0.0264862 , 0.0261352 , 0.0266286
1.6e-06 , 118.894 , 0.0396314 , 3e+21 , 3.09564 , -5.4542 , 2.1777 , 0.0264862 , 0.0261352 , 0.0266286
1.65e-06 , 118.894 , 0.0396314 , 3e+21 , 3.09564 , -5.4542 , 2.1777 , 0.0264862 , 0.0261352 , 0.0266286
1.7e-06 , 118.894 , 0.0396314 , 3e+21 , 3.09564 , -5.4542 , 2.1777 , 0.0264862 , 0.0261352 , 0.0266286
1.75e-06 , 118.894 , 0.0396314 , 3e+21 , 3.09564 , -5.4542 , 2.1777 , 0.0264862 , 0.0261352 , 0.0266286
1.8e-06 , 118.894 , 0.0396314 , 3e+21 , 3.09564 , -5.4542 , 2.1777 , 0.0264862 , 0.0261352 , 0.0266286
1.85e-06 , 118.894 , 0.0396314 , 3e+21 , 3.09564 , -5.4542 , 2.1777 , 0.0264862 , 0.0261352 , 0.0266286
1.9e-06 , 118.894 , 0.0396314 , 3e+21 , 3.09564 , -5.4542 , 2.1777 , 0.0264862 , 0.0261352 , 0.0266286
1.95e-06 , 118.894 , 0.0396314 , 3e+21 , 3.09564 , -5.4542 , 2.1777 , 0.0264862 , 0.0261352 , 0.0266286
2e-06 , 118.894 , 0.0396314 , 3e+21 , 3.09564 , -5.4542 , 2.1777 , 0.0264862 , 0.0261352 , 0.0266286
2.05e-06 , 118.894 , 0.0396314 , 3e+21 , 3.09564 , -5.4542 , 2.1777 , 0.0264862 , 0.0261352 , 0.0266286
2.1e-06 , 118.894 , 0.0396314 , 3e+21 , 3.09564 , -5.4542 , 2.1777 , 0.0264862 , 0.0261352 , 0.0266286
2.15e-06 , 118.894 , 0.0396314 , 3e+21 , 3.09564 , -5.4542 , 2.1777 , 0.0264862 , 0.0261352 , 0.0266286
2.2e-06 , 118.894 , 0.0396314 , 3e+21 , 3.09564 , -5.4542 , 2.1777 , 0.0264862 , 0.0261352 , 0.0266286
2.25e-06 , 118.894 , 0.0396314 , 3e+21 , 3.09564 , -5.4542 , 2.1777 , 0.0264862 , 0.0261352 , 0.0266286
2.3e-06 , 118.894 , 0.0396314 , 3e+21 , 3.09564 , -5.4542 , 2.1777 , 0.0264862 , 0.0261352 , 0.0266286
2.35e-06 , 118.894 , 0.0396314 , 3e+21 , 3.09564 , -5.4542 , 2.1777 , 0.0264862 , 0.0261352 , 0.0266286
2.4e-06 , 118.894 , 0.0396314 , 3e+21 , 3.09564 , -5.4542 , 2.1777 , 0.0264862 , 0.0261352 , 0.0266286
2.45e-06 , 118.894 , 0.0396314 , 3e+21 , 3.09564 , -5.4542 , 2.1777 , 0.0264862 , 0.0261352 , 0.0266286
2.5e-06 , 118.894 , 0.0396314 , 3e+21 , 3.09564 , -5.4542 , 2.1777 , 0.0264862 , 0.0261352 , 0.0266286
2.55e-06 , 118.894 , 0.0396314 , 3e+21 , 3.09564 , -5.4542 , 2.1777 , 0.0264862 , 0.0261352 , 0.0266286
2.6e-06 , 118.894 , 0.0396314 , 3e+21 , 3.09564 , -5.4542 , 2.1777 , 0.0264862 , 0.0261352 , 0.0266286
2.65e-06 , 118.894 , 0.0396314 , 3e+21 , 3.09564 , -5.4542 , 2.1777 , 0.0264862 , 0.0261352 , 0.0266286
2.7e-06 , 118.894 , 0.0396314 , 3e+21 , 3.09564 , -5.4542 , 2.1777 , 0.0264862 , 0.0261352 , 0.0266286
2.75e-06 , 118.894 , 0.0396314 , 3e+21 , 3.09564 , -5.4542 , 2.1777 , 0.0264862 , 0.0261352 , 0.0266286
2.8e-06 , 118.894 , 0.0396314 , 3e+21 , 3.09564 , -5.4542 , 2.1777 , 0.0264862 , 0.0261352 , 0.0266286
2.85e-06 , 118.894 , 0.0396314 , 3e+21 , 3.09564 , -5.4542 , 2.1777 , 0.0264862 , 0.0261352 , 0.0266286
2.9e-06 , 118.894 , 0.0396314 , 3e+21 , 3.09564 , -5.4542 , 2.1777 , 0.0264862 , 0.0261352 , 0.0266286
2.95e-06 , 118.894 , 0.0396314 , 3e+21 , 3.09564 , -5.4542 , 2.1777 , 0.0264862 , 0.0261352 , 0.0266286
3e-06 , 118.894 , 0.0396314 , 3e+21 , 3.09564 , -5.4542 , 2.1777 , 0.0264862 , 0.0261352 , 0.0266286
3.05e-06 , 118.894 , 0.0396314 , 3e+21 , 3.09564 , -5.4542 , 2.1777 , 0.0264862 , 0.0261352 , 0.0266286
3.1e-06 , 118.894 , 0.0396314 , 3e+21 , 3.09564 , -5.4542 , 2.1777 , 0.0264862 , 0.0261352 , 0.0266286
3.15e-06 , 118.894 , 0.0396314 , 3e+21 , 3.09564 , -5.4542 , 2.1777 , 0.0264862 , 0.0261352 , 0.0266286
3.2e-06 , 118.894 , 0.0396314 , 3e+21 , 3.09564 , -5.4542 , 2.1777 , 0.0264862 , 0.0261352 , 0.0266286
3.25e-06 , 118.894 , 0.0396314 , 3e+21 , 3.09564 , -5.4542 , 2.1777 , 0.0264862 , 0.0261352 , 0.0266286
3.3e-06 , 118.894 , 0.0396314 , 3e+21 , 3.09564 , -5.4542 , 2.1777 , 0.0264862 , 0.0261352 , 0.0266286
3.35e-06 , 118.894 , 0.0396314 , 3e+21 , 3.09564 , -5.4542 , 2.1777 , 0.0264862 , 0.0261352 , 0.0266286
3.4e-06 , 118.894 , 0.0396314 , 3e+21 , 3.09564 , -5.4542 , 2.1777 , 0.0264862 , 0.0261352 , 0.0266286
3.45e-06 , 118.894 , 0.0396314 , 3e+21 , 3.09564 , -5.4542 , 2.1777 , 0.0264862 , 0.0261352 , 0.0266286
3.5e-06 , 118.894 , 0.0396314 , 3e+21 , 3.09564 , -5.4542 , 2.1777 , 0.0264862 , 0.0261352 , 0.0266286
3.55e-06 , 118.894 , 0.0396314 , 3e+21 , 3.09564 , -5.4542 , 2.1777 , 0.0264862 , 0.0261352 , 0.0266286
3.6e-06 , 118.894 , 0.0396314 , 3e+21 , 3.09564 , -5.4542 , 2.1777 , 0.0264862 , 0.0261352 , 0.0266286
3.65e-06 , 118.894 , 0.0396314 , 3e+21 , 3.09564 , -5.4542 , 2.1777 , 0.0264862 , 0.0261352 , 0.0266286
3.7e-06 , 118.894 , 0.0396314 , 3e+21 , 3.09564 , -5.4542 , 2.1777 , 0.0264862 , 0.0261352 , 0.0266286
3.75e-06 , 118.894 , 0.0396314 , 3e+21 , 3.09564 , -5.4542 , 2.1777 , 0.0264862 , 0.0261352 , 0.0266286
3.8e-06 , 118.894 , 0.0396314 , 3e+21 , 3.09564 , -5.4542 , 2.1777 , 0.0264862 , 0.0261352 , 0.0266286
3.85e-06 , 118.894 , 0.0396314 , 3e+21 , 3.09564 , -5.4542 , 2.1777 , 0.0264862 , 0.0261352 , 0.0266286
3.9e-06 , 118.894 , 0.0396314 , 3e+21 , 3.09564 , -5.4542 , 2.1777 , 0.0264862 , 0.0261352 , 0.0266286
3.95e-06 , 118.894 , 0.0396314 , 3e+21 , 3.09564 , -5.4542 , 2.1777 , 0.0264862 , 0.0261352 , 0.0266286
4e-06 , 118.894 , 0.0396314 , 3e+21 , 3.09564 , -5.4542 , 2.1777 , 0.0264862 , 0.0261352 , 0.0266286
4.05e-06 , 118.894 , 0.0396314 , 3e+21 , 3.09564 , -5.4542 , 2.1777 , 0.0264862 , 0.0261352 , 0.0266286
4.1e-06 , 118.894 , 0.0396314 , 3e+21 , 3.09564 , -5.4542 , 2.1777 , 0.0264862 , 0.0261352 , 0.0266286
4.15e-06 , 118.894 , 0.0396314 , 3e+21 , 3.09564 , -5.4542 , 2.1777 , 0.0264862 , 0.0261352 , 0.0266286
4.2e-06 , 118.894 , 0.0396314 , 3e+21 , 3.09564 , -5.4542 , 2.1777 , 0.0264862 , 0.0261352 , 0.0266286
4.25e-06 , 118.894 , 0.0396314 , 3e+21 , 3.09564 , -5.4542 , 2.1777 , 0.0264862 , 0.0261352 , 0.0266286
4.3e-06 , 118.894 , 0.0396314 , 3e+21 , 3.09564 , -5.4542 , 2.1777 , 0.0264862 , 0.0261352 , 0.0266286
4.35e-06 , 118.894 , 0.0396314 , 3e+21 , 3.09564 , -5.4542 , 2.1777 , 0.0264862 , 0.0261352 , 0.0266286
4.4e-06 , 118.894 , 0.0396314 , 3e+21 , 3.09564 , -5.4542 , 2.1777 , 0.0264862 , 0.0261352 , 0.0266286
4.45e-06 , 118.894 , 0.0396314 , 3e+21 , 3.09564 , -5.4542 , 2.1777 , 0.0264862 , 0.0261352 , 0.0266286
4.5e-06 , 118.894 , 0.0396314 , 3e+21 , 3.09564 , -5.4542 , 2.1777 , 0.0264862 , 0.0261352 , 0.0266286
4.55e-06 , 118.894 , 0.0396314 , 3e+21 , 3.09564 , -5.4542 , 2.1777 , 0.0264862 , 0.0261352 , 0.0266286
4.6e-06 , 118.894 , 0.0396314 , 3e+21 , 3.09564 , -5.4542 , 2.1777 , 0.0264862 , 0.0261352 , 0.0266286
4.65e-06 , 118.894 , 0.0396314 , 3e+21 , 3.09564 , -5.4542 , 2.1777 , 0.0264862 , 0.0261352 , 0.0266286
4.7e-06 , 118.894 , 0.0396314 , 3e+21 , 3.09564 , -5.4542 , 2.1777 , 0.0264862 , 0.0261352 , 0.0266286
4.75e-06 , 118.894 , 0.0396314 , 3e+21 , 3.09564 , -5.4542 , 2.1777 , 0.0264862 , 0.0261352 , 0.0266286
4.8e-06 , 118.894 , 0.0396314 , 3e+21 , 3.09564 , -5.4542 , 2.1777 , 0.0264862 , 0.0261352 , 0.0266286
4.85e-06 , 118.894 , 0.0396314 , 3e+21 , 3.09564 , -5.4542 , 2.1777 , 0.0264862 , 0.0261352 , 0.0266286
4.9e-06 , 118.894 , 0.0396314 , 3e+21 , 3.09564 , -5.4542 , 2.1777 , 0.0264862 , 0.0261352 , 0.0266286
4.95e-06 , 118.894 , 0.0396314 , 3e+21 , 3.09564 , -5.4542 , 2.1777 , 0.0264862 , 0.0261352 , 0.0266286
5e-06 , 118.894 , 0.0396314 , 3e+21 , 3.09564 , -5.4542 , 2.1777 , 0.0264862 , 0.0261352 , 0.0266286
5.05e-06 , 118.894 , 0.0396314 , 3e+21 , 3.09564 , -5.4542 , 2.1777 , 0.0264862 , 0.0261352 , 0.0266286
5.1e-06 , 118.894 , 0.0396314 , 3e+21 , 3.09564 , -5.4542 , 2.1777 , 0.0264862 , 0.0261352 , 0.0266286
5.15e-06 , 118.894 , 0.0396314 , 3e+21 , 3.09564 , -5.4542 , 2.1777 , 0.0264862 , 0.0261352 , 0.0266286
5.2e-06 , 118.894 , 0.0396314 , 3e+21 , 3.09564 , -5.4542 , 2.1777 , 0.0264862 , 0.0261352 , 0.0266286
5.25e-06 , 118.894 , 0.0396314 , 3e+21 , 3.09564 , -5.4542 , 2.1777 , 0.0264862 , 0.0261352 , 0.0266286
5.3e-06 , 118.894 , 0.0396314 , 3e+21 , 3.09564 , -5.4542 , 2.1777 , 0.0264862 , 0.0261352 , 0.0266286
5.35e-06 , 118.894 , 0.0396314 , 3e+21 , 3.09564 , -5.4542 , 2.1777 , 0.0264862 , 0.0261352 , 0.0266286
5.4e-06 , 118.894 , 0.0396314 , 3e+21 , 3.09564 , -5.4542 , 2.1777 , 0.0264862 , 0.0261352 , 0.0266286
5.45e-06 , 118.894 , 0.0396314 , 3e+21 , 3.09564 , -5.4542 , 2.1777 , 0.0264862 , 0.0261352 , 0.0266286
5.5e-06 , 118.894 , 0.0396314 , 3e+21 , 3.09564 , -5.4542 , 2.1777 , 0.0264862 , 0.0261352 , 0.0266286
5.55e-06 , 118.894 , 0.0396314 , 3e+21 , 3.09564 , -5.4542 , 2.1777 , 0.0264862 , 0.0261352 , 0.0266286
5.6e-06 , 118.894 , 0.0396314 , 3e+21 , 3.09564 , -5.4542 , 2.1777 , 0.0264862 , 0.0261352 , 0.0266286
5.65e-06 , 118.894 , 0.0396314 , 3e+21 , 3.09564 , -5.4542 , 2.1777 , 0.0264862 , 0.0261352 , 0.0266286
5.7e-06 , 118.894 , 0.0396314 , 3e+21 , 3.09564 , -5.4542 , 2.1777 , 0.0264862 , 0.0261352 , 0.0266286
5.75e-06 , 118.894 , 0.0396314 , 3e+21 , 3.09564 , -5.4542 , 2.1777 , 0.0264862 , 0.0261352 , 0.0266286
5.8e-06 , 118.894 , 0.0396314 , 3e+21 , 3.09564 , -5.4542 , 2.1777 , 0.0264862 , 0.0261352 , 0.0266286
5.85e-06 , 118.894 , 0.0396314 , 3e+21 , 3.09564 , -5.4542 , 2.1777 , 0.0264862 , 0.0261352 , 0.0266286
5.9e-06 , 118.894 , 0.0396314 , 3e+21 , 3.09564 , -5.4542 , 2.1777 , 0.0264862 , 0.0261352 , 0.0266286
5.95e-06 , 118.894 , 0.0396314 , 3e+21 , 3.09564 , -5.4542 , 2.1777 , 0.0264862 , 0.0261352 , 0.0266286
6e-06 , 118.894 , 0.0396314 , 3e+21 , 3.09564 , -5.4542 , 2.1777 , 0.0264862 , 0.0261352 , 0.0266286
6.05e-06 , 118.894 , 0.0396314 , 3e+21 , 3.09564 , -5.4542 , 2.1777 , 0.0264862 , 0.0261352 , 0.0266286
6.1e-06 , 118.894 , 0.0396314 , 3e+21 , 3.09564 , -5.4542 , 2.1777 , 0.0264862 , 0.0261352 , 0.0266286
6.15e-06 , 118.894 , 0.0396314 , 3e+21 , 3.09564 , -5.4542 , 2.1777 , 0.0264862 , 0.0261352 , 0.0266286
6.2e-06 , 118.894 , 0.0396314 , 3e+21 , 3.09564 , -5.4542 , 2.1777 , 0.0264862 , 0.0261352 , 0.0266286
6.25e-06 , 118.894 , 0.0396314 , 3e+21 , 3.09564 , -5.4542 , 2.1777 , 0.0264862 , 0.0261352 , 0.0266286
6.3e-06 , 118.894 , 0.0396314 , 3e+21 , 3.09564 , -5.4542 , 2.1777 , 0.0264862 , 0.0261352 , 0.0266286
6.35e-06 , 118.894 , 0.0396314 , 3e+21 , 3.09564 , -5.4542 , 2.1777 , 0.0264862 , 0.0261352 , 0.0266286
6.4e-06 , 118.894 , 0.0396314 , 3e+21 , 3.09564 , -5.4542 , 2.1777 , 0.0264862 , 0.0261352 , 0.0266286
6.45e-06 , 118.894 , 0.0396314 , 3e+21 , 3.09564 , -5.4542 , 2.1777 , 0.0264862 , 0.0261352 , 0.0266286
6.5e-06 , 118.894 , 0.0396314 , 3e+21 , 3.09564 , -5.4542 , 2.1777 , 0.0264862 , 0.0261352 , 0.0266286
6.55e-06 , 118.894 , 0.0396314 , 3e+21 , 3.09564 , -5.4542 , 2.1777 , 0.0264862 , 0.0261352 , 0.0266286
6.6e-06 , 118.894 , 0.0396314 , 3e+21 , 3.09564 , -5.4542 , 2.1777 , 0.0264862 , 0.0261352 , 0.0266286
6.65e-06 , 118.894 , 0.0396314 , 3e+21 , 3.09564 , -5.4542 , 2.1777 , 0.0264862 , 0.0261352 , 0.0266286
6.7e-06 , 118.894 , 0.0396314 , 3e+21 , 3.09564 , -5.4542 , 2.1777 , 0.0264862 , 0.0261352 , 0.0266286
6.75e-06 , 118.894 , 0.0396314 , 3e+21 , 3.09564 , -5.4542 , 2.1777 , 0.0264862 , 0.0261352 , 0.0266286
6.8e-06 , 118.894 , 0.0396314 , 3e+21 , 3.09564 , -5.4542 , 2.1777 , 0.0264862 , 0.0261352 , 0.0266286
6.85e-06 , 118.894 , 0.0396314 , 3e+21 , 3.09564 , -5.4542 , 2.1777 , 0.0264862 , 0.0261352 , 0.0266286
6.9e-06 , 118.894 , 0.0396314 , 3e+21 , 3.09564 , -5.4542 , 2.1777 , 0.0264862 , 0.0261352 , 0.0266286
6.95e-06 , 118.894 , 0.0396314 , 3e+21 , 3.09564 , -5.4542 , 2.1777 , 0.0264862 , 0.0261352 , 0.0266286
7e-06 , 118.894 , 0.0396314 , 3e+21 , 3.09564 , -5.4542 , 2.1777 , 0.0264862 , 0.0261352 , 0.0266286
7.05e-06 , 118.894 , 0.0396314 , 3e+21 , 3.09564 , -5.4542 , 2.1777 , 0.0264862 , 0.0261352 , 0.0266286
7.1e-06 , 118.894 , 0.0396314 , 3e+21 , 3.09564 , -5.4542 , 2.1777 , 0.0264862 , 0.0261352 , 0.0266286
7.15e-06 , 118.894 , 0.0396314 , 3e+21 , 3.09564 , -5.4542 , 2.1777 , 0.0264862 , 0.0261352 , 0.0266286
7.2e-06 , 118.894 , 0.0396314 , 3e+21 , 3.09564 , -5.4542 , 2.1777 , 0.0264862 , 0.0261352 , 0.0266286
7.25e-06 , 118.894 , 0.0396314 , 3e+21 , 3.09564 , -5.4542 , 2.1777 , 0.0264862 , 0.0261352 , 0.0266286
7.3e-06 , 118.894 , 0.0396314 , 3e+21 , 3.09564 , -5.4542 , 2.1777 , 0.0264862 , 0.0261352 , 0.0266286
7.35e-06 , 118.894 , 0.0396314 , 3e+21 , 3.09564 , -5.4542 , 2.1777 , 0.0264862 , 0.0261352 , 0.0266286
7.4e-06 , 118.894 , 0.0396314 , 3e+21 , 3.09564 , -5.4542 , 2.1777 , 0.0264862 , 0.0261352 , 0.0266286
7.45e-06 , 118.894 , 0.0396314 , 3e+21 , 3.09564 , -5.4542 , 2.1777 , 0.0264862 , 0.0261352 , 0.0266286
7.5e-06 , 118.894 , 0.0396314 , 3e+21 , 3.09564 , -5.4542 , 2.1777 , 0.0264862 , 0.0261352 , 0.0266286
7.55e-06 , 118.894 , 0.0396314 , 3e+21 , 3.09564 , -5.4542 , 2.1777 , 0.0264862 , 0.0261352 , 0.0266286
7.6e-06 , 118.894 , 0.0396314 , 3e+21 , 3.09564 , -5.4542 , 2.1777 , 0.0264862 , 0.0261352 , 0.0266286
7.65e-06 , 118.894 , 0.0396314 , 3e+21 , 3.09564 , -5.4542 , 2.1777 , 0.0264862 , 0.0261352 , 0.0266286
7.7e-06 , 118.894 , 0.0396314 , 3e+21 , 3.09564 , -5.4542 , 2.1777 , 0.0264862 , 0.0261352 , 0.0266286
7.75e-06 , 118.894 , 0.0396314 , 3e+21 , 3.09564 , -5.4542 , 2.1777 , 0.0264862 , 0.0261352 , 0.0266286
7.8e-06 , 118.894 , 0.0396314 , 3e+21 , 3.09564 , -5.4542 , 2.1777 , 0.0264862 , 0.0261352 , 0.0266286
7.85e-06 , 118.894 , 0.0396314 , 3e+21 , 3.09564 , -5.4542 , 2.1777 , 0.0264862 , 0.0261352 , 0.0266286
7.9e-06 , 118.894 , 0.0396314 , 3e+21 , 3.09564 , -5.4542 , 2.1777 , 0.0264862 , 0.0261352 , 0.0266286
7.95e-06 , 118.894 , 0.0396314 , 3e+21 , 3.09564 , -5.4542 , 2.1777 , 0.0264862 , 0.0261352 , 0.0266286
8e-06 , 118.894 , 0.0396314 , 3e+21 , 3.09564 , -5.4542 , 2.1777 , 0.0264862 , 0.0261352 , 0.0266286
8.05e-06 , 118.894 , 0.0396314 , 3e+21 , 3.09564 , -5.4542 , 2.1777 , 0.0264862 , 0.0261352 , 0.0266286
8.1e-06 , 118.894 , 0.0396314 , 3e+21 , 3.09564 , -5.4542 , 2.1777 , 0.0264862 , 0.0261352 , 0.0266286
8.15e-06 , 118.894 , 0.0396314 , 3e+21 , 3.09564 , -5.4542 , 2.1777 , 0.0264862 , 0.0261352 , 0.0266286
8.2e-06 , 118.894 , 0.0396314 , 3e+21 , 3.09564 , -5.4542 , 2.1777 , 0.0264862 , 0.0261352 , 0.0266286
8.25e-06 , 118.894 , 0.0396314 , 3e+21 , 3.09564 , -5.4542 , 2.1777 , 0.0264862 , 0.0261352 , 0.0266286
8.3e-06 , 118.894 , 0.0396314 , 3e+21 , 3.09564 , -5.4542 , 2.1777 , 0.0264862 , 0.0261352 , 0.0266286
8.35e-06 , 118.894 , 0.0396314 , 3e+21 , 3.09564 , -5.4542 , 2.1777 , 0.0264862 , 0.0261352 , 0.0266286
8.4e-06 , 118.894 , 0.0396314 , 3e+21 , 3.09564 , -5.4542 , 2.1777 , 0.0264862 , 0.0261352 , 0.0266286
8.45e-06 , 118.894 , 0.0396314 , 3e+21 , 3.09564 , -5.4542 , 2.1777 , 0.0264862 , 0.0261352 , 0.0266286
8.5e-06 , 118.894 , 0.0396314 , 3e+21 , 3.09564 , -5.4542 , 2.1777 , 0.0264862 , 0.0261352 , 0.0266286
8.55e-06 , 118.894 , 0.0396314 , 3e+21 , 3.09564 , -5.4542 , 2.1777 , 0.0264862 , 0.0261352 , 0.0266286
8.6e-06 , 118.894 , 0.0396314 , 3e+21 , 3.09564 , -5.4542 , 2.1777 , 0.0264862 , 0.0261352 , 0.0266286
8.65e-06 , 118.894 , 0.0396314 , 3e+21 , 3.09564 , -5.4542 , 2.1777 , 0.0264862 , 0.0261352 , 0.0266286
8.7e-06 , 118.894 , 0.0396314 , 3e+21 , 3.09564 , -5.4542 , 2.1777 , 0.0264862 , 0.0261352 , 0.0266286
8.75e-06 , 118.894 , 0.0396314 , 3e+21 , 3.09564 , -5.4542 , 2.1777 , 0.0264862 , 0.0261352 , 0.0266286
8.8e-06 , 118.894 , 0.0396314 , 3e+21 , 3.09564 , -5.4542 , 2.1777 , 0.0264862 , 0.0261352 , 0.0266286
8.85e-06 , 118.894 , 0.0396314 , 3e+21 , 3.09564 , -5.4542 , 2.1777 , 0.0264862 , 0.0261352 , 0.0266286
8.9e-06 , 118.894 , 0.0396314 , 3e+21 , 3.09564 , -5.4542 , 2.1777 , 0.0264862 , 0.0261352 , 0.0266286
8.95e-06 , 118.894 , 0.0396314 , 3e+21 , 3.09564 , -5.4542 , 2.1777 , 0.0264862 , 0.0261352 , 0.0266286
9e-06 , 118.894 , 0.0396314 , 3e+21 , 3.09564 , -5.4542 , 2.1777 , 0.0264862 , 0.0261352 , 0.0266286
9.05e-06 , 118.894 , 0.0396314 , 3e+21 , 3.09564 , -5.4542 , 2.1777 , 0.0264862 , 0.0261352 , 0.0266286
9.1e-06 , 118.894 , 0.0396314 , 3e+21 , 3.09564 , -5.4542 , 2.1777 , 0.0264862 , 0.0261352 , 0.0266286
9.15e-06 , 118.894 , 0.0396314 , 3e+21 , 3.09564 , -5.4542 , 2.1777 , 0.0264862 , 0.0261352 , 0.0266286
9.2e-06 , 118.894 , 0.0396314 , 3e+21 , 3.09564 , -5.4542 , 2.1777 , 0.0264862 , 0.0261352 , 0.0266286
9.25e-06 , 118.894 , 0.0396314 , 3e+21 , 3.09564 , -5.4542 , 2.1777 , 0.0264862 , 0.0261352 , 0.0266286
9.3e-06 , 118.894 , 0.0396314 , 3e+21 , 3.09564 , -5.4542 , 2.1777 , 0.0264862 , 0.0261352 , 0.0266286
9.35e-06 , 118.894 , 0.0396314 , 3e+21 , 3.09564 , -5.4542 , 2.1777 , 0.0264862 , 0.0261352 , 0.0266286
9.4e-06 , 118.894 , 0.0396314 , 3e+21 , 3.09564 , -5.4542 , 2.1777 , 0.0264862 , 0.0261352 , 0.0266286
9.45e-06 , 118.894 , 0.0396314 , 3e+21 , 3.09564 , -5.4542 , 2.1777 , 0.0264862 , 0.0261352 , 0.0266286
9.5e-06 , 118.894 , 0.0396314 , 3e+21 , 3.09564 , -5.4542 , 2.1777 , 0.0264862 , 0.0261352 , 0.0266286
9.55e-06 , 118.894 , 0.0396314 , 3e+21 , 3.09564 , -5.4542 , 2.1777 , 0.0264862 , 0.0261352 , 0.0266286
9.6e-06 , 118.894 , 0.0396314 , 3e+21 , 3.09564 , -5.4542 , 2.1777 , 0.0264862 , 0.0261352 , 0.0266286
9.65e-06 , 118.894 , 0.0396314 , 3e+21 , 3.09564 , -5.4542 , 2.1777 , 0.0264862 , 0.0261352 , 0.0266286
9.7e-06 , 118.894 , 0.0396314 , 3e+21 , 3.09564 , -5.4542 , 2.1777 , 0.0264862 , 0.0261352 , 0.0266286
9.75e-06 , 118.894 , 0.0396314 , 3e+21 , 3.09564 , -5.4542 , 2.1777 , 0.0264862 , 0.0261352 , 0.0266286
9.8e-06 , 118.894 , 0.0396314 , 3e+21 , 3.09564 , -5.4542 , 2.1777 , 0.0264862 , 0.0261352 , 0.0266286
9.85e-06 , 118.894 , 0.0396314 , 3e+21 , 3.09564 , -5.4542 , 2.1777 , 0.0264862 , 0.0261352 , 0.0266286
9.9e-06 , 118.894 , 0.0396314 , 3e+21 , 3.09564 , -5.4542 , 2.1777 , 0.0264862 , 0.0261352 , 0.0266286
9.95e-06 , 118.894 , 0.0396314 , 3e+21 , 3.09564 , -5.4542 , 2.1777 , 0.0264862 , 0.0261352 , 0.0266286
1e-05 , 118.894 , 0.0396314 , 3e+21 , 3.09564 , -5.4542 , 2.1777 , 0.0264862 , 0.0261352 , 0.0266286
1.005e-05 , 118.894 , 0.0396314 , 3e+21 , 3.09564 , -5.4542 , 2.1777 , 0.0264862 , 0.0261352 , 0.0266286
1.01e-05 , 118.894 , 0.0396314 , 3e+21 , 3.09564 , -5.4542 , 2.1777 , 0.0264862 , 0.0261352 , 0.0266286
1.015e-05 , 118.894 , 0.0396314 , 3e+21 , 3.09564 , -5.4542 , 2.1777 , 0.0264862 , 0.0261352 , 0.0266286
1.02e-05 , 118.894 , 0.0396314 , 3e+21 , 3.09564 , -5.4542 , 2.1777 , 0.0264862 , 0.0261352 , 0.0266286
1.025e-05 , 118.894 , 0.0396314 , 3e+21 , 3.09564 , -5.4542 , 2.1777 , 0.0264862 , 0.0261352 , 0.0266286
1.03e-05 , 118.894 , 0.0396314 , 3e+21 , 3.09564 , -5.4542 , 2.1777 , 0.0264862 , 0.0261352 , 0.0266286
1.035e-05 , 118.894 , 0.0396314 , 3e+21 , 3.09564 , -5.4542 , 2.1777 , 0.0264862 , 0.0261352 , 0.0266286
1.04e-05 , 118.894 , 0.0396314 , 3e+21 , 3.09564 , -5.4542 , 2.1777 , 0.0264862 , 0.0261352 , 0.0266286
1.045e-05 , 118.894 , 0.0396314 , 3e+21 , 3.09564 , -5.4542 , 2.1777 , 0.0264862 , 0.0261352 , 0.0266286
1.05e-05 , 118.894 , 0.0396314 , 3e+21 , 3.09564 , -5.4542 , 2.1777 , 0.0264862 , 0.0261352 , 0.0266286
1.055e-05 , 118.894 , 0.0396314 , 3e+21 , 3.09564 , -5.4542 , 2.1777 , 0.0264862 , 0.0261352 , 0.0266286
1.06e-05 , 118.894 , 0.0396314 , 3e+21 , 3.09564 , -5.4542 , 2.1777 , 0.0264862 , 0.0261352 , 0.0266286
1.065e-05 , 118.894 , 0.0396314 , 3e+21 , 3.09564 , -5.4542 , 2.1777 , 0.0264862 , 0.0261352 , 0.0266286
1.07e-05 , 118.894 , 0.0396314 , 3e+21 , 3.09564 , -5.4542 , 2.1777 , 0.0264862 , 0.0261352 , 0.0266286
1.075e-05 , 118.894 , 0.0396314 , 3e+21 , 3.09564 , -5.4542 , 2.1777 , 0.0264862 , 0.0261352 , 0.0266286
1.08e-05 , 118.894 , 0.0396314 , 3e+21 , 3.09564 , -5.4542 , 2.1777 , 0.0264862 , 0.0261352 , 0.0266286
1.085e-05 , 118.894 , 0.0396314 , 3e+21 , 3.09564 , -5.4542 , 2.1777 , 0.0264862 , 0.0261352 , 0.0266286
1.09e-05 , 118.894 , 0.0396314 , 3e+21 , 3.09564 , -5.4542 , 2.1777 , 0.0264862 , 0.0261352 , 0.0266286
1.095e-05 , 118.894 , 0.0396314 , 3e+21 , 3.09564 , -5.4542 , 2.1777 , 0.0264862 , 0.0261352 , 0.0266286
1.1e-05 , 118.894 , 0.0396314 , 3e+21 , 3.09564 , -5.4542 , 2.1777 , 0.0264862 , 0.0261352 , 0.0266286
1.105e-05 , 118.894 , 0.0396314 , 3e+21 , 3.09564 , -5.4542 , 2.1777 , 0.0264862 , 0.0261352 , 0.0266286
1.11e-05 , 118.894 , 0.0396314 , 3e+21 , 3.09564 , -5.4542 , 2.1777 , 0.0264862 , 0.0261352 , 0.0266286
1.115e-05 , 118.894 , 0.0396314 , 3e+21 , 3.09564 , -5.4542 , 2.1777 , 0.0264862 , 0.0261352 , 0.0266286
1.12e-05 , 118.894 , 0.0396314 , 3e+21 , 3.09564 , -5.4542 , 2.1777 , 0.0264862 , 0.0261352 , 0.0266286
1.125e-05 , 118.894 , 0.0396314 , 3e+21 , 3.09564 , -5.4542 , 2.1777 , 0.0264862 , 0.0261352 , 0.0266286
1.13e-05 , 118.894 , 0.0396314 , 3e+21 , 3.09564 , -5.4542 , 2.1777 , 0.0264862 , 0.0261352 , 0.0266286
1.135e-05 , 118.894 , 0.0396314 , 3e+21 , 3.09564 , -5.4542 , 2.1777 , 0.0264862 , 0.0261352 , 0.0266286
1.14e-05 , 118.894 , 0.0396314 , 3e+21 , 3.09564 , -5.4542 , 2.1777 , 0.0264862 , 0.0261352 , 0.0266286
1.145e-05 , 118.894 , 0.0396314 , 3e+21 , 3.09564 , -5.4542 , 2.1777 , 0.0264862 , 0.0261352 , 0.0266286
1.15e-05 , 118.894 , 0.0396314 , 3e+21 , 3.09564 , -5.4542 , 2.1777 , 0.0264862 , 0.0261352 , 0.0266286
1.155e-05 , 118.894 , 0.0396314 , 3e+21 , 3.09564 , -5.4542 , 2.1777 , 0.0264862 , 0.0261352 , 0.0266286
1.16e-05 , 118.894 , 0.0396314 , 3e+21 , 3.09564 , -5.4542 , 2.1777 , 0.0264862 , 0.0261352 , 0.0266286
1.165e-05 , 118.894 , 0.0396314 , 3e+21 , 3.09564 , -5.4542 , 2.1777 , 0.0264862 , 0.0261352 , 0.0266286
1.17e-05 , 118.894 , 0.0396314 , 3e+21 , 3.09564 , -5.4542 , 2.1777 , 0.0264862 , 0.0261352 , 0.0266286
1.175e-05 , 118.894 , 0.0396314 , 3e+21 , 3.09564 , -5.4542 , 2.1777 , 0.0264862 , 0.0261352 , 0.0266286
1.18e-05 , 118.894 , 0.0396314 , 3e+21 , 3.09564 , -5.4542 , 2.1777 , 0.0264862 , 0.0261352 , 0.0266286
1.185e-05 , 118.894 , 0.0396314 , 3e+21 , 3.09564 , -5.4542 , 2.1777 , 0.0264862 , 0.0261352 , 0.0266286
1.19e-05 , 118.894 , 0.0396314 , 3e+21 , 3.09564 , -5.4542 , 2.1777 , 0.0264862 , 0.0261352 , 0.0266286
1.195e-05 , 118.894 , 0.0396314 , 3e+21 , 3.09564 , -5.4542 , 2.1777 , 0.0264862 , 0.0261352 , 0.0266286
1.2e-05 , 118.894 , 0.0396314 , 3e+21 , 3.09564 , -5.4542 , 2.1777 , 0.0264862 , 0.0261352 , 0.0266286
1.205e-05 , 118.894 , 0.0396314 , 3e+21 , 3.09564 , -5.4542 , 2.1777 , 0.0264862 , 0.0261352 , 0.0266286
1.21e-05 , 118.894 , 0.0396314 , 3e+21 , 3.09564 , -5.4542 , 2.1777 , 0.0264862 , 0.0261352 , 0.0266286
1.215e-05 , 118.894 , 0.0396314 , 3e+21 , 3.09564 , -5.4542 , 2.1777 , 0.0264862 , 0.0261352 , 0.0266286
1.22e-05 , 118.894 , 0.0396314 , 3e+21 , 3.09564 , -5.4542 , 2.1777 , 0.0264862 , 0.0261352 , 0.0266286
1.225e-05 , 118.894 , 0.0396314 , 3e+21 , 3.09564 , -5.4542 , 2.1777 , 0.0264862 , 0.0261352 , 0.0266286
1.23e-05 , 118.894 , 0.0396314 , 3e+21 , 3.09564 , -5.4542 , 2.1777 , 0.0264862 , 0.0261352 , 0.0266286
1.235e-05 , 118.894 , 0.0396314 , 3e+21 , 3.09564 , -5.4542 , 2.1777 , 0.0264862 , 0.0261352 , 0.0266286
1.24e-05 , 118.894 , 0.0396314 , 3e+21 , 3.09564 , -5.4542 , 2.1777 , 0.0264862 , 0.0261352 , 0.0266286
1.245e-05 , 118.894 , 0.0396314 , 3e+21 , 3.09564 , -5.4542 , 2.1777 , 0.0264862 , 0.0261352 , 0.0266286
1.25e-05 , 118.894 , 0.0396314 , 3e+21 , 3.09564 , -5.4542 , 2.1777 , 0.0264862 , 0.0261352 , 0.0266286
1.255e-05 , 118.894 , 0.0396314 , 3e+21 , 3.09564 , -5.4542 , 2.1777 , 0.0264862 , 0.0261352 , 0.0266286
1.26e-05 , 118.894 , 0.0396314 , 3e+21 , 3.09564 , -5.4542 , 2.1777 , 0.0264862 , 0.0261352 , 0.0266286
1.265e-05 , 118.894 , 0.0396314 , 3e+21 , 3.09564 , -5.4542 , 2.1777 , 0.0264862 , 0.0261352 , 0.0266286
1.27e-05 , 118.894 , 0.0396314 , 3e+21 , 3.09564 , -5.4542 , 2.1777 , 0.0264862 , 0.0261352 , 0.0266286
1.275e-05 , 118.894 , 0.0396314 , 3e+21 , 3.09564 , -5.4542 , 2.1777 , 0.0264862 , 0.0261352 , 0.0266286
1.28e-05 , 118.894 , 0.0396314 , 3e+21 , 3.09564 , -5.4542 , 2.1777 , 0.0264862 , 0.0261352 , 0.0266286
1.285e-05 , 118.894 , 0.0396314 , 3e+21 , 3.09564 , -5.4542 , 2.1777 , 0.0264862 , 0.0261352 , 0.0266286
1.29e-05 , 118.894 , 0.0396314 , 3e+21 , 3.09564 , -5.4542 , 2.1777 , 0.0264862 , 0.0261352 , 0.0266286
1.295e-05 , 118.894 , 0.0396314 , 3e+21 , 3.09564 , -5.4542 , 2.1777 , 0.0264862 , 0.0261352 , 0.0266286
1.3e-05 , 118.894 , 0.0396314 , 3e+21 , 3.09564 , -5.4542 , 2.1777 , 0.0264862 , 0.0261352 , 0.0266286
1.305e-05 , 118.894 , 0.0396314 , 3e+21 , 3.09564 , -5.4542 , 2.1777 , 0.0264862 , 0.0261352 , 0.0266286
1.31e-05 , 118.894 , 0.0396314 , 3e+21 , 3.09564 , -5.4542 , 2.1777 , 0.0264862 , 0.0261352 , 0.0266286
1.315e-05 , 118.894 , 0.0396314 , 3e+21 , 3.09564 , -5.4542 , 2.1777 , 0.0264862 , 0.0261352 , 0.0266286
1.32e-05 , 118.894 , 0.0396314 , 3e+21 , 3.09564 , -5.4542 , 2.1777 , 0.0264862 , 0.0261352 , 0.0266286
1.325e-05 , 118.894 , 0.0396314 , 3e+21 , 3.09564 , -5.4542 , 2.1777 , 0.0264862 , 0.0261352 , 0.0266286
1.33e-05 , 118.894 , 0.0396314 , 3e+21 , 3.09564 , -5.4542 , 2.1777 , 0.0264862 , 0.0261352 , 0.0266286
1.335e-05 , 118.894 , 0.0396314 , 3e+21 , 3.09564 , -5.4542 , 2.1777 , 0.0264862 , 0.0261352 , 0.0266286
1.34e-05 , 118.894 , 0.0396314 , 3e+21 , 3.09564 , -5.4542 , 2.1777 , 0.0264862 , 0.0261352 , 0.0266286
1.345e-05 , 118.894 , 0.0396314 , 3e+21 , 3.09564 , -5.4542 , 2.1777 , 0.0264862 , 0.0261352 , 0.0266286
1.35e-05 , 118.894 , 0.0396314 , 3e+21 , 3.09564 , -5.4542 , 2.1777 , 0.0264862 , 0.0261352 , 0.0266286
1.355e-05 , 118.894 , 0.0396314 , 3e+21 , 3.09564 , -5.4542 , 2.1777 , 0.0264862 , 0.0261352 , 0.0266286
1.36e-05 , 118.894 , 0.0396314 , 3e+21 , 3.09564 , -5.4542 , 2.1777 , 0.0264862 , 0.0261352 , 0.0266286
1.365e-05 , 118.894 , 0.0396314 , 3e+21 , 3.09564 , -5.4542 , 2.1777 , 0.0264862 , 0.0261352 , 0.0266286
1.37e-05 , 118.894 , 0.0396314 , 3e+21 , 3.09564 , -5.4542 , 2.1777 , 0.0264862 , 0.0261352 , 0.0266286
1.375e-05 , 118.894 , 0.0396314 , 3e+21 , 3.09564 , -5.4542 , 2.1777 , 0.0264862 , 0.0261352 , 0.0266286
1.38e-05 , 118.894 , 0.0396314 , 3e+21 , 3.09564 , -5.4542 , 2.1777 , 0.0264862 , 0.0261352 , 0.0266286
1.385e-05 , 118.894 , 0.0396314 , 3e+21 , 3.09564 , -5.4542 , 2.1777 , 0.0264862 , 0.0261352 , 0.0266286
1.39e-05 , 118.894 , 0.0396314 , 3e+21 , 3.09564 , -5.4542 , 2.1777 , 0.0264862 , 0.0261352 , 0.0266286
1.395e-05 , 118.894 , 0.0396314 , 3e+21 , 3.09564 , -5.4542 , 2.1777 , 0.0264862 , 0.0261352 , 0.0266286
1.4e-05 , 118.894 , 0.0396314 , 3e+21 , 3.09564 , -5.4542 , 2.1777 , 0.0264862 , 0.0261352 , 0.0266286
1.405e-05 , 118.894 , 0.0396314 , 3e+21 , 3.09564 , -5.4542 , 2.1777 , 0.0264862 , 0.0261352 , 0.0266286
1.41e-05 , 118.894 , 0.0396314 , 3e+21 , 3.09564 , -5.4542 , 2.1777 , 0.0264862 , 0.0261352 , 0.0266286
1.415e-05 , 118.894 , 0.0396314 , 3e+21 , 3.09564 , -5.4542 , 2.1777 , 0.0264862 , 0.0261352 , 0.0266286
1.42e-05 , 118.894 , 0.0396314 , 3e+21 , 3.09564 , -5.4542 , 2.1777 , 0.0264862 , 0.0261352 , 0.0266286
1.425e-05 , 118.894 , 0.0396314 , 3e+21 , 3.09564 , -5.4542 , 2.1777 , 0.0264862 , 0.0261352 , 0.0266286
1.43e-05 , 118.894 , 0.0396314 , 3e+21 , 3.09564 , -5.4542 , 2.1777 , 0.0264862 , 0.0261352 , 0.0266286
1.435e-05 , 118.894 , 0.0396314 , 3e+21 , 3.09564 , -5.4542 , 2.1777 , 0.0264862 , 0.0261352 , 0.0266286
1.44e-05 , 118.894 , 0.0396314 , 3e+21 , 3.09564 , -5.4542 , 2.1777 , 0.0264862 , 0.0261352 , 0.0266286
1.445e-05 , 118.894 , 0.0396314 , 3e+21 , 3.09564 , -5.4542 , 2.1777 , 0.0264862 , 0.0261352 , 0.0266286
1.45e-05 , 118.894 , 0.0396314 , 3e+21 , 3.09564 , -5.4542 , 2.1777 , 0.0264862 , 0.0261352 , 0.0266286
1.455e-05 , 118.894 , 0.0396314 , 3e+21 , 3.09564 , -5.4542 , 2.1777 , 0.0264862 , 0.0261352 , 0.0266286
1.46e-05 , 118.894 , 0.0396314 , 3e+21 , 3.09564 , -5.4542 , 2.1777 , 0.0264862 , 0.0261352 , 0.0266286
1.465e-05 , 118.894 , 0.0396314 , 3e+21 , 3.09564 , -5.4542 , 2.1777 , 0.0264862 , 0.0261352 , 0.0266286
1.47e-05 , 118.894 , 0.0396314 , 3e+21 , 3.09564 , -5.4542 , 2.1777 , 0.0264862 , 0.0261352 , 0.0266286
1.475e-05 , 118.894 , 0.0396314 , 3e+21 , 3.09564 , -5.4542 , 2.1777 , 0.0264862 , 0.0261352 , 0.0266286
1.48e-05 , 118.894 , 0.0396314 , 3e+21 , 3.09564 , -5.4542 , 2.1777 , 0.0264862 , 0.0261352 , 0.0266286
1.485e-05 , 118.894 , 0.0396314 , 3e+21 , 3.09564 , -5.4542 , 2.1777 , 0.0264862 , 0.0261352 , 0.0266286
1.49e-05 , 118.894 , 0.0396314 , 3e+21 , 3.09564 , -5.4542 , 2.1777 , 0.0264862 , 0.0261352 , 0.0266286
1.495e-05 , 118.894 , 0.0396314 , 3e+21 , 3.09564 , -5.4542 , 2.1777 , 0.0264862 , 0.0261352 , 0.0266286
1.5e-05 , 118.894 , 0.0396314 , 3e+21 , 3.09564 , -5.4542 , 2.1777 , 0.0264862 , 0.0261352 , 0.0266286
1.505e-05 , 118.894 , 0.0396314 , 3e+21 , 3.09564 , -5.4542 , 2.1777 , 0.0264862 , 0.0261352 , 0.0266286
1.51e-05 , 118.894 , 0.0396314 , 3e+21 , 3.09564 , -5.4542 , 2.1777 , 0.0264862 , 0.0261352 , 0.0266286
1.515e-05 , 118.894 , 0.0396314 , 3e+21 , 3.09564 , -5.4542 , 2.1777 , 0.0264862 , 0.0261352 , 0.0266286
1.52e-05 , 118.894 , 0.0396314 , 3e+21 , 3.09564 , -5.4542 , 2.1777 , 0.0264862 , 0.0261352 , 0.0266286
1.525e-05 , 118.894 , 0.0396314 , 3e+21 , 3.09564 , -5.4542 , 2.1777 , 0.0264862 , 0.0261352 , 0.0266286
1.53e-05 , 118.894 , 0.0396314 , 3e+21 , 3.09564 , -5.4542 , 2.1777 , 0.0264862 , 0.0261352 , 0.0266286
1.535e-05 , 118.894 , 0.0396314 , 3e+21 , 3.09564 , -5.4542 , 2.1777 , 0.0264862 , 0.0261352 , 0.0266286
1.54e-05 , 118.894 , 0.0396314 , 3e+21 , 3.09564 , -5.4542 , 2.1777 , 0.0264862 , 0.0261352 , 0.0266286
1.545e-05 , 118.894 , 0.0396314 , 3e+21 , 3.09564 , -5.4542 , 2.1777 , 0.0264862 , 0.0261352 , 0.0266286
1.55e-05 , 118.894 , 0.0396314 , 3e+21 , 3.09564 , -5.4542 , 2.1777 , 0.0264862 , 0.0261352 , 0.0266286
1.555e-05 , 118.894 , 0.0396314 , 3e+21 , 3.09564 , -5.4542 , 2.1777 , 0.0264862 , 0.0261352 , 0.0266286
1.56e-05 , 118.894 , 0.0396314 , 3e+21 , 3.09564 , -5.4542 , 2.1777 , 0.0264862 , 0.0261352 , 0.0266286
1.565e-05 , 118.894 , 0.0396314 , 3e+21 , 3.09564 , -5.4542 , 2.1777 , 0.0264862 , 0.0261352 , 0.0266286
1.57e-05 , 118.894 , 0.0396314 , 3e+21 , 3.09564 , -5.4542 , 2.1777 , 0.0264862 , 0.0261352 , 0.0266286
1.575e-05 , 118.894 , 0.0396314 , 3e+21 , 3.09564 , -5.4542 , 2.1777 , 0.0264862 , 0.0261352 , 0.0266286
1.58e-05 , 118.894 , 0.0396314 , 3e+21 , 3.09564 , -5.4542 , 2.1777 , 0.0264862 , 0.0261352 , 0.0266286
1.585e-05 , 118.894 , 0.0396314 , 3e+21 , 3.09564 , -5.4542 , 2.1777 , 0.0264862 , 0.0261352 , 0.0266286
1.59e-05 , 118.894 , 0.0396314 , 3e+21 , 3.09564 , -5.4542 , 2.1777 , 0.0264862 , 0.0261352 , 0.0266286
1.595e-05 , 118.894 , 0.0396314 , 3e+21 , 3.09564 , -5.4542 , 2.1777 , 0.0264862 , 0.0261352 , 0.0266286
1.6e-05 , 118.894 , 0.0396314 , 3e+21 , 3.09564 , -5.4542 , 2.1777 , 0.0264862 , 0.0261352 , 0.0266286
1.605e-05 , 118.894 , 0.0396314 , 3e+21 , 3.09564 , -5.4542 , 2.1777 , 0.0264862 , 0.0261352 , 0.0266286
1.61e-05 , 118.894 , 0.0396314 , 3e+21 , 3.09564 , -5.4542 , 2.1777 , 0.0264862 , 0.0261352 , 0.0266286
1.615e-05 , 118.894 , 0.0396314 , 3e+21 , 3.09564 , -5.4542 , 2.1777 , 0.0264862 , 0.0261352 , 0.0266286
1.62e-05 , 118.894 , 0.0396314 , 3e+21 , 3.09564 , -5.4542 , 2.1777 , 0.0264862 , 0.0261352 , 0.0266286
1.625e-05 , 118.894 , 0.0396314 , 3e+21 , 3.09564 , -5.4542 , 2.1777 , 0.0264862 , 0.0261352 , 0.0266286
1.63e-05 , 118.894 , 0.0396314 , 3e+21 , 3.09564 , -5.4542 , 2.1777 , 0.0264862 , 0.0261352 , 0.0266286
1.635e-05 , 118.894 , 0.0396314 , 3e+21 , 3.09564 , -5.4542 , 2.1777 , 0.0264862 , 0.0261352 , 0.0266286
1.64e-05 , 118.894 , 0.0396314 , 3e+21 , 3.09564 , -5.4542 , 2.1777 , 0.0264862 , 0.0261352 , 0.0266286
1.645e-05 , 118.894 , 0.0396314 , 3e+21 , 3.09564 , -5.4542 , 2.1777 , 0.0264862 , 0.0261352 , 0.0266286
1.65e-05 , 118.894 , 0.0396314 , 3e+21 , 3.09564 , -5.4542 , 2.1777 , 0.0264862 , 0.0261352 , 0.0266286
1.655e-05 , 118.894 , 0.0396314 , 3e+21 , 3.09564 , -5.4542 , 2.1777 , 0.0264862 , 0.0261352 , 0.0266286
1.66e-05 , 118.894 , 0.0396314 , 3e+21 , 3.09564 , -5.4542 , 2.1777 , 0.0264862 , 0.0261352 , 0.0266286
1.665e-05 , 118.894 , 0.0396314 , 3e+21 , 3.09564 , -5.4542 , 2.1777 , 0.0264862 , 0.0261352 , 0.0266286
1.67e-05 , 118.894 , 0.0396314 , 3e+21 , 3.09564 , -5.4542 , 2.1777 , 0.0264862 , 0.0261352 , 0.0266286
1.675e-05 , 118.894 , 0.0396314 , 3e+21 , 3.09564 , -5.4542 , 2.1777 , 0.0264862 , 0.0261352 , 0.0266286
1.68e-05 , 118.894 , 0.0396314 , 3e+21 , 3.09564 , -5.4542 , 2.1777 , 0.0264862 , 0.0261352 , 0.0266286
1.685e-05 , 118.894 , 0.0396314 , 3e+21 , 3.09564 , -5.4542 , 2.1777 , 0.0264862 , 0.0261352 , 0.0266286
1.69e-05 , 118.894 , 0.0396314 , 3e+21 , 3.09564 , -5.4542 , 2.1777 , 0.0264862 , 0.0261352 , 0.0266286
1.695e-05 , 118.894 , 0.0396314 , 3e+21 , 3.09564 , -5.4542 , 2.1777 , 0.0264862 , 0.0261352 , 0.0266286
1.7e-05 , 118.894 , 0.0396314 , 3e+21 , 3.09564 , -5.4542 , 2.1777 , 0.0264862 , 0.0261352 , 0.0266286
1.705e-05 , 118.894 , 0.0396314 , 3e+21 , 3.09564 , -5.4542 , 2.1777 , 0.0264862 , 0.0261352 , 0.0266286
1.71e-05 , 118.894 , 0.0396314 , 3e+21 , 3.09564 , -5.4542 , 2.1777 , 0.0264862 , 0.0261352 , 0.0266286
1.715e-05 , 118.894 , 0.0396314 , 3e+21 , 3.09564 , -5.4542 , 2.1777 , 0.0264862 , 0.0261352 , 0.0266286
1.72e-05 , 118.894 , 0.0396314 , 3e+21 , 3.09564 , -5.4542 , 2.1777 , 0.0264862 , 0.0261352 , 0.0266286
1.725e-05 , 118.894 , 0.0396314 , 3e+21 , 3.09564 , -5.4542 , 2.1777 , 0.0264862 , 0.0261352 , 0.0266286
1.73e-05 , 118.894 , 0.0396314 , 3e+21 , 3.09564 , -5.4542 , 2.1777 , 0.0264862 , 0.0261352 , 0.0266286
1.735e-05 , 118.894 , 0.0396314 , 3e+21 , 3.09564 , -5.4542 , 2.1777 , 0.0264862 , 0.0261352 , 0.0266286
1.74e-05 , 118.894 , 0.0396314 , 3e+21 , 3.09564 , -5.4542 , 2.1777 , 0.0264862 , 0.0261352 , 0.0266286
1.745e-05 , 118.894 , 0.0396314 , 3e+21 , 3.09564 , -5.4542 , 2.1777 , 0.0264862 , 0.0261352 , 0.0266286
1.75e-05 , 118.894 , 0.0396314 , 3e+21 , 3.09564 , -5.4542 , 2.1777 , 0.0264862 , 0.0261352 , 0.0266286
1.755e-05 , 118.894 , 0.0396314 , 3e+21 , 3.09564 , -5.4542 , 2.1777 , 0.0264862 , 0.0261352 , 0.0266286
1.76e-05 , 118.894 , 0.0396314 , 3e+21 , 3.09564 , -5.4542 , 2.1777 , 0.0264862 , 0.0261352 , 0.0266286
1.765e-05 , 118.894 , 0.0396314 , 3e+21 , 3.09564 , -5.4542 , 2.1777 , 0.0264862 , 0.0261352 , 0.0266286
1.77e-05 , 118.894 , 0.0396314 , 3e+21 , 3.09564 , -5.4542 , 2.1777 , 0.0264862 , 0.0261352 , 0.0266286
1.775e-05 , 118.894 , 0.0396314 , 3e+21 , 3.09564 , -5.4542 , 2.1777 , 0.0264862 , 0.0261352 , 0.0266286
1.78e-05 , 118.894 , 0.0396314 , 3e+21 , 3.09564 , -5.4542 , 2.1777 , 0.0264862 , 0.0261352 , 0.0266286
1.785e-05 , 118.894 , 0.0396314 , 3e+21 , 3.09564 , -5.4542 , 2.1777 , 0.0264862 , 0.0261352 , 0.0266286
1.79e-05 , 118.894 , 0.0396314 , 3e+21 , 3.09564 , -5.4542 , 2.1777 , 0.0264862 , 0.0261352 , 0.0266286
1.795e-05 , 118.894 , 0.0396314 , 3e+21 , 3.09564 , -5.4542 , 2.1777 , 0.0264862 , 0.0261352 , 0.0266286
1.8e-05 , 118.894 , 0.0396314 , 3e+21 , 3.09564 , -5.4542 , 2.1777 , 0.0264862 , 0.0261352 , 0.0266286
1.805e-05 , 118.894 , 0.0396314 , 3e+21 , 3.09564 , -5.4542 , 2.1777 , 0.0264862 , 0.0261352 , 0.0266286
1.81e-05 , 118.894 , 0.0396314 , 3e+21 , 3.09564 , -5.4542 , 2.1777 , 0.0264862 , 0.0261352 , 0.0266286
1.815e-05 , 118.894 , 0.0396314 , 3e+21 , 3.09564 , -5.4542 , 2.1777 , 0.0264862 , 0.0261352 , 0.0266286
1.82e-05 , 118.894 , 0.0396314 , 3e+21 , 3.09564 , -5.4542 , 2.1777 , 0.0264862 , 0.0261352 , 0.0266286
1.825e-05 , 118.894 , 0.0396314 , 3e+21 , 3.09564 , -5.4542 , 2.1777 , 0.0264862 , 0.0261352 , 0.0266286
1.83e-05 , 118.894 , 0.0396314 , 3e+21 , 3.09564 , -5.4542 , 2.1777 , 0.0264862 , 0.0261352 , 0.0266286
1.835e-05 , 118.894 , 0.0396314 , 3e+21 , 3.09564 , -5.4542 , 2.1777 , 0.0264862 , 0.0261352 , 0.0266286
1.84e-05 , 118.894 , 0.0396314 , 3e+21 , 3.09564 , -5.4542 , 2.1777 , 0.0264862 , 0.0261352 , 0.0266286
1.845e-05 , 118.894 , 0.0396314 , 3e+21 , 3.09564 , -5.4542 , 2.1777 , 0.0264862 , 0.0261352 , 0.0266286
1.85e-05 , 118.894 , 0.0396314 , 3e+21 , 3.09564 , -5.4542 , 2.1777 , 0.0264862 , 0.0261352 , 0.0266286
1.855e-05 , 118.894 , 0.0396314 , 3e+21 , 3.09564 , -5.4542 , 2.1777 , 0.0264862 , 0.0261352 , 0.0266286
1.86e-05 , 118.894 , 0.0396314 , 3e+21 , 3.09564 , -5.4542 , 2.1777 , 0.0264862 , 0.0261352 , 0.0266286
1.865e-05 , 118.894 , 0.0396314 , 3e+21 , 3.09564 , -5.4542 , 2.1777 , 0.0264862 , 0.0261352 , 0.0266286
1.87e-05 , 118.894 , 0.0396314 , 3e+21 , 3.09564 , -5.4542 , 2.1777 , 0.0264862 , 0.0261352 , 0.0266286
1.875e-05 , 118.894 , 0.0396314 , 3e+21 , 3.09564 , -5.4542 , 2.1777 , 0.0264862 , 0.0261352 , 0.0266286
1.88e-05 , 118.894 , 0.0396314 , 3e+21 , 3.09564 , -5.4542 , 2.1777 , 0.0264862 , 0.0261352 , 0.0266286
1.885e-05 , 118.894 , 0.0396314 , 3e+21 , 3.09564 , -5.4542 , 2.1777 , 0.0264862 , 0.0261352 , 0.0266286
1.89e-05 , 118.894 , 0.0396314 , 3e+21 , 3.09564 , -5.4542 , 2.1777 , 0.0264862 , 0.0261352 , 0.0266286
1.895e-05 , 118.894 , 0.0396314 , 3e+21 , 3.09564 , -5.4542 , 2.1777 , 0.0264862 , 0.0261352 , 0.0266286
1.9e-05 , 118.894 , 0.0396314 , 3e+21 , 3.09564 , -5.4542 , 2.1777 , 0.0264862 , 0.0261352 , 0.0266286
1.905e-05 , 118.894 , 0.0396314 , 3e+21 , 3.09564 , -5.4542 , 2.1777 , 0.0264862 , 0.0261352 , 0.0266286
1.91e-05 , 118.894 , 0.0396314 , 3e+21 , 3.09564 , -5.4542 , 2.1777 , 0.0264862 , 0.0261352 , 0.0266286
1.915e-05 , 118.894 , 0.0396314 , 3e+21 , 3.09564 , -5.4542 , 2.1777 , 0.0264862 , 0.0261352 , 0.0266286
1.92e-05 , 118.894 , 0.0396314 , 3e+21 , 3.09564 , -5.4542 , 2.1777 , 0.0264862 , 0.0261352 , 0.0266286
1.925e-05 , 118.894 , 0.0396314 , 3e+21 , 3.09564 , -5.4542 , 2.1777 , 0.0264862 , 0.0261352 , 0.0266286
1.93e-05 , 118.894 , 0.0396314 , 3e+21 , 3.09564 , -5.4542 , 2.1777 , 0.0264862 , 0.0261352 , 0.0266286
1.935e-05 , 118.894 , 0.0396314 , 3e+21 , 3.09564 , -5.4542 , 2.1777 , 0.0264862 , 0.0261352 , 0.0266286
1.94e-05 , 118.894 , 0.0396314 , 3e+21 , 3.09564 , -5.4542 , 2.1777 , 0.0264862 , 0.0261352 , 0.0266286
1.945e-05 , 118.894 , 0.0396314 , 3e+21 , 3.09564 , -5.4542 , 2.1777 , 0.0264862 , 0.0261352 , 0.0266286
1.95e-05 , 118.894 , 0.0396314 , 3e+21 , 3.09564 , -5.4542 , 2.1777 , 0.0264862 , 0.0261352 , 0.0266286
1.955e-05 , 118.894 , 0.0396314 , 3e+21 , 3.09564 , -5.4542 , 2.1777 , 0.0264862 , 0.0261352 , 0.0266286
1.96e-05 , 118.894 , 0.0396314 , 3e+21 , 3.09564 , -5.4542 , 2.1777 , 0.0264862 , 0.0261352 , 0.0266286
1.965e-05 , 118.894 , 0.0396314 , 3e+21 , 3.09564 , -5.4542 , 2.1777 , 0.0264862 , 0.0261352 , 0.0266286
1.97e-05 , 118.894 , 0.0396314 , 3e+21 , 3.09564 , -5.4542 , 2.1777 , 0.0264862 , 0.0261352 , 0.0266286
1.975e-05 , 118.894 , 0.0396314 , 3e+21 , 3.09564 , -5.4542 , 2.1777 , 0.0264862 , 0.0261352 , 0.0266286
1.98e-05 , 118.894 , 0.0396314 , 3e+21 , 3.09564 , -5.4542 , 2.1777 , 0.0264862 , 0.0261352 , 0.0266286
1.985e-05 , 118.894 , 0.0396314 , 3e+21 , 3.09564 , -5.4542 , 2.1777 , 0.0264862 , 0.0261352 , 0.0266286
1.99e-05 , 118.894 , 0.0396314 , 3e+21 , 3.09564 , -5.4542 , 2.1777 , 0.0264862 , 0.0261352 , 0.0266286
1.995e-05 , 118.894 , 0.0396314 , 3e+21 , 3.09564 , -5.4542 , 2.1777 , 0.0264862 , 0.0261352 , 0.0266286
2e-05 , 118.894 , 0.0396314 , 3e+21 , 3.09564 , -5.4542 , 2.1777 , 0.0264862 , 0.0261352 , 0.0266286
2.005e-05 , 118.894 , 0.0396314 , 3e+21 , 3.09564 , -5.4542 , 2.1777 , 0.0264862 , 0.0261352 , 0.0266286
2.01e-05 , 118.894 , 0.0396314 , 3e+21 , 3.09564 , -5.4542 , 2.1777 , 0.0264862 , 0.0261352 , 0.0266286
2.015e-05 , 118.894 , 0.0396314 , 3e+21 , 3.09564 , -5.4542 , 2.1777 , 0.0264862 , 0.0261352 , 0.0266286
2.02e-05 , 118.894 , 0.0396314 , 3e+21 , 3.09564 , -5.4542 , 2.1777 , 0.0264862 , 0.0261352 , 0.0266286
2.025e-05 , 118.894 , 0.0396314 , 3e+21 , 3.09564 , -5.4542 , 2.1777 , 0.0264862 , 0.0261352 , 0.0266286
2.03e-05 , 118.894 , 0.0396314 , 3e+21 , 3.09564 , -5.4542 , 2.1777 , 0.0264862 , 0.0261352 , 0.0266286
2.035e-05 , 118.894 , 0.0396314 , 3e+21 , 3.09564 , -5.4542 , 2.1777 , 0.0264862 , 0.0261352 , 0.0266286
2.04e-05 , 118.894 , 0.0396314 , 3e+21 , 3.09564 , -5.4542 , 2.1777 , 0.0264862 , 0.0261352 , 0.0266286
2.045e-05 , 118.894 , 0.0396314 , 3e+21 , 3.09564 , -5.4542 , 2.1777 , 0.0264862 , 0.0261352 , 0.0266286
2.05e-05 , 118.894 , 0.0396314 , 3e+21 , 3.09564 , -5.4542 , 2.1777 , 0.0264862 , 0.0261352 , 0.0266286
2.055e-05 , 118.894 , 0.0396314 , 3e+21 , 3.09564 , -5.4542 , 2.1777 , 0.0264862 , 0.0261352 , 0.0266286
2.06e-05 , 118.894 , 0.0396314 , 3e+21 , 3.09564 , -5.4542 , 2.1777 , 0.0264862 , 0.0261352 , 0.0266286
2.065e-05 , 118.894 , 0.0396314 , 3e+21 , 3.09564 , -5.4542 , 2.1777 , 0.0264862 , 0.0261352 , 0.0266286
2.07e-05 , 118.894 , 0.0396314 , 3e+21 , 3.09564 , -5.4542 , 2.1777 , 0.0264862 , 0.0261352 , 0.0266286
2.075e-05 , 118.894 , 0.0396314 , 3e+21 , 3.09564 , -5.4542 , 2.1777 , 0.0264862 , 0.0261352 , 0.0266286
2.08e-05 , 118.894 , 0.0396314 , 3e+21 , 3.09564 , -5.4542 , 2.1777 , 0.0264862 , 0.0261352 , 0.0266286
2.085e-05 , 118.894 , 0.0396314 , 3e+21 , 3.09564 , -5.4542 , 2.1777 , 0.0264862 , 0.0261352 , 0.0266286
2.09e-05 , 118.894 , 0.0396314 , 3e+21 , 3.09564 , -5.4542 , 2.1777 , 0.0264862 , 0.0261352 , 0.0266286
2.095e-05 , 118.894 , 0.0396314 , 3e+21 , 3.09564 , -5.4542 , 2.1777 , 0.0264862 , 0.0261352 , 0.0266286
2.1e-05 , 118.894 , 0.0396314 , 3e+21 , 3.09564 , -5.4542 , 2.1777 , 0.0264862 , 0.0261352 , 0.0266286
2.105e-05 , 118.894 , 0.0396314 , 3e+21 , 3.09564 , -5.4542 , 2.1777 , 0.0264862 , 0.0261352 , 0.0266286
2.11e-05 , 118.894 , 0.0396314 , 3e+21 , 3.09564 , -5.4542 , 2.1777 , 0.0264862 , 0.0261352 , 0.0266286
2.115e-05 , 118.894 , 0.0396314 , 3e+21 , 3.09564 , -5.4542 , 2.1777 , 0.0264862 , 0.0261352 , 0.0266286
2.12e-05 , 118.894 , 0.0396314 , 3e+21 , 3.09564 , -5.4542 , 2.1777 , 0.0264862 , 0.0261352 , 0.0266286
2.125e-05 , 118.894 , 0.0396314 , 3e+21 , 3.09564 , -5.4542 , 2.1777 , 0.0264862 , 0.0261352 , 0.0266286
2.13e-05 , 118.894 , 0.0396314 , 3e+21 , 3.09564 , -5.4542 , 2.1777 , 0.0264862 , 0.0261352 , 0.0266286
2.135e-05 , 118.894 , 0.0396314 , 3e+21 , 3.09564 , -5.4542 , 2.1777 , 0.0264862 , 0.0261352 , 0.0266286
2.14e-05 , 118.894 , 0.0396314 , 3e+21 , 3.09564 , -5.4542 , 2.1777 , 0.0264862 , 0.0261352 , 0.0266286
2.145e-05 , 118.894 , 0.0396314 , 3e+21 , 3.09564 , -5.4542 , 2.1777 , 0.0264862 , 0.0261352 , 0.0266286
2.15e-05 , 118.894 , 0.0396314 , 3e+21 , 3.09564 , -5.4542 , 2.1777 , 0.0264862 , 0.0261352 , 0.0266286
2.155e-05 , 118.894 , 0.0396314 , 3e+21 , 3.09564 , -5.4542 , 2.1777 , 0.0264862 , 0.0261352 , 0.0266286
2.16e-05 , 118.894 , 0.0396314 , 3e+21 , 3.09564 , -5.4542 , 2.1777 , 0.0264862 , 0.0261352 , 0.0266286
2.165e-05 , 118.894 , 0.0396314 , 3e+21 , 3.09564 , -5.4542 , 2.1777 , 0.0264862 , 0.0261352 , 0.0266286
2.17e-05 , 118.894 , 0.0396314 , 3e+21 , 3.09564 , -5.4542 , 2.1777 , 0.0264862 , 0.0261352 , 0.0266286
2.175e-05 , 118.894 , 0.0396314 , 3e+21 , 3.09564 , -5.4542 , 2.1777 , 0.0264862 , 0.0261352 , 0.0266286
2.18e-05 , 118.894 , 0.0396314 , 3e+21 , 3.09564 , -5.4542 , 2.1777 , 0.0264862 , 0.0261352 , 0.0266286
2.185e-05 , 118.894 , 0.0396314 , 3e+21 , 3.09564 , -5.4542 , 2.1777 , 0.0264862 , 0.0261352 , 0.0266286
2.19e-05 , 118.894 , 0.0396314 , 3e+21 , 3.09564 , -5.4542 , 2.1777 , 0.0264862 , 0.0261352 , 0.0266286
2.195e-05 , 118.894 , 0.0396314 , 3e+21 , 3.09564 , -5.4542 , 2.1777 , 0.0264862 , 0.0261352 , 0.0266286
2.2e-05 , 118.894 , 0.0396314 , 3e+21 , 3.09564 , -5.4542 , 2.1777 , 0.0264862 , 0.0261352 , 0.0266286
2.205e-05 , 118.894 , 0.0396314 , 3e+21 , 3.09564 , -5.4542 , 2.1777 , 0.0264862 , 0.0261352 , 0.0266286
2.21e-05 , 118.894 , 0.0396314 , 3e+21 , 3.09564 , -5.4542 , 2.1777 , 0.0264862 , 0.0261352 , 0.0266286
2.215e-05 , 118.894 , 0.0396314 , 3e+21 , 3.09564 , -5.4542 , 2.1777 , 0.0264862 , 0.0261352 , 0.0266286
2.22e-05 , 118.894 , 0.0396314 , 3e+21 , 3.09564 , -5.4542 , 2.1777 , 0.0264862 , 0.0261352 , 0.0266286
2.225e-05 , 118.894 , 0.0396314 , 3e+21 , 3.09564 , -5.4542 , 2.1777 , 0.0264862 , 0.0261352 , 0.0266286
2.23e-05 , 118.894 , 0.0396314 , 3e+21 , 3.09564 , -5.4542 , 2.1777 , 0.0264862 , 0.0261352 , 0.0266286
2.235e-05 , 118.894 , 0.0396314 , 3e+21 , 3.09564 , -5.4542 , 2.1777 , 0.0264862 , 0.0261352 , 0.0266286
2.24e-05 , 118.894 , 0.0396314 , 3e+21 , 3.09564 , -5.4542 , 2.1777 , 0.0264862 , 0.0261352 , 0.0266286
2.245e-05 , 118.894 , 0.0396314 , 3e+21 , 3.09564 , -5.4542 , 2.1777 , 0.0264862 , 0.0261352 , 0.0266286
2.25e-05 , 118.894 , 0.0396314 , 3e+21 , 3.09564 , -5.4542 , 2.1777 , 0.0264862 , 0.0261352 , 0.0266286
2.255e-05 , 118.894 , 0.0396314 , 3e+21 , 3.09564 , -5.4542 , 2.1777 , 0.0264862 , 0.0261352 , 0.0266286
2.26e-05 , 118.894 , 0.0396314 , 3e+21 , 3.09564 , -5.4542 , 2.1777 , 0.0264862 , 0.0261352 , 0.0266286
2.265e-05 , 118.894 , 0.0396314 , 3e+21 , 3.09564 , -5.4542 , 2.1777 , 0.0264862 , 0.0261352 , 0.0266286
2.27e-05 , 118.894 , 0.0396314 , 3e+21 , 3.09564 , -5.4542 , 2.1777 , 0.0264862 , 0.0261352 , 0.0266286
2.275e-05 , 118.894 , 0.0396314 , 3e+21 , 3.09564 , -5.4542 , 2.1777 , 0.0264862 , 0.0261352 , 0.0266286
2.28e-05 , 118.894 , 0.0396314 , 3e+21 , 3.09564 , -5.4542 , 2.1777 , 0.0264862 , 0.0261352 , 0.0266286
2.285e-05 , 118.894 , 0.0396314 , 3e+21 , 3.09564 , -5.4542 , 2.1777 , 0.0264862 , 0.0261352 , 0.0266286
2.29e-05 , 118.894 , 0.0396314 , 3e+21 , 3.09564 , -5.4542 , 2.1777 , 0.0264862 , 0.0261352 , 0.0266286
2.295e-05 , 118.894 , 0.0396314 , 3e+21 , 3.09564 , -5.4542 , 2.1777 , 0.0264862 , 0.0261352 , 0.0266286
2.3e-05 , 118.894 , 0.0396314 , 3e+21 , 3.09564 , -5.4542 , 2.1777 , 0.0264862 , 0.0261352 , 0.0266286
2.305e-05 , 118.894 , 0.0396314 , 3e+21 , 3.09564 , -5.4542 , 2.1777 , 0.0264862 , 0.0261352 , 0.0266286
2.31e-05 , 118.894 , 0.0396314 , 3e+21 , 3.09564 , -5.4542 , 2.1777 , 0.0264862 , 0.0261352 , 0.0266286
2.315e-05 , 118.894 , 0.0396314 , 3e+21 , 3.09564 , -5.4542 , 2.1777 , 0.0264862 , 0.0261352 , 0.0266286
2.32e-05 , 118.894 , 0.0396314 , 3e+21 , 3.09564 , -5.4542 , 2.1777 , 0.0264862 , 0.0261352 , 0.0266286
2.325e-05 , 118.894 , 0.0396314 , 3e+21 , 3.09564 , -5.4542 , 2.1777 , 0.0264862 , 0.0261352 , 0.0266286
2.33e-05 , 118.894 , 0.0396314 , 3e+21 , 3.09564 , -5.4542 , 2.1777 , 0.0264862 , 0.0261352 , 0.0266286
2.335e-05 , 118.894 , 0.0396314 , 3e+21 , 3.09564 , -5.4542 , 2.1777 , 0.0264862 , 0.0261352 , 0.0266286
2.34e-05 , 118.894 , 0.0396314 , 3e+21 , 3.09564 , -5.4542 , 2.1777 , 0.0264862 , 0.0261352 , 0.0266286
2.345e-05 , 118.894 , 0.0396314 , 3e+21 , 3.09564 , -5.4542 , 2.1777 , 0.0264862 , 0.0261352 , 0.0266286
2.35e-05 , 118.894 , 0.0396314 , 3e+21 , 3.09564 , -5.4542 , 2.1777 , 0.0264862 , 0.0261352 , 0.0266286
2.355e-05 , 118.894 , 0.0396314 , 3e+21 , 3.09564 , -5.4542 , 2.1777 , 0.0264862 , 0.0261352 , 0.0266286
2.36e-05 , 118.894 , 0.0396314 , 3e+21 , 3.09564 , -5.4542 , 2.1777 , 0.0264862 , 0.0261352 , 0.0266286
2.365e-05 , 118.894 , 0.0396314 , 3e+21 , 3.09564 , -5.4542 , 2.1777 , 0.0264862 , 0.0261352 , 0.0266286
2.37e-05 , 118.894 , 0.0396314 , 3e+21 , 3.09564 , -5.4542 , 2.1777 , 0.0264862 , 0.0261352 , 0.0266286
2.375e-05 , 118.894 , 0.0396314 , 3e+21 , 3.09564 , -5.4542 , 2.1777 , 0.0264862 , 0.0261352 , 0.0266286
2.38e-05 , 118.894 , 0.0396314 , 3e+21 , 3.09564 , -5.4542 , 2.1777 , 0.0264862 , 0.0261352 , 0.0266286
2.385e-05 , 118.894 , 0.0396314 , 3e+21 , 3.09564 , -5.4542 , 2.1777 , 0.0264862 , 0.0261352 , 0.0266286
2.39e-05 , 118.894 , 0.0396314 , 3e+21 , 3.09564 , -5.4542 , 2.1777 , 0.0264862 , 0.0261352 , 0.0266286
2.395e-05 , 118.894 , 0.0396314 , 3e+21 , 3.09564 , -5.4542 , 2.1777 , 0.0264862 , 0.0261352 , 0.0266286
2.4e-05 , 118.894 , 0.0396314 , 3e+21 , 3.09564 , -5.4542 , 2.1777 , 0.0264862 , 0.0261352 , 0.0266286
2.405e-05 , 118.894 , 0.0396314 , 3e+21 , 3.09564 , -5.4542 , 2.1777 , 0.0264862 , 0.0261352 , 0.0266286
2.41e-05 , 118.894 , 0.0396314 , 3e+21 , 3.09564 , -5.4542 , 2.1777 , 0.0264862 , 0.0261352 , 0.0266286
2.415e-05 , 118.894 , 0.0396314 , 3e+21 , 3.09564 , -5.4542 , 2.1777 , 0.0264862 , 0.0261352 , 0.0266286
2.42e-05 , 118.894 , 0.0396314 , 3e+21 , 3.09564 , -5.4542 , 2.1777 , 0.0264862 , 0.0261352 , 0.0266286
2.425e-05 , 118.894 , 0.0396314 , 3e+21 , 3.09564 , -5.4542 , 2.1777 , 0.0264862 , 0.0261352 , 0.0266286
2.43e-05 , 118.894 , 0.0396314 , 3e+21 , 3.09564 , -5.4542 , 2.1777 , 0.0264862 , 0.0261352 , 0.0266286
2.435e-05 , 118.894 , 0.0396314 , 3e+21 , 3.09564 , -5.4542 , 2.1777 , 0.0264862 , 0.0261352 , 0.0266286
2.44e-05 , 118.894 , 0.0396314 , 3e+21 , 3.09564 , -5.4542 , 2.1777 , 0.0264862 , 0.0261352 , 0.0266286
2.445e-05 , 118.894 , 0.0396314 , 3e+21 , 3.09564 , -5.4542 , 2.1777 , 0.0264862 , 0.0261352 , 0.0266286
2.45e-05 , 118.894 , 0.0396314 , 3e+21 , 3.09564 , -5.4542 , 2.1777 , 0.0264862 , 0.0261352 , 0.0266286
2.455e-05 , 118.894 , 0.0396314 , 3e+21 , 3.09564 , -5.4542 , 2.1777 , 0.0264862 , 0.0261352 , 0.0266286
2.46e-05 , 118.894 , 0.0396314 , 3e+21 , 3.09564 , -5.4542 , 2.1777 , 0.0264862 , 0.0261352 , 0.0266286
2.465e-05 , 118.894 , 0.0396314 , 3e+21 , 3.09564 , -5.4542 , 2.1777 , 0.0264862 , 0.0261352 , 0.0266286
2.47e-05 , 118.894 , 0.0396314 , 3e+21 , 3.09564 , -5.4542 , 2.1777 , 0.0264862 , 0.0261352 , 0.0266286
2.475e-05 , 118.894 , 0.0396314 , 3e+21 , 3.09564 , -5.4542 , 2.1777 , 0.0264862 , 0.0261352 , 0.0266286
2.48e-05 , 118.894 , 0.0396314 , 3e+21 , 3.09564 , -5.4542 , 2.1777 , 0.0264862 , 0.0261352 , 0.0266286
2.485e-05 , 118.894 , 0.0396314 , 3e+21 , 3.09564 , -5.4542 , 2.1777 , 0.0264862 , 0.0261352 , 0.0266286
2.49e-05 , 118.894 , 0.0396314 , 3e+21 , 3.09564 , -5.4542 , 2.1777 , 0.0264862 , 0.0261352 , 0.0266286
2.495e-05 , 118.894 , 0.0396314 , 3e+21 , 3.09564 , -5.4542 , 2.1777 , 0.0264862 , 0.0261352 , 0.0266286
2.5e-05 , 118.894 , 0.0396314 , 3e+21 , 3.09564 , -5.4542 , 2.1777 , 0.0264862 , 0.0261352 , 0.0266286
2.505e-05 , 118.894 , 0.0396314 , 3e+21 , 3.09564 , -5.4542 , 2.1777 , 0.0264862 , 0.0261352 , 0.0266286
2.51e-05 , 118.894 , 0.0396314 , 3e+21 , 3.09564 , -5.4542 , 2.1777 , 0.0264862 , 0.0261352 , 0.0266286
2.515e-05 , 118.894 , 0.0396314 , 3e+21 , 3.09564 , -5.4542 , 2.1777 , 0.0264862 , 0.0261352 , 0.0266286
2.52e-05 , 118.894 , 0.0396314 , 3e+21 , 3.09564 , -5.4542 , 2.1777 , 0.0264862 , 0.0261352 , 0.0266286
2.525e-05 , 118.894 , 0.0396314 , 3e+21 , 3.09564 , -5.4542 , 2.1777 , 0.0264862 , 0.0261352 , 0.0266286
2.53e-05 , 118.894 , 0.0396314 , 3e+21 , 3.09564 , -5.4542 , 2.1777 , 0.0264862 , 0.0261352 , 0.0266286
2.535e-05 , 118.894 , 0.0396314 , 3e+21 , 3.09564 , -5.4542 , 2.1777 , 0.0264862 , 0.0261352 , 0.0266286
2.54e-05 , 118.894 , 0.0396314 , 3e+21 , 3.09564 , -5.4542 , 2.1777 , 0.0264862 , 0.0261352 , 0.0266286
2.545e-05 , 118.894 , 0.0396314 , 3e+21 , 3.09564 , -5.4542 , 2.1777 , 0.0264862 , 0.0261352 , 0.0266286
2.55e-05 , 118.894 , 0.0396314 , 3e+21 , 3.09564 , -5.4542 , 2.1777 , 0.0264862 , 0.0261352 , 0.0266286
2.555e-05 , 118.894 , 0.0396314 , 3e+21 , 3.09564 , -5.4542 , 2.1777 , 0.0264862 , 0.0261352 , 0.0266286
2.56e-05 , 118.894 , 0.0396314 , 3e+21 , 3.09564 , -5.4542 , 2.1777 , 0.0264862 , 0.0261352 , 0.0266286
2.565e-05 , 118.894 , 0.0396314 , 3e+21 , 3.09564 , -5.4542 , 2.1777 , 0.0264862 , 0.0261352 , 0.0266286
2.57e-05 , 118.894 , 0.0396314 , 3e+21 , 3.09564 , -5.4542 , 2.1777 , 0.0264862 , 0.0261352 , 0.0266286
2.575e-05 , 118.894 , 0.0396314 , 3e+21 , 3.09564 , -5.4542 , 2.1777 , 0.0264862 , 0.0261352 , 0.0266286
2.58e-05 , 118.894 , 0.0396314 , 3e+21 , 3.09564 , -5.4542 , 2.1777 , 0.0264862 , 0.0261352 , 0.0266286
2.585e-05 , 118.894 , 0.0396314 , 3e+21 , 3.09564 , -5.4542 , 2.1777 , 0.0264862 , 0.0261352 , 0.0266286
2.59e-05 , 118.894 , 0.0396314 , 3e+21 , 3.09564 , -5.4542 , 2.1777 , 0.0264862 , 0.0261352 , 0.0266286
2.595e-05 , 118.894 , 0.0396314 , 3e+21 , 3.09564 , -5.4542 , 2.1777 , 0.0264862 , 0.0261352 , 0.0266286
2.6e-05 , 118.894 , 0.0396314 , 3e+21 , 3.09564 , -5.4542 , 2.1777 , 0.0264862 , 0.0261352 , 0.0266286
2.605e-05 , 118.894 , 0.0396314 , 3e+21 , 3.09564 , -5.4542 , 2.1777 , 0.0264862 , 0.0261352 , 0.0266286
2.61e-05 , 118.894 , 0.0396314 , 3e+21 , 3.09564 , -5.4542 , 2.1777 , 0.0264862 , 0.0261352 , 0.0266286
2.615e-05 , 118.894 , 0.0396314 , 3e+21 , 3.09564 , -5.4542 , 2.1777 , 0.0264862 , 0.0261352 , 0.0266286
2.62e-05 , 118.894 , 0.0396314 , 3e+21 , 3.09564 , -5.4542 , 2.1777 , 0.0264862 , 0.0261352 , 0.0266286
2.625e-05 , 118.894 , 0.0396314 , 3e+21 , 3.09564 , -5.4542 , 2.1777 , 0.0264862 , 0.0261352 , 0.0266286
2.63e-05 , 118.894 , 0.0396314 , 3e+21 , 3.09564 , -5.4542 , 2.1777 , 0.0264862 , 0.0261352 , 0.0266286
2.635e-05 , 118.894 , 0.0396314 , 3e+21 , 3.09564 , -5.4542 , 2.1777 , 0.0264862 , 0.0261352 , 0.0266286
2.64e-05 , 118.894 , 0.0396314 , 3e+21 , 3.09564 , -5.4542 , 2.1777 , 0.0264862 , 0.0261352 , 0.0266286
2.645e-05 , 118.894 , 0.0396314 , 3e+21 , 3.09564 , -5.4542 , 2.1777 , 0.0264862 , 0.0261352 , 0.0266286
2.65e-05 , 118.894 , 0.0396314 , 3e+21 , 3.09564 , -5.4542 , 2.1777 , 0.0264862 , 0.0261352 , 0.0266286
2.655e-05 , 118.894 , 0.0396314 , 3e+21 , 3.09564 , -5.4542 , 2.1777 , 0.0264862 , 0.0261352 , 0.0266286
2.66e-05 , 118.894 , 0.0396314 , 3e+21 , 3.09564 , -5.4542 , 2.1777 , 0.0264862 , 0.0261352 , 0.0266286
2.665e-05 , 118.894 , 0.0396314 , 3e+21 , 3.09564 , -5.4542 , 2.1777 , 0.0264862 , 0.0261352 , 0.0266286
2.67e-05 , 118.894 , 0.0396314 , 3e+21 , 3.09564 , -5.4542 , 2.1777 , 0.0264862 , 0.0261352 , 0.0266286
2.675e-05 , 118.894 , 0.0396314 , 3e+21 , 3.09564 , -5.4542 , 2.1777 , 0.0264862 , 0.0261352 , 0.0266286
2.68e-05 , 118.894 , 0.0396314 , 3e+21 , 3.09564 , -5.4542 , 2.1777 , 0.0264862 , 0.0261352 , 0.0266286
2.685e-05 , 118.894 , 0.0396314 , 3e+21 , 3.09564 , -5.4542 , 2.1777 , 0.0264862 , 0.0261352 , 0.0266286
2.69e-05 , 118.894 , 0.0396314 , 3e+21 , 3.09564 , -5.4542 , 2.1777 , 0.0264862 , 0.0261352 , 0.0266286
2.695e-05 , 118.894 , 0.0396314 , 3e+21 , 3.09564 , -5.4542 , 2.1777 , 0.0264862 , 0.0261352 , 0.0266286
2.7e-05 , 118.894 , 0.0396314 , 3e+21 , 3.09564 , -5.4542 , 2.1777 , 0.0264862 , 0.0261352 , 0.0266286
2.705e-05 , 118.894 , 0.0396314 , 3e+21 , 3.09564 , -5.4542 , 2.1777 , 0.0264862 , 0.0261352 , 0.0266286
2.71e-05 , 118.894 , 0.0396314 , 3e+21 , 3.09564 , -5.4542 , 2.1777 , 0.0264862 , 0.0261352 , 0.0266286
2.715e-05 , 118.894 , 0.0396314 , 3e+21 , 3.09564 , -5.4542 , 2.1777 , 0.0264862 , 0.0261352 , 0.0266286
2.72e-05 , 118.894 , 0.0396314 , 3e+21 , 3.09564 , -5.4542 , 2.1777 , 0.0264862 , 0.0261352 , 0.0266286
2.725e-05 , 118.894 , 0.0396314 , 3e+21 , 3.09564 , -5.4542 , 2.1777 , 0.0264862 , 0.0261352 , 0.0266286
2.73e-05 , 118.894 , 0.0396314 , 3e+21 , 3.09564 , -5.4542 , 2.1777 , 0.0264862 , 0.0261352 , 0.0266286
2.735e-05 , 118.894 , 0.0396314 , 3e+21 , 3.09564 , -5.4542 , 2.1777 , 0.0264862 , 0.0261352 , 0.0266286
2.74e-05 , 118.894 , 0.0396314 , 3e+21 , 3.09564 , -5.4542 , 2.1777 , 0.0264862 , 0.0261352 , 0.0266286
2.745e-05 , 118.894 , 0.0396314 , 3e+21 , 3.09564 , -5.4542 , 2.1777 , 0.0264862 , 0.0261352 , 0.0266286
2.75e-05 , 118.894 , 0.0396314 , 3e+21 , 3.09564 , -5.4542 , 2.1777 , 0.0264862 , 0.0261352 , 0.0266286
2.755e-05 , 118.894 , 0.0396314 , 3e+21 , 3.09564 , -5.4542 , 2.1777 , 0.0264862 , 0.0261352 , 0.0266286
2.76e-05 , 118.894 , 0.0396314 , 3e+21 , 3.09564 , -5.4542 , 2.1777 , 0.0264862 , 0.0261352 , 0.0266286
2.765e-05 , 118.894 , 0.0396314 , 3e+21 , 3.09564 , -5.4542 , 2.1777 , 0.0264862 , 0.0261352 , 0.0266286
2.77e-05 , 118.894 , 0.0396314 , 3e+21 , 3.09564 , -5.4542 , 2.1777 , 0.0264862 , 0.0261352 , 0.0266286
2.775e-05 , 118.894 , 0.0396314 , 3e+21 , 3.09564 , -5.4542 , 2.1777 , 0.0264862 , 0.0261352 , 0.0266286
2.78e-05 , 118.894 , 0.0396314 , 3e+21 , 3.09564 , -5.4542 , 2.1777 , 0.0264862 , 0.0261352 , 0.0266286
2.785e-05 , 118.894 , 0.0396314 , 3e+21 , 3.09564 , -5.4542 , 2.1777 , 0.0264862 , 0.0261352 , 0.0266286
2.79e-05 , 118.894 , 0.0396314 , 3e+21 , 3.09564 , -5.4542 , 2.1777 , 0.0264862 , 0.0261352 , 0.0266286
2.795e-05 , 118.894 , 0.0396314 , 3e+21 , 3.09564 , -5.4542 , 2.1777 , 0.0264862 , 0.0261352 , 0.0266286
2.8e-05 , 118.894 , 0.0396314 , 3e+21 , 3.09564 , -5.4542 , 2.1777 , 0.0264862 , 0.0261352 , 0.0266286
2.805e-05 , 118.894 , 0.0396314 , 3e+21 , 3.09564 , -5.4542 , 2.1777 , 0.0264862 , 0.0261352 , 0.0266286
2.81e-05 , 118.894 , 0.0396314 , 3e+21 , 3.09564 , -5.4542 , 2.1777 , 0.0264862 , 0.0261352 , 0.0266286
2.815e-05 , 118.894 , 0.0396314 , 3e+21 , 3.09564 , -5.4542 , 2.1777 , 0.0264862 , 0.0261352 , 0.0266286
2.82e-05 , 118.894 , 0.0396314 , 3e+21 , 3.09564 , -5.4542 , 2.1777 , 0.0264862 , 0.0261352 , 0.0266286
2.825e-05 , 118.894 , 0.0396314 , 3e+21 , 3.09564 , -5.4542 , 2.1777 , 0.0264862 , 0.0261352 , 0.0266286
2.83e-05 , 118.894 , 0.0396314 , 3e+21 , 3.09564 , -5.4542 , 2.1777 , 0.0264862 , 0.0261352 , 0.0266286
2.835e-05 , 118.894 , 0.0396314 , 3e+21 , 3.09564 , -5.4542 , 2.1777 , 0.0264862 , 0.0261352 , 0.0266286
2.84e-05 , 118.894 , 0.0396314 , 3e+21 , 3.09564 , -5.4542 , 2.1777 , 0.0264862 , 0.0261352 , 0.0266286
2.845e-05 , 118.894 , 0.0396314 , 3e+21 , 3.09564 , -5.4542 , 2.1777 , 0.0264862 , 0.0261352 , 0.0266286
2.85e-05 , 118.894 , 0.0396314 , 3e+21 , 3.09564 , -5.4542 , 2.1777 , 0.0264862 , 0.0261352 , 0.0266286
2.855e-05 , 118.894 , 0.0396314 , 3e+21 , 3.09564 , -5.4542 , 2.1777 , 0.0264862 , 0.0261352 , 0.0266286
2.86e-05 , 118.894 , 0.0396314 , 3e+21 , 3.09564 , -5.4542 , 2.1777 , 0.0264862 , 0.0261352 , 0.0266286
2.865e-05 , 118.894 , 0.0396314 , 3e+21 , 3.09564 , -5.4542 , 2.1777 , 0.0264862 , 0.0261352 , 0.0266286
2.87e-05 , 118.894 , 0.0396314 , 3e+21 , 3.09564 , -5.4542 , 2.1777 , 0.0264862 , 0.0261352 , 0.0266286
2.875e-05 , 118.894 , 0.0396314 , 3e+21 , 3.09564 , -5.4542 , 2.1777 , 0.0264862 , 0.0261352 , 0.0266286
2.88e-05 , 118.894 , 0.0396314 , 3e+21 , 3.09564 , -5.4542 , 2.1777 , 0.0264862 , 0.0261352 , 0.0266286
2.885e-05 , 118.894 , 0.0396314 , 3e+21 , 3.09564 , -5.4542 , 2.1777 , 0.0264862 , 0.0261352 , 0.0266286
2.89e-05 , 118.894 , 0.0396314 , 3e+21 , 3.09564 , -5.4542 , 2.1777 , 0.0264862 , 0.0261352 , 0.0266286
2.895e-05 , 118.894 , 0.0396314 , 3e+21 , 3.09564 , -5.4542 , 2.1777 , 0.0264862 , 0.0261352 , 0.0266286
2.9e-05 , 118.894 , 0.0396314 , 3e+21 , 3.09564 , -5.4542 , 2.1777 , 0.0264862 , 0.0261352 , 0.0266286
2.905e-05 , 118.894 , 0.0396314 , 3e+21 , 3.09564 , -5.4542 , 2.1777 , 0.0264862 , 0.0261352 , 0.0266286
2.91e-05 , 118.894 , 0.0396314 , 3e+21 , 3.09564 , -5.4542 , 2.1777 , 0.0264862 , 0.0261352 , 0.0266286
2.915e-05 , 118.894 , 0.0396314 , 3e+21 , 3.09564 , -5.4542 , 2.1777 , 0.0264862 , 0.0261352 , 0.0266286
2.92e-05 , 118.894 , 0.0396314 , 3e+21 , 3.09564 , -5.4542 , 2.1777 , 0.0264862 , 0.0261352 , 0.0266286
2.925e-05 , 118.894 , 0.0396314 , 3e+21 , 3.09564 , -5.4542 , 2.1777 , 0.0264862 , 0.0261352 , 0.0266286
2.93e-05 , 118.894 , 0.0396314 , 3e+21 , 3.09564 , -5.4542 , 2.1777 , 0.0264862 , 0.0261352 , 0.0266286
2.935e-05 , 118.894 , 0.0396314 , 3e+21 , 3.09564 , -5.4542 , 2.1777 , 0.0264862 , 0.0261352 , 0.0266286
2.94e-05 , 118.894 , 0.0396314 , 3e+21 , 3.09564 , -5.4542 , 2.1777 , 0.0264862 , 0.0261352 , 0.0266286
2.945e-05 , 118.894 , 0.0396314 , 3e+21 , 3.09564 , -5.4542 , 2.1777 , 0.0264862 , 0.0261352 , 0.0266286
2.95e-05 , 118.894 , 0.0396314 , 3e+21 , 3.09564 , -5.4542 , 2.1777 , 0.0264862 , 0.0261352 , 0.0266286
2.955e-05 , 118.894 , 0.0396314 , 3e+21 , 3.09564 , -5.4542 , 2.1777 , 0.0264862 , 0.0261352 , 0.0266286
2.96e-05 , 118.894 , 0.0396314 , 3e+21 , 3.09564 , -5.4542 , 2.1777 , 0.0264862 , 0.0261352 , 0.0266286
2.965e-05 , 118.894 , 0.0396314 , 3e+21 , 3.09564 , -5.4542 , 2.1777 , 0.0264862 , 0.0261352 , 0.0266286
2.97e-05 , 118.894 , 0.0396314 , 3e+21 , 3.09564 , -5.4542 , 2.1777 , 0.0264862 , 0.0261352 , 0.0266286
2.975e-05 , 118.894 , 0.0396314 , 3e+21 , 3.09564 , -5.4542 , 2.1777 , 0.0264862 , 0.0261352 , 0.0266286
2.98e-05 , 118.894 , 0.0396314 , 3e+21 , 3.09564 , -5.4542 , 2.1777 , 0.0264862 , 0.0261352 , 0.0266286
2.985e-05 , 118.894 , 0.0396314 , 3e+21 , 3.09564 , -5.4542 , 2.1777 , 0.0264862 , 0.0261352 , 0.0266286
2.99e-05 , 118.894 , 0.0396314 , 3e+21 , 3.09564 , -5.4542 , 2.1777 , 0.0264862 , 0.0261352 , 0.0266286
2.995e-05 , 118.894 , 0.0396314 , 3e+21 , 3.09564 , -5.4542 , 2.1777 , 0.0264862 , 0.0261352 , 0.0266286
3e-05 , 118.894 , 0.0396314 , 3e+21 , 3.09564 , -5.4542 , 2.1777 , 0.0264862 , 0.0261352 , 0.0266286
3.005e-05 , 118.894 , 0.0396314 , 3e+21 , 3.09564 , -5.4542 , 2.1777 , 0.0264862 , 0.0261352 , 0.0266286
3.01e-05 , 118.894 , 0.0396314 , 3e+21 , 3.09564 , -5.4542 , 2.1777 , 0.0264862 , 0.0261352 , 0.0266286
3.015e-05 , 118.894 , 0.0396314 , 3e+21 , 3.09564 , -5.4542 , 2.1777 , 0.0264862 , 0.0261352 , 0.0266286
3.02e-05 , 118.894 , 0.0396314 , 3e+21 , 3.09564 , -5.4542 , 2.1777 , 0.0264862 , 0.0261352 , 0.0266286
3.025e-05 , 118.894 , 0.0396314 , 3e+21 , 3.09564 , -5.4542 , 2.1777 , 0.0264862 , 0.0261352 , 0.0266286
3.03e-05 , 118.894 , 0.0396314 , 3e+21 , 3.09564 , -5.4542 , 2.1777 , 0.0264862 , 0.0261352 , 0.0266286
3.035e-05 , 118.894 , 0.0396314 , 3e+21 , 3.09564 , -5.4542 , 2.1777 , 0.0264862 , 0.0261352 , 0.0266286
3.04e-05 , 118.894 , 0.0396314 , 3e+21 , 3.09564 , -5.4542 , 2.1777 , 0.0264862 , 0.0261352 , 0.0266286
3.045e-05 , 118.894 , 0.0396314 , 3e+21 , 3.09564 , -5.4542 , 2.1777 , 0.0264862 , 0.0261352 , 0.0266286
3.05e-05 , 118.894 , 0.0396314 , 3e+21 , 3.09564 , -5.4542 , 2.1777 , 0.0264862 , 0.0261352 , 0.0266286
3.055e-05 , 118.894 , 0.0396314 , 3e+21 , 3.09564 , -5.4542 , 2.1777 , 0.0264862 , 0.0261352 , 0.0266286
3.06e-05 , 118.894 , 0.0396314 , 3e+21 , 3.09564 , -5.4542 , 2.1777 , 0.0264862 , 0.0261352 , 0.0266286
3.065e-05 , 118.894 , 0.0396314 , 3e+21 , 3.09564 , -5.4542 , 2.1777 , 0.0264862 , 0.0261352 , 0.0266286
3.07e-05 , 118.894 , 0.0396314 , 3e+21 , 3.09564 , -5.4542 , 2.1777 , 0.0264862 , 0.0261352 , 0.0266286
3.075e-05 , 118.894 , 0.0396314 , 3e+21 , 3.09564 , -5.4542 , 2.1777 , 0.0264862 , 0.0261352 , 0.0266286
3.08e-05 , 118.894 , 0.0396314 , 3e+21 , 3.09564 , -5.4542 , 2.1777 , 0.0264862 , 0.0261352 , 0.0266286
3.085e-05 , 118.894 , 0.0396314 , 3e+21 , 3.09564 , -5.4542 , 2.1777 , 0.0264862 , 0.0261352 , 0.0266286
3.09e-05 , 118.894 , 0.0396314 , 3e+21 , 3.09564 , -5.4542 , 2.1777 , 0.0264862 , 0.0261352 , 0.0266286
3.095e-05 , 118.894 , 0.0396314 , 3e+21 , 3.09564 , -5.4542 , 2.1777 , 0.0264862 , 0.0261352 , 0.0266286
3.1e-05 , 118.894 , 0.0396314 , 3e+21 , 3.09564 , -5.4542 , 2.1777 , 0.0264862 , 0.0261352 , 0.0266286
3.105e-05 , 118.894 , 0.0396314 , 3e+21 , 3.09564 , -5.4542 , 2.1777 , 0.0264862 , 0.0261352 , 0.0266286
3.11e-05 , 118.894 , 0.0396314 , 3e+21 , 3.09564 , -5.4542 , 2.1777 , 0.0264862 , 0.0261352 , 0.0266286
3.115e-05 , 118.894 , 0.0396314 , 3e+21 , 3.09564 , -5.4542 , 2.1777 , 0.0264862 , 0.0261352 , 0.0266286
3.12e-05 , 118.894 , 0.0396314 , 3e+21 , 3.09564 , -5.4542 , 2.1777 , 0.0264862 , 0.0261352 , 0.0266286
3.125e-05 , 118.894 , 0.0396314 , 3e+21 , 3.09564 , -5.4542 , 2.1777 , 0.0264862 , 0.0261352 , 0.0266286
3.13e-05 , 118.894 , 0.0396314 , 3e+21 , 3.09564 , -5.4542 , 2.1777 , 0.0264862 , 0.0261352 , 0.0266286
3.135e-05 , 118.894 , 0.0396314 , 3e+21 , 3.09564 , -5.4542 , 2.1777 , 0.0264862 , 0.0261352 , 0.0266286
3.14e-05 , 118.894 , 0.0396314 , 3e+21 , 3.09564 , -5.4542 , 2.1777 , 0.0264862 , 0.0261352 , 0.0266286
3.145e-05 , 118.894 , 0.0396314 , 3e+21 , 3.09564 , -5.4542 , 2.1777 , 0.0264862 , 0.0261352 , 0.0266286
3.15e-05 , 118.894 , 0.0396314 , 3e+21 , 3.09564 , -5.4542 , 2.1777 , 0.0264862 , 0.0261352 , 0.0266286
3.155e-05 , 118.894 , 0.0396314 , 3e+21 , 3.09564 , -5.4542 , 2.1777 , 0.0264862 , 0.0261352 , 0.0266286
3.16e-05 , 118.894 , 0.0396314 , 3e+21 , 3.09564 , -5.4542 , 2.1777 , 0.0264862 , 0.0261352 , 0.0266286
3.165e-05 , 118.894 , 0.0396314 , 3e+21 , 3.09564 , -5.4542 , 2.1777 , 0.0264862 , 0.0261352 , 0.0266286
3.17e-05 , 118.894 , 0.0396314 , 3e+21 , 3.09564 , -5.4542 , 2.1777 , 0.0264862 , 0.0261352 , 0.0266286
3.175e-05 , 118.894 , 0.0396314 , 3e+21 , 3.09564 , -5.4542 , 2.1777 , 0.0264862 , 0.0261352 , 0.0266286
3.18e-05 , 118.894 , 0.0396314 , 3e+21 , 3.09564 , -5.4542 , 2.1777 , 0.0264862 , 0.0261352 , 0.0266286
3.185e-05 , 118.894 , 0.0396314 , 3e+21 , 3.09564 , -5.4542 , 2.1777 , 0.0264862 , 0.0261352 , 0.0266286
3.19e-05 , 118.894 , 0.0396314 , 3e+21 , 3.09564 , -5.4542 , 2.1777 , 0.0264862 , 0.0261352 , 0.0266286
3.195e-05 , 118.894 , 0.0396314 , 3e+21 , 3.09564 , -5.4542 , 2.1777 , 0.0264862 , 0.0261352 , 0.0266286
3.2e-05 , 118.894 , 0.0396314 , 3e+21 , 3.09564 , -5.4542 , 2.1777 , 0.0264862 , 0.0261352 , 0.0266286
3.205e-05 , 118.894 , 0.0396314 , 3e+21 , 3.09564 , -5.4542 , 2.1777 , 0.0264862 , 0.0261352 , 0.0266286
3.21e-05 , 118.894 , 0.0396314 , 3e+21 , 3.09564 , -5.4542 , 2.1777 , 0.0264862 , 0.0261352 , 0.0266286
3.215e-05 , 118.894 , 0.0396314 , 3e+21 , 3.09564 , -5.4542 , 2.1777 , 0.0264862 , 0.0261352 , 0.0266286
3.22e-05 , 118.894 , 0.0396314 , 3e+21 , 3.09564 , -5.4542 , 2.1777 , 0.0264862 , 0.0261352 , 0.0266286
3.225e-05 , 118.894 , 0.0396314 , 3e+21 , 3.09564 , -5.4542 , 2.1777 , 0.0264862 , 0.0261352 , 0.0266286
3.23e-05 , 118.894 , 0.0396314 , 3e+21 , 3.09564 , -5.4542 , 2.1777 , 0.0264862 , 0.0261352 , 0.0266286
3.235e-05 , 118.894 , 0.0396314 , 3e+21 , 3.09564 , -5.4542 , 2.1777 , 0.0264862 , 0.0261352 , 0.0266286
3.24e-05 , 118.894 , 0.0396314 , 3e+21 , 3.09564 , -5.4542 , 2.1777 , 0.0264862 , 0.0261352 , 0.0266286
3.245e-05 , 118.894 , 0.0396314 , 3e+21 , 3.09564 , -5.4542 , 2.1777 , 0.0264862 , 0.0261352 , 0.0266286
3.25e-05 , 118.894 , 0.0396314 , 3e+21 , 3.09564 , -5.4542 , 2.1777 , 0.0264862 , 0.0261352 , 0.0266286
3.255e-05 , 118.894 , 0.0396314 , 3e+21 , 3.09564 , -5.4542 , 2.1777 , 0.0264862 , 0.0261352 , 0.0266286
3.26e-05 , 118.894 , 0.0396314 , 3e+21 , 3.09564 , -5.4542 , 2.1777 , 0.0264862 , 0.0261352 , 0.0266286
3.265e-05 , 118.894 , 0.0396314 , 3e+21 , 3.09564 , -5.4542 , 2.1777 , 0.0264862 , 0.0261352 , 0.0266286
3.27e-05 , 118.894 , 0.0396314 , 3e+21 , 3.09564 , -5.4542 , 2.1777 , 0.0264862 , 0.0261352 , 0.0266286
3.275e-05 , 118.894 , 0.0396314 , 3e+21 , 3.09564 , -5.4542 , 2.1777 , 0.0264862 , 0.0261352 , 0.0266286
3.28e-05 , 118.894 , 0.0396314 , 3e+21 , 3.09564 , -5.4542 , 2.1777 , 0.0264862 , 0.0261352 , 0.0266286
3.285e-05 , 118.894 , 0.0396314 , 3e+21 , 3.09564 , -5.4542 , 2.1777 , 0.0264862 , 0.0261352 , 0.0266286
3.29e-05 , 118.894 , 0.0396314 , 3e+21 , 3.09564 , -5.4542 , 2.1777 , 0.0264862 , 0.0261352 , 0.0266286
3.295e-05 , 118.894 , 0.0396314 , 3e+21 , 3.09564 , -5.4542 , 2.1777 , 0.0264862 , 0.0261352 , 0.0266286
3.3e-05 , 118.894 , 0.0396314 , 3e+21 , 3.09564 , -5.4542 , 2.1777 , 0.0264862 , 0.0261352 , 0.0266286
3.305e-05 , 118.894 , 0.0396314 , 3e+21 , 3.09564 , -5.4542 , 2.1777 , 0.0264862 , 0.0261352 , 0.0266286
3.31e-05 , 118.894 , 0.0396314 , 3e+21 , 3.09564 , -5.4542 , 2.1777 , 0.0264862 , 0.0261352 , 0.0266286
3.315e-05 , 118.894 , 0.0396314 , 3e+21 , 3.09564 , -5.4542 , 2.1777 , 0.0264862 , 0.0261352 , 0.0266286
3.32e-05 , 118.894 , 0.0396314 , 3e+21 , 3.09564 , -5.4542 , 2.1777 , 0.0264862 , 0.0261352 , 0.0266286
3.325e-05 , 118.894 , 0.0396314 , 3e+21 , 3.09564 , -5.4542 , 2.1777 , 0.0264862 , 0.0261352 , 0.0266286
3.33e-05 , 118.894 , 0.0396314 , 3e+21 , 3.09564 , -5.4542 , 2.1777 , 0.0264862 , 0.0261352 , 0.0266286
3.335e-05 , 118.894 , 0.0396314 , 3e+21 , 3.09564 , -5.4542 , 2.1777 , 0.0264862 , 0.0261352 , 0.0266286
3.34e-05 , 118.894 , 0.0396314 , 3e+21 , 3.09564 , -5.4542 , 2.1777 , 0.0264862 , 0.0261352 , 0.0266286
3.345e-05 , 118.894 , 0.0396314 , 3e+21 , 3.09564 , -5.4542 , 2.1777 , 0.0264862 , 0.0261352 , 0.0266286
3.35e-05 , 118.894 , 0.0396314 , 3e+21 , 3.09564 , -5.4542 , 2.1777 , 0.0264862 , 0.0261352 , 0.0266286
3.355e-05 , 118.894 , 0.0396314 , 3e+21 , 3.09564 , -5.4542 , 2.1777 , 0.0264862 , 0.0261352 , 0.0266286
3.36e-05 , 118.894 , 0.0396314 , 3e+21 , 3.09564 , -5.4542 , 2.1777 , 0.0264862 , 0.0261352 , 0.0266286
3.365e-05 , 118.894 , 0.0396314 , 3e+21 , 3.09564 , -5.4542 , 2.1777 , 0.0264862 , 0.0261352 , 0.0266286
3.37e-05 , 118.894 , 0.0396314 , 3e+21 , 3.09564 , -5.4542 , 2.1777 , 0.0264862 , 0.0261352 , 0.0266286
3.375e-05 , 118.894 , 0.0396314 , 3e+21 , 3.09564 , -5.4542 , 2.1777 , 0.0264862 , 0.0261352 , 0.0266286
3.38e-05 , 118.894 , 0.0396314 , 3e+21 , 3.09564 , -5.4542 , 2.1777 , 0.0264862 , 0.0261352 , 0.0266286
3.385e-05 , 118.894 , 0.0396314 , 3e+21 , 3.09564 , -5.4542 , 2.1777 , 0.0264862 , 0.0261352 , 0.0266286
3.39e-05 , 118.894 , 0.0396314 , 3e+21 , 3.09564 , -5.4542 , 2.1777 , 0.0264862 , 0.0261352 , 0.0266286
3.395e-05 , 118.894 , 0.0396314 , 3e+21 , 3.09564 , -5.4542 , 2.1777 , 0.0264862 , 0.0261352 , 0.0266286
3.4e-05 , 118.894 , 0.0396314 , 3e+21 , 3.09564 , -5.4542 , 2.1777 , 0.0264862 , 0.0261352 , 0.0266286
3.405e-05 , 118.894 , 0.0396314 , 3e+21 , 3.09564 , -5.4542 , 2.1777 , 0.0264862 , 0.0261352 , 0.0266286
3.41e-05 , 118.894 , 0.0396314 , 3e+21 , 3.09564 , -5.4542 , 2.1777 , 0.0264862 , 0.0261352 , 0.0266286
3.415e-05 , 118.894 , 0.0396314 , 3e+21 , 3.09564 , -5.4542 , 2.1777 , 0.0264862 , 0.0261352 , 0.0266286
3.42e-05 , 118.894 , 0.0396314 , 3e+21 , 3.09564 , -5.4542 , 2.1777 , 0.0264862 , 0.0261352 , 0.0266286
3.425e-05 , 118.894 , 0.0396314 , 3e+21 , 3.09564 , -5.4542 , 2.1777 , 0.0264862 , 0.0261352 , 0.0266286
3.43e-05 , 118.894 , 0.0396314 , 3e+21 , 3.09564 , -5.4542 , 2.1777 , 0.0264862 , 0.0261352 , 0.0266286
3.435e-05 , 118.894 , 0.0396314 , 3e+21 , 3.09564 , -5.4542 , 2.1777 , 0.0264862 , 0.0261352 , 0.0266286
3.44e-05 , 118.894 , 0.0396314 , 3e+21 , 3.09564 , -5.4542 , 2.1777 , 0.0264862 , 0.0261352 , 0.0266286
3.445e-05 , 118.894 , 0.0396314 , 3e+21 , 3.09564 , -5.4542 , 2.1777 , 0.0264862 , 0.0261352 , 0.0266286
3.45e-05 , 118.894 , 0.0396314 , 3e+21 , 3.09564 , -5.4542 , 2.1777 , 0.0264862 , 0.0261352 , 0.0266286
3.455e-05 , 118.894 , 0.0396314 , 3e+21 , 3.09564 , -5.4542 , 2.1777 , 0.0264862 , 0.0261352 , 0.0266286
3.46e-05 , 118.894 , 0.0396314 , 3e+21 , 3.09564 , -5.4542 , 2.1777 , 0.0264862 , 0.0261352 , 0.0266286
3.465e-05 , 118.894 , 0.0396314 , 3e+21 , 3.09564 , -5.4542 , 2.1777 , 0.0264862 , 0.0261352 , 0.0266286
3.47e-05 , 118.894 , 0.0396314 , 3e+21 , 3.09564 , -5.4542 , 2.1777 , 0.0264862 , 0.0261352 , 0.0266286
3.475e-05 , 118.894 , 0.0396314 , 3e+21 , 3.09564 , -5.4542 , 2.1777 , 0.0264862 , 0.0261352 , 0.0266286
3.48e-05 , 118.894 , 0.0396314 , 3e+21 , 3.09564 , -5.4542 , 2.1777 , 0.0264862 , 0.0261352 , 0.0266286
3.485e-05 , 118.894 , 0.0396314 , 3e+21 , 3.09564 , -5.4542 , 2.1777 , 0.0264862 , 0.0261352 , 0.0266286
3.49e-05 , 118.894 , 0.0396314 , 3e+21 , 3.09564 , -5.4542 , 2.1777 , 0.0264862 , 0.0261352 , 0.0266286
3.495e-05 , 118.894 , 0.0396314 , 3e+21 , 3.09564 , -5.4542 , 2.1777 , 0.0264862 , 0.0261352 , 0.0266286
3.5e-05 , 118.894 , 0.0396314 , 3e+21 , 3.09564 , -5.4542 , 2.1777 , 0.0264862 , 0.0261352 , 0.0266286
3.505e-05 , 118.894 , 0.0396314 , 3e+21 , 3.09564 , -5.4542 , 2.1777 , 0.0264862 , 0.0261352 , 0.0266286
3.51e-05 , 118.894 , 0.0396314 , 3e+21 , 3.09564 , -5.4542 , 2.1777 , 0.0264862 , 0.0261352 , 0.0266286
3.515e-05 , 118.894 , 0.0396314 , 3e+21 , 3.09564 , -5.4542 , 2.1777 , 0.0264862 , 0.0261352 , 0.0266286
3.52e-05 , 118.894 , 0.0396314 , 3e+21 , 3.09564 , -5.4542 , 2.1777 , 0.0264862 , 0.0261352 , 0.0266286
3.525e-05 , 118.894 , 0.0396314 , 3e+21 , 3.09564 , -5.4542 , 2.1777 , 0.0264862 , 0.0261352 , 0.0266286
3.53e-05 , 118.894 , 0.0396314 , 3e+21 , 3.09564 , -5.4542 , 2.1777 , 0.0264862 , 0.0261352 , 0.0266286
3.535e-05 , 118.894 , 0.0396314 , 3e+21 , 3.09564 , -5.4542 , 2.1777 , 0.0264862 , 0.0261352 , 0.0266286
3.54e-05 , 118.894 , 0.0396314 , 3e+21 , 3.09564 , -5.4542 , 2.1777 , 0.0264862 , 0.0261352 , 0.0266286
3.545e-05 , 118.894 , 0.0396314 , 3e+21 , 3.09564 , -5.4542 , 2.1777 , 0.0264862 , 0.0261352 , 0.0266286
3.55e-05 , 118.894 , 0.0396314 , 3e+21 , 3.09564 , -5.4542 , 2.1777 , 0.0264862 , 0.0261352 , 0.0266286
3.555e-05 , 118.894 , 0.0396314 , 3e+21 , 3.09564 , -5.4542 , 2.1777 , 0.0264862 , 0.0261352 , 0.0266286
3.56e-05 , 118.894 , 0.0396314 , 3e+21 , 3.09564 , -5.4542 , 2.1777 , 0.0264862 , 0.0261352 , 0.0266286
3.565e-05 , 118.894 , 0.0396314 , 3e+21 , 3.09564 , -5.4542 , 2.1777 , 0.0264862 , 0.0261352 , 0.0266286
3.57e-05 , 118.894 , 0.0396314 , 3e+21 , 3.09564 , -5.4542 , 2.1777 , 0.0264862 , 0.0261352 , 0.0266286
3.575e-05 , 118.894 , 0.0396314 , 3e+21 , 3.09564 , -5.4542 , 2.1777 , 0.0264862 , 0.0261352 , 0.0266286
3.58e-05 , 118.894 , 0.0396314 , 3e+21 , 3.09564 , -5.4542 , 2.1777 , 0.0264862 , 0.0261352 , 0.0266286
3.585e-05 , 118.894 , 0.0396314 , 3e+21 , 3.09564 , -5.4542 , 2.1777 , 0.0264862 , 0.0261352 , 0.0266286
3.59e-05 , 118.894 , 0.0396314 , 3e+21 , 3.09564 , -5.4542 , 2.1777 , 0.0264862 , 0.0261352 , 0.0266286
3.595e-05 , 118.894 , 0.0396314 , 3e+21 , 3.09564 , -5.4542 , 2.1777 , 0.0264862 , 0.0261352 , 0.0266286
3.6e-05 , 118.894 , 0.0396314 , 3e+21 , 3.09564 , -5.4542 , 2.1777 , 0.0264862 , 0.0261352 , 0.0266286
3.605e-05 , 118.894 , 0.0396314 , 3e+21 , 3.09564 , -5.4542 , 2.1777 , 0.0264862 , 0.0261352 , 0.0266286
3.61e-05 , 118.894 , 0.0396314 , 3e+21 , 3.09564 , -5.4542 , 2.1777 , 0.0264862 , 0.0261352 , 0.0266286
3.615e-05 , 118.894 , 0.0396314 , 3e+21 , 3.09564 , -5.4542 , 2.1777 , 0.0264862 , 0.0261352 , 0.0266286
3.62e-05 , 118.894 , 0.0396314 , 3e+21 , 3.09564 , -5.4542 , 2.1777 , 0.0264862 , 0.0261352 , 0.0266286
3.625e-05 , 118.894 , 0.0396314 , 3e+21 , 3.09564 , -5.4542 , 2.1777 , 0.0264862 , 0.0261352 , 0.0266286
3.63e-05 , 118.894 , 0.0396314 , 3e+21 , 3.09564 , -5.4542 , 2.1777 , 0.0264862 , 0.0261352 , 0.0266286
3.635e-05 , 118.894 , 0.0396314 , 3e+21 , 3.09564 , -5.4542 , 2.1777 , 0.0264862 , 0.0261352 , 0.0266286
3.64e-05 , 118.894 , 0.0396314 , 3e+21 , 3.09564 , -5.4542 , 2.1777 , 0.0264862 , 0.0261352 , 0.0266286
3.645e-05 , 118.894 , 0.0396314 , 3e+21 , 3.09564 , -5.4542 , 2.1777 , 0.0264862 , 0.0261352 , 0.0266286
3.65e-05 , 118.894 , 0.0396314 , 3e+21 , 3.09564 , -5.4542 , 2.1777 , 0.0264862 , 0.0261352 , 0.0266286
3.655e-05 , 118.894 , 0.0396314 , 3e+21 , 3.09564 , -5.4542 , 2.1777 , 0.0264862 , 0.0261352 , 0.0266286
3.66e-05 , 118.894 , 0.0396314 , 3e+21 , 3.09564 , -5.4542 , 2.1777 , 0.0264862 , 0.0261352 , 0.0266286
3.665e-05 , 118.894 , 0.0396314 , 3e+21 , 3.09564 , -5.4542 , 2.1777 , 0.0264862 , 0.0261352 , 0.0266286
3.67e-05 , 118.894 , 0.0396314 , 3e+21 , 3.09564 , -5.4542 , 2.1777 , 0.0264862 , 0.0261352 , 0.0266286
3.675e-05 , 118.894 , 0.0396314 , 3e+21 , 3.09564 , -5.4542 , 2.1777 , 0.0264862 , 0.0261352 , 0.0266286
3.68e-05 , 118.894 , 0.0396314 , 3e+21 , 3.09564 , -5.4542 , 2.1777 , 0.0264862 , 0.0261352 , 0.0266286
3.685e-05 , 118.894 , 0.0396314 , 3e+21 , 3.09564 , -5.4542 , 2.1777 , 0.0264862 , 0.0261352 , 0.0266286
3.69e-05 , 118.894 , 0.0396314 , 3e+21 , 3.09564 , -5.4542 , 2.1777 , 0.0264862 , 0.0261352 , 0.0266286
3.695e-05 , 118.894 , 0.0396314 , 3e+21 , 3.09564 , -5.4542 , 2.1777 , 0.0264862 , 0.0261352 , 0.0266286
3.7e-05 , 118.894 , 0.0396314 , 3e+21 , 3.09564 , -5.4542 , 2.1777 , 0.0264862 , 0.0261352 , 0.0266286
3.705e-05 , 118.894 , 0.0396314 , 3e+21 , 3.09564 , -5.4542 , 2.1777 , 0.0264862 , 0.0261352 , 0.0266286
3.71e-05 , 118.894 , 0.0396314 , 3e+21 , 3.09564 , -5.4542 , 2.1777 , 0.0264862 , 0.0261352 , 0.0266286
3.715e-05 , 118.894 , 0.0396314 , 3e+21 , 3.09564 , -5.4542 , 2.1777 , 0.0264862 , 0.0261352 , 0.0266286
3.72e-05 , 118.894 , 0.0396314 , 3e+21 , 3.09564 , -5.4542 , 2.1777 , 0.0264862 , 0.0261352 , 0.0266286
3.725e-05 , 118.894 , 0.0396314 , 3e+21 , 3.09564 , -5.4542 , 2.1777 , 0.0264862 , 0.0261352 , 0.0266286
3.73e-05 , 118.894 , 0.0396314 , 3e+21 , 3.09564 , -5.4542 , 2.1777 , 0.0264862 , 0.0261352 , 0.0266286
3.735e-05 , 118.894 , 0.0396314 , 3e+21 , 3.09564 , -5.4542 , 2.1777 , 0.0264862 , 0.0261352 , 0.0266286
3.74e-05 , 118.894 , 0.0396314 , 3e+21 , 3.09564 , -5.4542 , 2.1777 , 0.0264862 , 0.0261352 , 0.0266286
3.745e-05 , 118.894 , 0.0396314 , 3e+21 , 3.09564 , -5.4542 , 2.1777 , 0.0264862 , 0.0261352 , 0.0266286
3.75e-05 , 118.894 , 0.0396314 , 3e+21 , 3.09564 , -5.4542 , 2.1777 , 0.0264862 , 0.0261352 , 0.0266286
3.755e-05 , 118.894 , 0.0396314 , 3e+21 , 3.09564 , -5.4542 , 2.1777 , 0.0264862 , 0.0261352 , 0.0266286
3.76e-05 , 118.894 , 0.0396314 , 3e+21 , 3.09564 , -5.4542 , 2.1777 , 0.0264862 , 0.0261352 , 0.0266286
3.765e-05 , 118.894 , 0.0396314 , 3e+21 , 3.09564 , -5.4542 , 2.1777 , 0.0264862 , 0.0261352 , 0.0266286
3.77e-05 , 118.894 , 0.0396314 , 3e+21 , 3.09564 , -5.4542 , 2.1777 , 0.0264862 , 0.0261352 , 0.0266286
3.775e-05 , 118.894 , 0.0396314 , 3e+21 , 3.09564 , -5.4542 , 2.1777 , 0.0264862 , 0.0261352 , 0.0266286
3.78e-05 , 118.894 , 0.0396314 , 3e+21 , 3.09564 , -5.4542 , 2.1777 , 0.0264862 , 0.0261352 , 0.0266286
3.785e-05 , 118.894 , 0.0396314 , 3e+21 , 3.09564 , -5.4542 , 2.1777 , 0.0264862 , 0.0261352 , 0.0266286
3.79e-05 , 118.894 , 0.0396314 , 3e+21 , 3.09564 , -5.4542 , 2.1777 , 0.0264862 , 0.0261352 , 0.0266286
3.795e-05 , 118.894 , 0.0396314 , 3e+21 , 3.09564 , -5.4542 , 2.1777 , 0.0264862 , 0.0261352 , 0.0266286
3.8e-05 , 118.894 , 0.0396314 , 3e+21 , 3.09564 , -5.4542 , 2.1777 , 0.0264862 , 0.0261352 , 0.0266286
3.805e-05 , 118.894 , 0.0396314 , 3e+21 , 3.09564 , -5.4542 , 2.1777 , 0.0264862 , 0.0261352 , 0.0266286
3.81e-05 , 118.894 , 0.0396314 , 3e+21 , 3.09564 , -5.4542 , 2.1777 , 0.0264862 , 0.0261352 , 0.0266286
3.815e-05 , 118.894 , 0.0396314 , 3e+21 , 3.09564 , -5.4542 , 2.1777 , 0.0264862 , 0.0261352 , 0.0266286
3.82e-05 , 118.894 , 0.0396314 , 3e+21 , 3.09564 , -5.4542 , 2.1777 , 0.0264862 , 0.0261352 , 0.0266286
3.825e-05 , 118.894 , 0.0396314 , 3e+21 , 3.09564 , -5.4542 , 2.1777 , 0.0264862 , 0.0261352 , 0.0266286
3.83e-05 , 118.894 , 0.0396314 , 3e+21 , 3.09564 , -5.4542 , 2.1777 , 0.0264862 , 0.0261352 , 0.0266286
3.835e-05 , 118.894 , 0.0396314 , 3e+21 , 3.09564 , -5.4542 , 2.1777 , 0.0264862 , 0.0261352 , 0.0266286
3.84e-05 , 118.894 , 0.0396314 , 3e+21 , 3.09564 , -5.4542 , 2.1777 , 0.0264862 , 0.0261352 , 0.0266286
3.845e-05 , 118.894 , 0.0396314 , 3e+21 , 3.09564 , -5.4542 , 2.1777 , 0.0264862 , 0.0261352 , 0.0266286
3.85e-05 , 118.894 , 0.0396314 , 3e+21 , 3.09564 , -5.4542 , 2.1777 , 0.0264862 , 0.0261352 , 0.0266286
3.855e-05 , 118.894 , 0.0396314 , 3e+21 , 3.09564 , -5.4542 , 2.1777 , 0.0264862 , 0.0261352 , 0.0266286
3.86e-05 , 118.894 , 0.0396314 , 3e+21 , 3.09564 , -5.4542 , 2.1777 , 0.0264862 , 0.0261352 , 0.0266286
3.865e-05 , 118.894 , 0.0396314 , 3e+21 , 3.09564 , -5.4542 , 2.1777 , 0.0264862 , 0.0261352 , 0.0266286
3.87e-05 , 118.894 , 0.0396314 , 3e+21 , 3.09564 , -5.4542 , 2.1777 , 0.0264862 , 0.0261352 , 0.0266286
3.875e-05 , 118.894 , 0.0396314 , 3e+21 , 3.09564 , -5.4542 , 2.1777 , 0.0264862 , 0.0261352 , 0.0266286
3.88e-05 , 118.894 , 0.0396314 , 3e+21 , 3.09564 , -5.4542 , 2.1777 , 0.0264862 , 0.0261352 , 0.0266286
3.885e-05 , 118.894 , 0.0396314 , 3e+21 , 3.09564 , -5.4542 , 2.1777 , 0.0264862 , 0.0261352 , 0.0266286
3.89e-05 , 118.894 , 0.0396314 , 3e+21 , 3.09564 , -5.4542 , 2.1777 , 0.0264862 , 0.0261352 , 0.0266286
3.895e-05 , 118.894 , 0.0396314 , 3e+21 , 3.09564 , -5.4542 , 2.1777 , 0.0264862 , 0.0261352 , 0.0266286
3.9e-05 , 118.894 , 0.0396314 , 3e+21 , 3.09564 , -5.4542 , 2.1777 , 0.0264862 , 0.0261352 , 0.0266286
3.905e-05 , 118.894 , 0.0396314 , 3e+21 , 3.09564 , -5.4542 , 2.1777 , 0.0264862 , 0.0261352 , 0.0266286
3.91e-05 , 118.894 , 0.0396314 , 3e+21 , 3.09564 , -5.4542 , 2.1777 , 0.0264862 , 0.0261352 , 0.0266286
3.915e-05 , 118.894 , 0.0396314 , 3e+21 , 3.09564 , -5.4542 , 2.1777 , 0.0264862 , 0.0261352 , 0.0266286
3.92e-05 , 118.894 , 0.0396314 , 3e+21 , 3.09564 , -5.4542 , 2.1777 , 0.0264862 , 0.0261352 , 0.0266286
3.925e-05 , 118.894 , 0.0396314 , 3e+21 , 3.09564 , -5.4542 , 2.1777 , 0.0264862 , 0.0261352 , 0.0266286
3.93e-05 , 118.894 , 0.0396314 , 3e+21 , 3.09564 , -5.4542 , 2.1777 , 0.0264862 , 0.0261352 , 0.0266286
3.935e-05 , 118.894 , 0.0396314 , 3e+21 , 3.09564 , -5.4542 , 2.1777 , 0.0264862 , 0.0261352 , 0.0266286
3.94e-05 , 118.894 , 0.0396314 , 3e+21 , 3.09564 , -5.4542 , 2.1777 , 0.0264862 , 0.0261352 , 0.0266286
3.945e-05 , 118.894 , 0.0396314 , 3e+21 , 3.09564 , -5.4542 , 2.1777 , 0.0264862 , 0.0261352 , 0.0266286
3.95e-05 , 118.894 , 0.0396314 , 3e+21 , 3.09564 , -5.4542 , 2.1777 , 0.0264862 , 0.0261352 , 0.0266286
3.955e-05 , 118.894 , 0.0396314 , 3e+21 , 3.09564 , -5.4542 , 2.1777 , 0.0264862 , 0.0261352 , 0.0266286
3.96e-05 , 118.894 , 0.0396314 , 3e+21 , 3.09564 , -5.4542 , 2.1777 , 0.0264862 , 0.0261352 , 0.0266286
3.965e-05 , 118.894 , 0.0396314 , 3e+21 , 3.09564 , -5.4542 , 2.1777 , 0.0264862 , 0.0261352 , 0.0266286
3.97e-05 , 118.894 , 0.0396314 , 3e+21 , 3.09564 , -5.4542 , 2.1777 , 0.0264862 , 0.0261352 , 0.0266286
3.975e-05 , 118.894 , 0.0396314 , 3e+21 , 3.09564 , -5.4542 , 2.1777 , 0.0264862 , 0.0261352 , 0.0266286
3.98e-05 , 118.894 , 0.0396314 , 3e+21 , 3.09564 , -5.4542 , 2.1777 , 0.0264862 , 0.0261352 , 0.0266286
3.985e-05 , 118.894 , 0.0396314 , 3e+21 , 3.09564 , -5.4542 , 2.1777 , 0.0264862 , 0.0261352 , 0.0266286
3.99e-05 , 118.894 , 0.0396314 , 3e+21 , 3.09564 , -5.4542 , 2.1777 , 0.0264862 , 0.0261352 , 0.0266286
3.995e-05 , 118.894 , 0.0396314 , 3e+21 , 3.09564 , -5.4542 , 2.1777 , 0.0264862 , 0.0261352 , 0.0266286
4e-05 , 118.894 , 0.0396314 , 3e+21 , 3.09564 , -5.4542 , 2.1777 , 0.0264862 , 0.0261352 , 0.0266286
