0.0	0.0
13.074	0.0
13.0749	5.32995e-24
13.0885	3.63305e-23
13.1021	5.18197e-23
13.1157	7.59447e-23
13.1293	1.02951e-22
13.1429	1.10942e-22
13.1565	1.16601e-22
13.1701	1.22029e-22
13.1837	1.30007e-22
13.1973	1.54372e-22
13.2109	2.09412e-22
13.2246	7.79617e-23
13.2382	8.36597e-23
13.2518	8.66276e-23
13.2654	8.93732e-23
13.279	8.98047e-23
13.2926	8.91152e-23
13.3062	8.71935e-23
13.3198	8.33887e-23
13.3334	7.92856e-23
13.347	7.22624e-23
13.3606	6.9018e-23
13.3742	6.59436e-23
13.3878	7.26072e-23
13.4014	7.38719e-23
13.415	7.17998e-23
13.4286	7.08524e-23
13.4422	6.87308e-23
13.4558	6.43517e-23
13.4695	5.87562e-23
13.4831	5.36518e-23
13.4967	4.81713e-23
13.5103	4.51721e-23
13.5239	4.27314e-23
13.5375	4.08853e-23
13.5511	3.99024e-23
13.5647	4.25152e-23
13.5783	6.65777e-23
13.5919	6.17557e-23
13.6055	5.51215e-23
13.6191	5.49108e-23
13.6327	5.4569e-23
13.6463	5.15957e-23
13.6599	5.02288e-23
13.6735	4.90635e-23
13.6871	4.81299e-23
13.7007	4.74214e-23
13.7144	4.68821e-23
13.728	4.6332e-23
13.7416	4.60916e-23
13.7552	4.60093e-23
13.7688	4.60312e-23
13.7824	4.62736e-23
13.796	4.62696e-23
13.8096	4.63665e-23
13.8232	4.64453e-23
13.8368	4.65072e-23
13.8504	4.65871e-23
13.864	4.66981e-23
13.8776	4.6872e-23
13.8912	4.71518e-23
13.9048	4.76673e-23
13.9184	4.75516e-23
13.932	4.85012e-23
13.9456	4.99191e-23
13.9593	5.28172e-23
13.9729	5.76705e-23
13.9865	5.20622e-23
14.0001	4.71601e-23
14.0137	4.7067e-23
14.0273	4.70824e-23
14.0409	4.77116e-23
14.0545	4.81873e-23
14.0681	4.81546e-23
14.0817	4.78863e-23
14.0953	4.95756e-23
14.1089	4.82456e-23
14.1225	4.65106e-23
14.1361	4.26173e-23
14.1497	4.17813e-23
14.1633	4.07006e-23
14.1769	3.75084e-23
14.1905	3.64514e-23
14.2041	3.46167e-23
14.2178	3.43527e-23
14.2314	3.48041e-23
14.245	3.62898e-23
14.2586	3.80576e-23
14.2722	3.97948e-23
14.2858	3.89621e-23
14.2994	4.39378e-23
14.313	4.60379e-23
14.3266	4.62144e-23
14.3402	4.83485e-23
14.3538	4.86869e-23
14.3674	4.6984e-23
14.381	4.67229e-23
14.3946	4.63314e-23
14.4082	4.66929e-23
14.4218	4.39326e-23
14.4354	4.2675e-23
14.449	4.37582e-23
14.4627	4.39835e-23
14.4763	4.52029e-23
14.4899	4.50199e-23
14.5035	4.58047e-23
14.5171	4.64645e-23
14.5307	4.86442e-23
14.5443	5.10231e-23
14.5579	4.9487e-23
14.5715	5.2345e-23
14.5851	5.04601e-23
14.5987	4.79784e-23
14.6123	4.41407e-23
14.6259	4.75197e-23
14.6395	4.76614e-23
14.6531	4.77378e-23
14.6667	4.73712e-23
14.6803	4.81442e-23
14.6939	4.78639e-23
14.7076	4.9046e-23
14.7212	4.86052e-23
14.7348	4.90034e-23
14.7484	4.94234e-23
14.762	5.22642e-23
14.7756	5.19852e-23
14.7892	5.39896e-23
14.8028	5.28219e-23
14.8164	5.14893e-23
14.83	5.06648e-23
14.8436	5.01263e-23
14.8572	4.76696e-23
14.8708	4.55526e-23
14.8844	4.51933e-23
14.898	4.48169e-23
14.9116	4.50615e-23
14.9252	4.51573e-23
14.9388	4.61585e-23
14.9661	4.45422e-23
14.9797	4.75002e-23
14.9933	4.42299e-23
15.0069	4.52018e-23
15.0205	4.66102e-23
15.0341	4.41834e-23
15.0477	4.37841e-23
15.0613	4.5202e-23
15.0749	4.39027e-23
15.0885	4.70365e-23
15.1021	4.78497e-23
15.1157	4.76978e-23
15.1293	4.70936e-23
15.1429	4.56586e-23
15.1565	4.74113e-23
15.1837	4.72818e-23
15.1974	4.51803e-23
15.211	4.79871e-23
15.2246	4.93782e-23
15.2382	4.95024e-23
15.2518	4.76658e-23
15.2654	4.67866e-23
15.279	4.75992e-23
15.2926	4.74623e-23
15.3062	4.85727e-23
15.3198	5.01292e-23
15.3334	5.09957e-23
15.347	5.25038e-23
15.3606	5.33065e-23
15.3742	5.56125e-23
15.3878	5.57487e-23
15.415	5.73345e-23
15.4286	5.88046e-23
15.4423	5.87573e-23
15.4559	5.78238e-23
15.4695	5.8387e-23
15.4831	5.99253e-23
15.4967	5.84079e-23
15.5103	5.90649e-23
15.5239	5.9929e-23
15.5375	6.1736e-23
15.5511	6.33216e-23
15.5647	7.08195e-23
15.5783	6.49916e-23
15.5919	6.61354e-23
15.6055	6.70696e-23
15.6191	6.694e-23
15.6327	6.62889e-23
15.6463	6.64156e-23
15.6599	6.57972e-23
15.6735	6.60082e-23
15.6872	6.9233e-23
15.7008	6.94274e-23
15.7144	6.73644e-23
15.728	6.68969e-23
15.7416	6.5767e-23
15.7552	6.51481e-23
15.7688	6.49717e-23
15.7824	6.57752e-23
15.796	6.55717e-23
15.8096	6.67469e-23
15.8232	6.59072e-23
15.8368	6.26788e-23
16.0001	6.32744e-23
16.7501	7.93156e-23
17.2501	8.64119e-23
17.5001	9.84398e-23
18.0001	9.68936e-23
18.0501	9.88809e-23
18.1001	1.02111e-22
18.1501	1.04034e-22
18.2501	1.05436e-22
19.2501	1.09322e-22
20.0001	1.21152e-22
21.0001	1.17645e-22
22.0001	1.35073e-22
23.0001	1.22152e-22
24.0001	1.21467e-22
25.0001	1.13786e-22
30.0001	7.92515e-23
35.0002	4.85124e-23
40.0002	3.55049e-23
50.0002	1.53351e-23
60.0003	1.06383e-23
70.0003	9.08026e-24
80.0004	7.17413e-24
90.0004	5.87797e-24
100.0	4.94452e-24
125.001	2.98572e-24
150.001	1.82444e-24
175.001	1.20325e-24
200.001	8.43531e-25
225.001	6.19515e-25
250.001	4.70751e-25
275.001	3.66733e-25
300.001	2.90785e-25