0,0,0,0,0,0,0,0,0,0,0,0,0,0,0,0,0,0,0,0,0,0,0,0,0,0,0,0,0,0,0,0,0,0
100,22887,0,0,0,0,0,0,0,0,0,0,0,0,0,0,0,0,0,0,0,0,0,0,0,0,0,0,0,0,0,0,0,0
200,172788,0,0,0,0,0,0,0,0,0,0,0,0,0,0,0,0,0,0,0,0,0,0,0,0,0,0,0,0,0,0,0,0
300,388821,0,0,0,0,0,0,0,0,0,0,0,0,0,0,0,0,0,0,0,0,0,0,0,0,0,0,0,0,0,0,0,0
400,652673,0,0,0,0,0,0,0,0,0,0,0,0,0,0,0,0,0,0,0,0,0,0,1,4,3,5,0,0,1,0,0,0
500,959196,0,0,0,0,0,0,0,0,0,0,0,0,0,0,0,0,0,0,1,1,0,1,2,18,8,15,0,0,2,0,0,0
600,1300761,0,0,0,0,0,1,0,0,0,0,1,0,4,1,1,1,1,4,1,4,6,1,3,58,28,36,0,0,3,2,8,2
700,1672446,1,0,0,0,0,1,0,2,1,0,2,0,8,2,1,3,1,13,5,9,9,7,8,109,71,65,0,1,4,2,30,6
800,2068945,5,0,1,0,0,3,8,3,2,4,4,4,16,8,1,3,8,17,7,17,14,16,17,200,126,123,0,4,10,4,57,20
900,2482312,8,0,1,0,0,4,9,7,3,4,8,5,31,9,3,4,10,22,12,27,25,29,26,309,189,194,0,9,11,8,98,39
1000,2910744,12,2,4,0,1,8,11,10,3,6,10,8,47,15,5,7,15,27,14,48,45,39,35,433,256,273,0,15,19,12,144,59
1100,3348598,14,3,5,0,1,9,16,12,4,10,15,13,62,20,7,8,25,40,18,64,74,55,48,578,341,341,0,23,29,18,197,84
1200,3793007,20,5,7,0,2,12,22,21,4,15,22,16,78,29,8,12,32,51,20,84,89,66,62,746,426,437,0,28,37,24,275,125
1300,4242750,29,8,8,0,3,15,24,26,5,22,25,21,104,32,14,15,34,59,26,107,110,78,79,927,508,536,0,34,52,24,346,170
1400,4695109,35,11,9,0,3,16,28,34,7,24,31,28,121,42,17,17,42,68,32,131,136,98,91,1084,587,632,0,42,63,32,430,221
1500,5149438,44,11,13,1,3,20,34,42,9,28,34,37,144,50,18,20,49,77,37,160,156,108,105,1247,672,732,0,53,72,36,515,257
1600,5606135,56,17,15,1,5,24,38,54,10,38,36,44,171,63,20,20,54,92,46,179,176,121,118,1428,774,830,0,59,79,46,603,317
1700,6064769,60,18,16,1,7,29,42,56,13,43,42,50,193,70,23,22,56,109,52,199,206,134,124,1623,878,942,0,67,86,48,683,365
1800,6524793,69,21,19,1,9,30,47,63,15,44,51,54,216,85,26,26,63,124,56,225,232,142,136,1810,974,1056,0,75,106,56,755,396
1900,6983792,76,24,21,1,10,35,51,68,17,45,53,60,239,95,29,32,68,139,60,267,258,159,157,1990,1076,1159,0,86,117,63,834,443
2000,7445163,87,28,25,1,12,40,60,74,17,50,56,67,260,102,31,36,74,157,68,293,284,172,169,2176,1165,1249,0,91,127,71,926,501
2100,7906689,92,30,27,1,13,45,68,82,21,53,60,77,285,112,37,41,85,175,76,315,312,190,191,2336,1277,1355,0,101,134,78,1012,539
2200,8366090,105,32,28,2,14,54,72,89,24,59,65,81,308,122,42,44,87,190,84,343,333,208,204,2526,1370,1480,0,109,143,86,1099,590
2300,8825637,114,35,31,2,14,57,84,94,25,63,71,87,322,134,44,47,91,206,95,361,349,221,220,2734,1496,1593,0,118,153,92,1190,636
2400,9288023,124,37,32,2,14,66,92,103,29,65,75,90,353,144,47,49,96,221,101,377,368,234,244,2920,1579,1688,1,124,157,99,1270,696
2500,9750830,133,41,36,2,16,74,98,107,32,70,79,95,378,154,50,54,105,233,106,403,397,248,257,3111,1685,1790,1,134,163,103,1353,754
2600,10212852,142,44,39,2,18,78,108,112,33,76,84,100,412,162,52,57,111,246,112,423,419,265,271,3315,1774,1904,1,141,171,109,1457,802
2700,10676321,149,45,41,2,21,80,111,118,35,84,87,108,431,170,55,63,121,266,120,452,446,277,292,3517,1881,2021,1,146,178,113,1529,855
2800,11139394,155,46,46,2,23,85,118,126,36,86,95,110,452,186,59,68,128,287,128,476,471,300,301,3706,1980,2130,2,154,183,120,1616,904
2900,11601729,162,54,47,2,24,86,124,137,37,91,98,114,482,199,64,74,133,309,133,504,498,319,324,3901,2075,2247,2,162,191,125,1702,953
3000,12062840,167,57,50,2,24,93,132,144,38,94,101,121,497,210,69,79,135,322,140,535,526,344,344,4076,2173,2356,3,167,202,131,1803,1007
3100,12523893,177,59,51,2,24,97,138,148,38,99,103,127,525,221,73,83,143,338,144,552,550,366,359,4260,2279,2469,3,177,208,134,1879,1061
3200,12982551,187,60,52,2,25,103,144,152,42,101,107,129,543,226,78,85,150,355,148,574,579,387,368,4468,2363,2603,4,185,221,144,1956,1112
3300,13440511,194,66,55,2,25,108,154,156,43,102,113,136,570,234,81,88,155,369,155,589,596,404,381,4632,2483,2700,4,193,229,149,2059,1165
3400,13898831,198,68,62,2,26,114,160,164,45,104,116,142,596,248,84,90,162,379,160,619,622,424,402,4810,2581,2796,4,198,239,152,2140,1215
3500,14356399,202,73,66,2,26,116,169,171,47,107,118,149,622,255,91,94,163,388,168,649,636,440,413,4995,2700,2910,4,200,247,157,2214,1273
3600,14815604,212,76,68,2,28,118,174,172,48,110,122,158,641,263,92,97,168,403,174,674,658,464,431,5179,2797,3033,4,213,260,162,2303,1317
3700,15274955,221,78,71,2,29,123,181,181,48,114,125,161,661,270,96,99,173,424,179,711,680,482,450,5344,2886,3153,4,224,275,167,2387,1369
3800,15735791,232,78,73,2,32,126,190,191,50,116,131,168,679,279,99,103,178,437,188,741,699,498,467,5510,2980,3245,4,227,283,179,2465,1416
3900,16197929,239,79,76,2,34,130,196,196,53,121,136,173,705,292,100,109,186,449,192,767,712,514,488,5701,3069,3350,4,236,290,191,2549,1463
4000,16660288,243,83,78,2,35,134,200,202,53,127,141,182,729,301,105,111,193,467,194,783,729,531,507,5916,3161,3463,4,238,307,197,2628,1518
4100,17126115,252,85,80,2,35,138,204,207,56,128,148,191,753,307,111,112,199,484,198,801,762,546,529,6102,3245,3584,4,244,316,200,2697,1570
4200,17590112,261,88,82,2,36,140,211,210,56,132,153,193,787,315,113,116,209,507,203,825,790,562,551,6278,3331,3696,5,251,326,203,2795,1612
4300,18054674,270,89,84,2,39,142,218,216,57,136,155,196,814,326,117,119,212,521,210,849,814,584,568,6436,3419,3815,5,260,339,210,2876,1665
4400,18518627,274,92,91,2,39,144,222,225,58,140,161,203,840,340,123,122,218,542,217,868,841,599,584,6634,3509,3922,5,268,345,218,2968,1715
4500,18982031,277,96,94,2,39,147,227,230,60,144,166,205,869,355,123,125,226,563,220,892,862,622,603,6839,3615,4027,5,273,352,227,3055,1768
4600,19446448,284,101,96,2,39,150,233,235,61,145,171,210,897,365,125,130,234,582,226,928,886,640,625,7032,3700,4156,5,286,366,231,3147,1821
4700,19909755,294,102,99,2,40,156,243,244,63,153,174,219,924,374,129,133,242,597,233,946,917,654,646,7213,3800,4261,5,294,377,237,3246,1871
4800,20374025,305,105,102,2,42,164,248,251,63,155,182,227,940,383,129,137,245,612,241,968,939,672,661,7394,3891,4372,5,303,388,243,3330,1922
4900,20837481,308,109,103,2,43,175,260,253,64,158,190,233,962,392,132,141,256,640,245,994,960,685,678,7592,3987,4486,5,306,410,247,3414,1972
5000,21299456,318,112,105,2,43,178,267,259,65,163,192,237,983,406,133,143,261,656,248,1017,982,701,693,7765,4115,4599,5,312,423,253,3504,2022
5100,21761180,329,114,109,2,43,182,270,266,67,166,199,242,1000,413,138,149,268,666,253,1039,1010,711,711,7975,4200,4696,5,317,431,256,3582,2058
5200,22226181,337,115,112,2,44,186,280,271,68,166,207,246,1020,423,143,152,273,684,260,1065,1033,725,727,8171,4301,4813,5,325,443,262,3667,2121
5300,22687916,343,119,115,2,44,191,284,277,68,171,209,252,1047,439,146,154,279,707,264,1093,1057,743,746,8381,4420,4929,5,331,455,268,3758,2179
5400,23148706,350,122,119,2,44,194,294,281,69,174,218,257,1070,447,151,158,283,729,272,1119,1077,766,758,8563,4521,5045,5,336,465,274,3847,2222
5500,23610005,358,127,120,2,44,197,301,291,71,176,222,261,1098,463,153,161,289,748,279,1137,1106,784,769,8746,4618,5167,5,339,481,281,3941,2260
5600,24071272,366,129,123,2,45,204,303,300,71,182,230,268,1125,473,155,165,293,774,283,1158,1139,806,783,8928,4722,5267,5,345,496,287,4040,2312
5700,24534518,373,133,125,2,46,206,309,306,73,185,233,277,1150,485,158,167,295,786,292,1176,1163,817,804,9112,4812,5371,5,354,505,293,4119,2352
5800,24998157,377,135,126,2,46,211,316,312,75,187,237,281,1175,495,162,170,301,800,297,1198,1184,831,819,9309,4899,5470,5,362,516,298,4211,2405
5900,25459827,388,138,131,2,48,218,323,315,76,193,241,286,1194,509,162,173,304,816,303,1217,1215,853,837,9503,5024,5585,5,366,531,304,4314,2443
6000,25920817,392,141,135,2,48,223,325,325,77,196,246,288,1224,519,165,177,307,839,313,1236,1239,877,849,9683,5114,5694,5,370,542,313,4397,2500
6100,26382091,403,145,138,2,49,225,331,335,78,198,253,293,1243,528,171,179,311,854,318,1250,1267,895,864,9898,5217,5803,5,372,548,320,4482,2557
6200,26845136,415,151,142,2,50,230,338,344,82,199,256,303,1260,538,176,184,322,873,323,1265,1287,913,874,10077,5315,5907,5,387,562,325,4560,2610
6300,27306730,426,154,144,2,51,235,346,347,84,204,261,308,1287,545,181,192,328,888,326,1292,1311,935,896,10259,5419,6027,5,395,571,331,4648,2668
6400,27767382,432,157,145,2,52,240,364,354,85,213,265,320,1309,557,185,195,334,901,330,1310,1332,953,912,10452,5503,6128,5,407,582,334,4729,2720
6500,28228860,440,159,146,2,52,249,370,366,86,215,270,326,1330,567,188,200,340,912,335,1334,1356,971,935,10640,5606,6241,5,415,594,343,4810,2768
6600,28689151,448,162,152,2,52,254,373,377,89,219,274,336,1353,580,192,202,345,927,340,1362,1382,991,954,10841,5695,6356,5,422,611,355,4886,2808
6700,29151848,452,165,154,2,53,257,381,381,90,220,281,340,1376,591,193,207,349,948,342,1387,1403,1003,969,11024,5791,6458,5,427,623,359,4950,2855
6800,29617564,462,167,159,2,53,264,391,387,91,222,283,346,1398,601,196,214,354,962,347,1412,1428,1017,995,11196,5888,6551,5,435,636,367,5036,2908
6900,30083282,474,167,160,2,54,273,401,392,92,226,291,350,1425,609,199,220,356,975,351,1438,1456,1030,1011,11390,5973,6642,6,442,645,377,5109,2958
7000,30549089,482,169,160,2,57,276,404,400,94,231,294,353,1443,619,202,221,361,990,359,1467,1485,1050,1033,11601,6078,6751,6,452,655,382,5193,3008
7100,31013578,493,171,163,2,57,279,410,406,95,234,303,362,1469,627,202,223,370,1009,362,1497,1511,1062,1062,11770,6199,6879,6,461,667,386,5299,3059
7200,31476971,500,172,165,2,57,285,417,416,96,238,306,369,1486,637,206,226,383,1022,366,1516,1534,1080,1081,11950,6313,6992,6,466,673,393,5395,3098
7300,31940951,507,174,168,2,57,290,426,423,96,245,309,372,1509,647,210,228,386,1041,375,1530,1559,1093,1106,12143,6416,7114,6,471,679,396,5473,3145
7400,32406614,515,178,171,2,57,294,430,436,96,250,313,381,1538,659,212,235,395,1059,378,1553,1579,1115,1128,12341,6509,7204,6,477,691,404,5550,3191
7500,32870397,524,180,174,2,57,296,435,439,96,256,318,388,1566,667,216,238,402,1072,387,1580,1604,1126,1149,12535,6635,7328,6,483,703,409,5650,3242
7600,33333849,533,183,177,2,58,301,439,445,96,260,322,393,1589,677,222,242,404,1088,396,1613,1628,1142,1167,12704,6735,7461,6,492,713,413,5737,3288
7700,33797384,544,188,179,2,59,307,450,450,96,262,327,397,1617,688,227,245,407,1103,401,1644,1653,1168,1189,12904,6830,7591,6,502,731,418,5809,3336
7800,34260020,549,190,184,2,59,310,459,456,98,265,331,402,1637,702,229,249,414,1124,409,1670,1674,1187,1201,13083,6945,7713,6,510,737,428,5900,3383
7900,34721866,554,192,185,2,61,316,468,461,100,271,333,407,1666,712,234,255,424,1135,416,1689,1697,1205,1225,13265,7057,7814,6,514,749,431,5995,3433
8000,35186755,561,196,188,2,62,320,477,468,103,277,339,413,1689,722,240,258,427,1161,422,1714,1725,1216,1245,13453,7156,7918,6,522,764,438,6083,3473
8100,35652953,568,199,191,2,66,324,478,477,106,282,345,418,1703,729,246,259,432,1187,427,1739,1749,1235,1262,13643,7254,8020,6,532,778,443,6164,3528
8200,36118279,576,205,193,2,66,325,488,484,106,285,351,420,1722,741,247,262,438,1207,430,1765,1774,1249,1282,13825,7351,8126,6,542,794,449,6252,3591
8300,36583054,580,206,196,2,69,330,494,494,108,290,355,424,1740,753,250,264,444,1219,436,1799,1794,1263,1297,14017,7445,8251,6,553,803,457,6330,3644
8400,37048016,591,206,201,2,69,338,504,503,108,294,361,425,1764,758,256,268,449,1232,440,1823,1818,1283,1312,14198,7556,8345,6,562,814,465,6429,3693
8500,37511342,597,210,203,2,73,340,509,512,110,297,363,429,1779,769,258,269,459,1251,448,1859,1842,1302,1333,14381,7670,8445,6,572,826,471,6509,3744
8600,37976299,604,213,204,2,76,345,514,523,112,302,369,435,1800,780,260,272,472,1264,453,1883,1874,1320,1349,14572,7761,8549,6,580,837,474,6586,3801
8700,38441232,612,217,209,2,77,348,516,530,113,305,374,441,1819,790,262,277,476,1278,459,1905,1899,1343,1367,14793,7851,8663,6,588,851,481,6664,3843
8800,38904706,620,218,211,2,78,354,526,538,114,307,378,446,1837,798,263,282,482,1290,466,1932,1921,1355,1381,14993,7933,8780,6,595,863,484,6756,3891
8900,39369502,627,223,212,2,81,361,532,549,115,309,385,450,1854,809,265,284,488,1315,470,1952,1943,1362,1400,15174,8028,8883,6,602,879,490,6860,3946
9000,39833603,636,224,212,2,81,368,543,554,115,313,387,457,1868,819,266,289,494,1333,483,1967,1966,1383,1418,15364,8112,8978,6,607,890,497,6952,3990
9100,40300323,646,225,213,2,83,373,550,559,115,319,397,458,1884,826,268,291,499,1345,494,1991,1995,1403,1442,15560,8214,9080,6,616,898,502,7042,4047
9200,40766427,654,229,216,2,85,377,561,561,117,321,404,464,1914,833,270,296,507,1365,499,2012,2021,1417,1461,15764,8318,9185,6,626,907,510,7140,4100
9300,41229569,660,230,220,2,87,377,572,570,120,324,412,469,1940,840,271,299,507,1378,506,2039,2047,1434,1477,15939,8419,9281,6,631,922,512,7231,4156
9400,41691853,665,234,225,2,87,383,580,579,124,330,417,473,1965,844,276,302,514,1397,515,2061,2070,1460,1492,16143,8532,9401,6,637,928,515,7318,4204
9500,42154593,673,239,227,2,88,387,587,588,128,333,419,477,1978,854,277,305,526,1412,522,2092,2089,1480,1508,16333,8619,9516,6,645,936,528,7403,4253
9600,42618854,680,243,229,2,89,388,595,597,132,337,424,490,1996,861,281,306,531,1424,526,2109,2115,1497,1517,16519,8724,9623,6,651,946,533,7485,4296
9700,43083415,692,247,232,2,91,394,600,608,133,338,430,497,2014,870,282,309,536,1440,531,2133,2146,1520,1543,16721,8815,9730,6,663,958,539,7562,4352
9800,43547841,709,252,235,2,94,397,605,613,134,342,435,501,2033,878,286,312,545,1455,542,2150,2165,1533,1564,16918,8905,9819,6,666,972,547,7664,4409
9900,44009565,720,253,236,2,95,399,617,622,135,345,438,509,2060,889,292,317,554,1472,551,2178,2195,1548,1590,17129,9010,9915,6,671,978,556,7762,4463
10000,44469864,724,255,237,2,95,403,625,628,136,350,444,517,2075,898,295,321,558,1483,553,2209,2219,1568,1606,17318,9121,10004,6,681,986,565,7851,4520
10100,44930515,736,258,238,2,97,412,637,635,138,352,449,522,2094,908,299,323,565,1503,560,2233,2248,1587,1624,17517,9214,10132,6,693,992,574,7923,4565
10200,45392844,740,261,242,2,98,416,642,642,141,354,451,529,2113,927,305,328,570,1516,569,2255,2267,1605,1645,17708,9302,10225,6,700,1003,580,7998,4608
10300,45859247,746,263,243,2,100,419,650,648,145,356,455,535,2137,935,309,329,576,1533,576,2289,2297,1620,1662,17897,9391,10313,7,709,1010,584,8081,4680
10400,46324475,752,264,247,2,100,422,654,653,149,362,463,540,2160,945,312,334,586,1555,585,2315,2317,1633,1678,18078,9482,10418,7,715,1023,588,8186,4744
10500,46788834,761,265,250,2,101,423,663,658,152,370,468,546,2175,957,315,339,590,1565,589,2338,2339,1648,1707,18284,9581,10521,7,721,1035,592,8266,4803
10600,47255637,769,270,252,3,101,431,669,663,153,374,472,554,2193,965,320,342,598,1580,595,2366,2362,1667,1726,18447,9677,10621,8,727,1050,599,8364,4857
10700,47721008,773,272,258,3,101,433,679,675,156,376,476,562,2216,978,324,346,605,1596,602,2391,2385,1681,1749,18646,9778,10720,8,733,1057,604,8466,4906
10800,48184400,777,276,265,3,102,438,683,681,160,382,478,567,2236,991,330,347,609,1614,606,2414,2407,1699,1766,18844,9877,10839,8,744,1067,611,8541,4952
10900,48647293,783,277,266,3,105,441,694,684,162,385,481,571,2266,997,332,350,613,1626,608,2435,2433,1720,1778,19033,9986,10962,9,754,1078,613,8614,5007
11000,49110878,790,281,270,3,106,444,700,692,162,388,484,576,2287,1003,336,352,623,1642,614,2451,2454,1733,1790,19191,10074,11071,9,766,1089,621,8697,5065
11100,49573480,796,284,275,3,107,452,705,699,162,392,489,581,2307,1012,342,354,629,1655,621,2476,2474,1748,1812,19379,10178,11185,9,770,1103,631,8792,5113
11200,50036828,804,288,279,3,108,456,714,710,162,395,493,584,2329,1021,345,358,632,1666,625,2498,2497,1766,1829,19570,10314,11299,9,781,1118,641,8871,5163
11300,50497555,807,290,281,3,109,459,720,717,162,402,496,592,2354,1031,348,363,637,1685,628,2517,2525,1781,1837,19747,10420,11408,9,791,1134,647,8975,5208
11400,50960021,820,291,286,3,110,462,727,724,164,407,503,598,2374,1045,352,366,647,1698,639,2540,2547,1799,1860,19938,10512,11526,9,796,1147,652,9068,5260
11500,51422682,828,293,289,3,110,464,734,730,167,413,507,604,2402,1053,353,367,653,1715,647,2571,2569,1816,1880,20132,10604,11612,9,801,1158,658,9140,5312
11600,51886957,836,295,293,3,110,465,741,740,169,417,510,612,2431,1061,357,370,658,1727,653,2597,2589,1836,1891,20329,10701,11730,9,811,1164,662,9226,5351
11700,52351028,842,297,296,3,111,469,754,747,170,420,516,618,2456,1072,360,375,663,1736,659,2611,2629,1853,1906,20514,10812,11833,9,817,1172,668,9312,5395
11800,52815976,846,300,298,3,113,474,760,751,172,425,518,622,2476,1082,364,377,671,1757,664,2636,2650,1869,1923,20687,10904,11934,9,829,1178,672,9417,5456
11900,53281824,849,301,302,3,114,476,763,760,173,428,519,627,2501,1096,368,380,677,1777,667,2659,2681,1890,1941,20878,11004,12047,9,833,1189,678,9496,5511
12000,53747326,858,302,305,3,115,482,770,768,173,436,522,634,2534,1103,372,385,683,1791,674,2684,2703,1909,1956,21067,11107,12137,9,837,1204,692,9595,5554
12100,54213235,867,302,308,3,115,485,781,777,175,440,530,640,2557,1115,374,388,689,1809,676,2713,2731,1934,1968,21274,11216,12252,9,841,1210,695,9688,5597
12200,54678851,874,304,310,3,117,491,791,785,177,446,533,646,2580,1127,376,389,696,1829,680,2735,2751,1952,1977,21466,11343,12357,9,847,1224,699,9783,5651
12300,55143772,881,312,313,3,118,497,798,786,180,452,537,657,2607,1136,381,391,702,1844,683,2757,2776,1971,1991,21637,11456,12468,9,857,1237,710,9869,5703
12400,55608124,890,315,314,3,119,504,802,795,182,455,539,664,2633,1153,384,398,709,1858,687,2775,2802,1992,2007,21844,11548,12570,9,866,1245,716,9963,5759
12500,56072397,896,316,317,3,119,506,805,803,183,461,543,675,2652,1164,389,398,716,1866,689,2806,2822,2010,2024,22021,11628,12672,10,874,1255,724,10055,5804
12600,56537300,905,319,319,3,121,510,814,810,183,464,548,681,2671,1173,393,399,720,1878,698,2832,2839,2025,2042,22222,11726,12772,10,878,1267,730,10140,5858
12700,57000848,913,321,319,3,122,515,820,816,183,467,554,684,2697,1175,393,405,727,1900,703,2861,2863,2037,2059,22432,11836,12888,11,888,1277,737,10222,5913
12800,57462475,922,324,320,3,123,519,827,825,183,471,557,692,2719,1187,395,407,732,1913,706,2881,2883,2049,2077,22606,11945,12998,11,893,1293,742,10308,5963
12900,57924736,925,326,325,3,123,527,836,830,185,472,564,697,2739,1199,400,410,738,1929,716,2908,2908,2074,2096,22807,12041,13116,12,901,1305,747,10409,6017
13000,58388342,931,330,328,3,124,531,843,836,186,474,568,703,2757,1216,400,415,747,1941,725,2929,2931,2093,2114,22974,12131,13231,12,912,1319,755,10494,6064
13100,58852522,935,331,330,3,127,537,846,842,186,476,571,712,2781,1227,403,417,749,1957,732,2956,2956,2112,2135,23150,12235,13339,12,916,1330,768,10571,6104
13200,59315732,941,334,331,3,127,545,853,852,187,481,575,718,2796,1235,405,421,756,1970,737,2977,2975,2134,2151,23350,12335,13453,12,922,1338,772,10667,6173
13300,59777943,952,336,333,3,128,552,860,858,190,483,577,726,2813,1242,410,423,761,1987,743,3003,2998,2150,2168,23548,12427,13564,12,926,1347,775,10744,6209
13400,60240266,955,338,334,3,128,559,871,868,192,490,582,730,2830,1258,416,427,764,2006,746,3024,3023,2170,2187,23739,12548,13671,12,936,1351,780,10837,6262
13500,60701628,959,342,336,3,129,563,878,872,194,493,584,734,2860,1266,421,432,774,2028,757,3050,3039,2189,2205,23936,12633,13756,12,950,1363,786,10936,6303
13600,61164115,966,343,339,3,132,570,883,877,196,497,587,737,2887,1273,422,435,777,2039,761,3074,3060,2201,2219,24116,12738,13868,13,955,1379,792,11015,6355
13700,61628396,970,345,344,3,136,570,891,884,198,502,595,744,2912,1283,425,439,785,2054,766,3096,3085,2215,2238,24306,12837,13972,13,966,1387,800,11083,6401
13800,62094085,981,346,344,3,137,576,904,890,199,505,602,750,2938,1289,428,443,786,2064,771,3111,3114,2232,2257,24496,12932,14085,13,977,1397,804,11181,6449
13900,62560246,986,350,345,3,139,578,911,894,201,506,605,756,2954,1298,433,449,792,2085,775,3132,3140,2256,2275,24681,13040,14198,13,987,1405,812,11274,6494
14000,63024735,988,350,351,3,141,584,916,902,203,514,611,762,2980,1303,438,453,799,2096,783,3158,3170,2270,2293,24895,13123,14291,13,994,1418,818,11364,6552
14100,63487618,993,353,352,3,141,590,925,913,203,516,618,768,3016,1317,442,458,809,2113,785,3180,3202,2287,2306,25074,13219,14405,13,999,1432,824,11450,6603
14200,63950005,1004,355,353,3,143,593,930,919,203,521,626,773,3032,1321,445,459,815,2129,790,3195,3234,2304,2325,25270,13333,14506,13,1007,1441,829,11543,6659
14300,64412764,1009,357,353,3,143,597,935,928,204,526,629,775,3056,1327,447,463,820,2151,795,3211,3260,2322,2341,25464,13441,14617,13,1013,1455,832,11632,6698
14400,64874725,1016,360,354,4,143,599,938,937,207,530,631,787,3079,1341,449,464,826,2167,800,3236,3289,2346,2361,25668,13536,14734,14,1023,1466,842,11707,6742
14500,65336713,1020,363,355,4,144,602,943,943,208,534,635,794,3108,1345,452,468,831,2183,804,3261,3311,2359,2377,25844,13649,14845,14,1029,1485,847,11805,6801
14600,65800173,1026,366,359,4,144,607,951,952,208,534,640,800,3125,1351,457,470,838,2200,810,3279,3331,2373,2388,26037,13754,14969,14,1034,1493,853,11891,6850
14700,66262137,1035,372,362,4,146,613,962,955,210,536,647,807,3152,1365,462,471,848,2213,816,3301,3355,2392,2395,26242,13837,15088,15,1041,1503,859,11966,6898
14800,66726071,1043,373,363,4,146,614,969,962,211,539,649,814,3174,1377,467,477,860,2229,820,3322,3380,2408,2407,26409,13928,15207,15,1052,1516,860,12053,6950
14900,67189836,1052,375,369,4,147,618,980,967,213,542,654,821,3207,1389,468,483,870,2248,825,3344,3403,2426,2425,26589,14031,15316,16,1059,1527,868,12139,6998
15000,67654527,1061,379,371,4,147,622,987,975,213,545,660,823,3234,1405,470,486,881,2265,830,3367,3427,2450,2446,26796,14132,15409,17,1066,1540,882,12232,7048
15100,68118810,1068,379,373,4,148,626,991,983,215,553,665,830,3258,1411,471,493,890,2283,834,3395,3445,2471,2468,26958,14229,15521,17,1074,1549,888,12320,7101
15200,68581577,1075,380,376,4,148,630,1000,993,217,557,671,839,3277,1425,473,494,897,2301,845,3427,3472,2493,2487,27150,14333,15633,18,1081,1555,894,12408,7157
15300,69043667,1081,384,379,4,148,632,1007,998,217,558,677,848,3298,1434,474,499,902,2332,855,3448,3495,2509,2509,27342,14431,15735,18,1084,1565,901,12485,7204
15400,69506407,1087,387,382,4,148,635,1014,1008,218,562,685,853,3319,1440,474,502,908,2347,864,3478,3517,2520,2528,27495,14550,15840,19,1090,1572,907,12567,7255
15500,69970965,1092,390,384,4,149,643,1017,1015,218,566,691,859,3344,1447,476,505,916,2357,872,3506,3530,2532,2538,27686,14649,15948,19,1095,1581,915,12654,7324
15600,70436057,1104,393,388,4,150,647,1022,1020,218,571,695,862,3366,1457,482,509,927,2373,875,3538,3555,2546,2562,27899,14746,16062,20,1102,1589,919,12745,7375
15700,70901025,1109,395,389,4,151,653,1029,1029,219,574,700,871,3392,1461,484,513,930,2385,878,3556,3578,2567,2581,28089,14865,16161,20,1112,1601,925,12827,7421
15800,71365169,1117,401,392,4,152,660,1036,1036,220,581,706,877,3416,1475,484,516,936,2397,889,3580,3591,2586,2592,28272,14982,16265,20,1118,1617,931,12921,7462
15900,71830255,1123,404,396,4,152,662,1043,1044,221,585,709,882,3443,1486,490,518,940,2412,896,3602,3609,2599,2605,28448,15077,16356,20,1126,1628,940,13002,7514
16000,72296459,1129,406,399,4,153,666,1049,1048,221,587,714,891,3466,1499,494,523,946,2426,904,3623,3638,2609,2623,28624,15183,16460,20,1135,1640,947,13082,7552
16100,72763029,1142,408,402,4,154,672,1058,1057,223,588,717,893,3487,1512,497,528,951,2440,907,3648,3661,2623,2643,28804,15300,16574,20,1145,1654,954,13171,7604
16200,73228079,1146,409,405,4,155,675,1068,1063,224,598,720,902,3506,1524,502,528,957,2461,916,3676,3696,2641,2658,29000,15389,16682,20,1153,1669,964,13259,7650
16300,73693985,1151,411,407,4,158,680,1076,1068,225,601,723,906,3532,1529,503,533,965,2467,920,3695,3726,2664,2670,29195,15495,16788,20,1162,1677,970,13350,7699
16400,74158398,1163,416,407,4,158,681,1080,1073,226,605,728,917,3551,1541,509,534,970,2480,924,3718,3753,2690,2688,29393,15583,16914,20,1164,1689,978,13452,7748
16500,74620138,1166,419,410,4,158,686,1084,1082,227,609,731,920,3565,1553,512,541,974,2492,930,3743,3783,2704,2711,29577,15686,17033,20,1172,1700,986,13529,7806
16600,75082303,1174,419,414,4,160,690,1093,1094,227,615,740,926,3592,1564,513,550,983,2505,933,3766,3807,2715,2732,29772,15757,17137,20,1181,1709,992,13625,7855
16700,75544079,1179,423,414,4,162,697,1097,1099,228,619,743,932,3617,1574,518,553,989,2518,939,3789,3832,2734,2748,29974,15856,17254,20,1188,1720,997,13713,7900
16800,76006847,1190,423,414,4,162,700,1100,1109,230,625,744,940,3643,1581,521,556,995,2528,942,3813,3855,2760,2759,30148,15943,17349,20,1195,1738,1004,13796,7945
16900,76469408,1197,425,417,4,163,706,1103,1119,230,633,750,948,3673,1592,521,559,1005,2540,948,3832,3879,2781,2786,30351,16037,17448,20,1210,1756,1009,13880,8010
17000,76930859,1201,427,418,4,164,711,1108,1124,232,635,757,958,3693,1601,525,560,1013,2553,954,3861,3894,2798,2809,30542,16132,17556,20,1212,1768,1016,13963,8056
17100,77395529,1207,429,418,4,164,715,1117,1142,233,639,761,962,3725,1611,526,565,1021,2566,960,3882,3917,2819,2823,30748,16219,17654,20,1217,1780,1023,14049,8107
17200,77859658,1214,431,421,4,166,719,1126,1147,234,645,763,968,3746,1624,528,566,1026,2585,966,3900,3937,2841,2840,30954,16322,17779,20,1225,1790,1032,14129,8159
17300,78324807,1222,432,429,4,167,720,1139,1155,235,646,766,976,3776,1638,530,570,1034,2600,970,3928,3968,2856,2855,31124,16423,17889,21,1232,1795,1044,14227,8208
17400,78790374,1229,433,431,4,167,721,1148,1161,236,652,772,980,3800,1653,532,572,1040,2615,973,3954,3988,2873,2878,31314,16520,17989,22,1241,1805,1049,14326,8265
17500,79256078,1239,437,435,4,168,727,1153,1167,238,655,778,985,3825,1661,539,576,1044,2633,978,3976,4006,2889,2902,31496,16623,18130,24,1250,1823,1053,14396,8312
17600,79720892,1244,440,437,4,169,731,1161,1176,240,658,781,991,3849,1669,542,580,1046,2651,982,4006,4024,2911,2924,31685,16725,18236,24,1255,1835,1061,14481,8362
17700,80186326,1254,444,437,4,169,732,1167,1183,240,661,782,997,3869,1679,544,584,1053,2666,988,4021,4052,2934,2936,31878,16813,18328,24,1264,1846,1067,14554,8429
17800,80650604,1263,447,439,4,169,734,1175,1189,243,665,792,1006,3884,1691,551,584,1059,2688,995,4041,4072,2955,2962,32044,16900,18453,24,1268,1863,1074,14653,8490
17900,81114226,1271,449,440,4,169,740,1185,1195,243,670,796,1014,3905,1701,553,589,1066,2704,1003,4066,4093,2971,2979,32239,16999,18543,24,1273,1875,1080,14749,8531
18000,81579486,1277,453,442,4,169,743,1190,1202,247,674,799,1018,3926,1707,560,592,1074,2719,1010,4098,4116,2996,2991,32423,17091,18659,24,1281,1888,1087,14832,8592
18100,82046052,1283,455,442,4,170,746,1196,1208,249,681,809,1022,3954,1719,563,595,1080,2732,1015,4123,4146,3018,3009,32633,17207,18761,24,1286,1899,1097,14932,8636
18200,82512817,1289,457,444,5,171,749,1207,1213,250,686,812,1027,3977,1724,565,598,1087,2747,1017,4139,4162,3035,3026,32830,17305,18866,24,1293,1910,1105,15027,8678
18300,82979588,1292,458,448,5,173,754,1213,1214,250,691,818,1033,4006,1734,567,600,1093,2765,1024,4161,4187,3058,3039,33012,17411,18981,24,1305,1924,1111,15098,8734
18400,83446644,1298,460,451,5,174,756,1217,1220,251,694,823,1039,4031,1743,573,606,1100,2779,1029,4188,4211,3076,3058,33205,17523,19110,25,1312,1938,1117,15180,8780
18500,83913087,1306,464,456,5,175,761,1227,1224,252,698,826,1044,4046,1750,578,609,1103,2796,1032,4212,4238,3098,3074,33406,17630,19223,25,1320,1949,1122,15268,8826
18600,84379689,1309,467,460,6,175,763,1236,1229,255,704,834,1047,4067,1762,579,614,1107,2814,1041,4238,4269,3120,3094,33611,17721,19309,25,1330,1963,1127,15364,8871
18700,84845720,1320,469,464,6,175,767,1245,1234,256,710,838,1054,4084,1774,580,618,1115,2832,1050,4262,4291,3141,3113,33774,17826,19417,25,1334,1971,1133,15447,8937
18800,85312681,1326,470,467,6,178,769,1252,1250,258,713,844,1059,4102,1785,588,622,1121,2848,1059,4282,4313,3157,3135,33962,17930,19536,25,1345,1978,1137,15555,8984
18900,85777443,1335,471,469,6,178,776,1259,1261,260,718,848,1061,4127,1792,590,625,1124,2867,1064,4307,4340,3172,3143,34176,18027,19651,25,1356,1990,1142,15635,9048
19000,86241081,1343,472,472,6,178,781,1268,1271,261,724,854,1069,4152,1798,591,631,1130,2887,1068,4332,4357,3201,3155,34371,18137,19766,25,1365,2001,1149,15712,9092
19100,86705654,1347,477,476,6,178,788,1274,1275,262,728,855,1079,4175,1805,597,634,1141,2896,1072,4362,4376,3216,3175,34552,18227,19879,26,1371,2011,1159,15803,9142
19200,87169609,1357,478,480,6,178,793,1283,1276,263,732,859,1081,4192,1814,600,638,1147,2914,1081,4378,4400,3227,3194,34760,18317,19995,26,1379,2027,1165,15887,9186
19300,87633241,1363,484,480,6,181,795,1290,1285,263,737,862,1084,4225,1827,603,640,1152,2939,1086,4400,4421,3256,3216,34961,18426,20107,26,1388,2033,1169,15985,9242
19400,88096293,1371,486,481,6,182,797,1298,1295,264,740,865,1093,4245,1833,603,641,1158,2954,1090,4423,4447,3272,3241,35147,18524,20199,26,1395,2040,1175,16081,9285
19500,88559700,1377,490,483,6,182,802,1308,1298,266,743,871,1095,4274,1844,604,646,1165,2972,1094,4446,4472,3290,3260,35331,18625,20323,26,1400,2051,1180,16169,9338
19600,89020799,1385,492,489,6,184,804,1314,1304,269,746,874,1102,4293,1857,610,649,1169,2993,1104,4466,4494,3311,3279,35514,18726,20444,26,1406,2061,1186,16254,9395
19700,89483488,1396,494,489,6,185,810,1319,1309,270,750,880,1105,4316,1866,615,655,1170,3012,1112,4477,4519,3334,3295,35701,18823,20536,26,1415,2071,1189,16335,9436
19800,89947096,1404,495,492,7,185,813,1329,1315,270,754,885,1110,4337,1871,621,656,1176,3021,1119,4500,4541,3350,3307,35887,18918,20637,26,1425,2079,1194,16433,9486
19900,90411794,1413,498,494,7,185,823,1332,1322,271,761,889,1118,4361,1880,626,656,1185,3037,1123,4523,4568,3364,3331,36053,19015,20759,26,1437,2086,1202,16515,9531
20000,90877473,1421,499,496,7,187,829,1342,1328,273,764,893,1125,4380,1890,629,662,1191,3052,1128,4542,4591,3381,3347,36247,19106,20849,26,1444,2098,1205,16602,9586
20100,91343860,1428,502,496,7,188,832,1353,1331,273,765,897,1133,4405,1904,631,666,1195,3079,1130,4565,4607,3400,3366,36443,19217,20970,26,1454,2113,1209,16705,9641
20200,91810183,1435,505,499,7,188,836,1361,1336,273,767,904,1140,4430,1924,634,668,1200,3094,1137,4594,4628,3414,3385,36621,19317,21091,27,1457,2123,1215,16799,9688
20300,92275454,1439,509,500,7,190,841,1364,1343,275,769,908,1144,4459,1935,639,673,1202,3116,1145,4619,4651,3432,3402,36822,19408,21207,27,1463,2131,1224,16897,9753
20400,92740044,1452,511,504,7,191,845,1371,1348,277,772,913,1149,4481,1947,642,676,1207,3130,1150,4645,4672,3450,3421,36988,19500,21324,27,1468,2146,1231,16987,9791
20500,93204088,1461,514,505,7,192,851,1377,1353,277,779,918,1156,4508,1956,648,685,1211,3146,1152,4667,4699,3468,3444,37182,19603,21440,27,1473,2151,1236,17076,9855
20600,93666479,1471,514,510,7,194,857,1382,1356,280,781,921,1157,4525,1966,650,690,1212,3165,1159,4684,4720,3486,3464,37374,19706,21554,27,1477,2164,1242,17162,9907
20700,94130276,1480,518,512,7,195,861,1389,1365,281,784,928,1162,4538,1975,652,695,1216,3184,1164,4701,4744,3506,3482,37572,19806,21668,27,1488,2182,1245,17240,9965
20800,94594156,1483,519,514,7,196,865,1392,1375,281,789,931,1169,4564,1981,655,696,1222,3205,1168,4722,4761,3523,3497,37763,19916,21778,27,1495,2191,1251,17321,10024
20900,95057790,1497,524,516,7,197,866,1396,1377,282,794,935,1175,4586,1993,656,704,1225,3224,1181,4741,4785,3541,3520,37953,20021,21899,27,1501,2202,1259,17407,10067
21000,95521889,1504,527,519,7,199,869,1402,1381,282,801,940,1177,4613,1999,660,705,1231,3238,1187,4758,4811,3568,3530,38142,20114,22000,27,1510,2218,1269,17496,10105
21100,95986487,1514,530,525,7,201,879,1411,1393,284,804,941,1185,4646,2011,662,712,1237,3257,1196,4785,4834,3581,3542,38331,20213,22119,27,1513,2228,1277,17582,10148
21200,96450521,1522,534,528,7,202,881,1417,1398,284,807,944,1189,4671,2027,664,716,1242,3281,1204,4812,4861,3604,3570,38519,20310,22230,27,1520,2239,1282,17671,10189
21300,96915704,1530,534,532,7,204,884,1426,1407,285,813,951,1195,4691,2043,667,719,1246,3297,1210,4842,4892,3622,3589,38711,20409,22327,27,1526,2251,1287,17775,10234
21400,97378807,1537,538,534,7,206,888,1431,1413,288,819,958,1205,4709,2055,672,722,1252,3315,1216,4868,4915,3634,3611,38910,20523,22431,28,1541,2261,1290,17880,10287
21500,97840564,1544,541,534,7,206,893,1433,1418,289,825,961,1214,4723,2063,673,729,1260,3329,1222,4889,4946,3662,3639,39097,20628,22558,29,1549,2273,1302,17980,10334
21600,98303441,1551,544,536,7,207,899,1441,1423,290,828,965,1222,4743,2075,674,732,1265,3343,1231,4909,4972,3680,3662,39302,20725,22656,29,1560,2284,1311,18066,10372
21700,98767322,1558,545,539,7,209,901,1449,1430,291,830,971,1224,4765,2083,675,734,1269,3357,1234,4927,4990,3695,3686,39508,20832,22764,29,1570,2295,1319,18149,10428
21800,99230960,1569,546,544,7,209,904,1455,1439,293,832,977,1233,4791,2088,675,740,1273,3367,1239,4953,5016,3710,3711,39676,20933,22863,29,1579,2305,1324,18251,10480
21900,99692304,1578,547,544,7,210,907,1458,1451,296,836,983,1238,4817,2096,679,744,1281,3385,1251,4972,5039,3727,3724,39865,21036,22974,30,1585,2319,1330,18352,10524
22000,100153409,1585,548,545,7,211,909,1464,1458,297,839,986,1246,4844,2103,681,748,1290,3397,1259,5003,5060,3743,3734,40045,21145,23090,30,1589,2327,1334,18442,10568
22100,100616900,1595,549,549,7,212,913,1469,1467,300,843,991,1252,4863,2114,684,751,1297,3410,1265,5035,5083,3757,3754,40229,21248,23219,31,1599,2336,1340,18521,10622
22200,101081204,1600,551,550,7,212,917,1474,1474,301,847,996,1256,4879,2122,686,755,1300,3421,1270,5060,5107,3775,3775,40434,21338,23323,31,1615,2347,1347,18601,10671
22300,101545790,1605,556,552,7,214,920,1478,1480,302,849,1005,1264,4910,2129,687,760,1305,3443,1273,5087,5133,3795,3794,40643,21421,23446,31,1623,2353,1352,18680,10714
22400,102012044,1609,557,554,7,214,923,1486,1487,304,854,1012,1269,4939,2137,689,762,1307,3453,1278,5113,5154,3812,3815,40831,21523,23547,31,1626,2372,1355,18763,10777
22500,102478433,1621,560,556,7,214,928,1494,1495,304,862,1018,1280,4958,2151,689,763,1316,3468,1283,5137,5170,3828,3830,41008,21625,23667,31,1638,2382,1361,18838,10838
22600,102942714,1632,562,560,7,215,932,1502,1502,306,868,1026,1282,4979,2165,691,766,1321,3481,1285,5165,5197,3841,3844,41213,21712,23788,31,1646,2386,1367,18921,10893
22700,103405957,1635,563,562,7,217,939,1506,1511,308,871,1034,1286,5003,2177,695,767,1324,3495,1288,5193,5218,3856,3860,41389,21809,23892,31,1652,2399,1379,19017,10930
22800,103868481,1648,564,565,7,218,942,1511,1515,310,877,1034,1291,5025,2190,701,771,1327,3510,1299,5221,5246,3874,3878,41568,21923,23989,31,1661,2414,1389,19105,10976
22900,104331149,1655,571,566,7,219,950,1517,1523,310,880,1039,1295,5050,2201,704,774,1335,3524,1304,5240,5270,3891,3898,41740,22022,24090,31,1668,2424,1393,19197,11014
23000,104793441,1663,573,568,7,220,952,1523,1524,311,885,1043,1300,5076,2208,705,778,1339,3538,1315,5271,5302,3911,3912,41926,22113,24198,31,1678,2434,1398,19287,11054
23100,105256930,1668,574,570,7,220,953,1535,1531,311,892,1050,1304,5097,2223,707,780,1344,3550,1325,5293,5327,3924,3934,42113,22212,24295,31,1692,2448,1408,19388,11099
23200,105719844,1676,574,570,7,221,956,1540,1535,312,896,1056,1311,5126,2234,709,786,1350,3563,1330,5314,5365,3949,3950,42295,22290,24411,31,1700,2459,1413,19478,11146
23300,106183501,1684,579,572,7,221,960,1546,1537,314,897,1057,1317,5144,2243,711,788,1355,3575,1337,5343,5394,3971,3967,42505,22383,24526,31,1708,2472,1422,19559,11185
23400,106646636,1691,582,576,7,221,967,1553,1545,314,899,1058,1322,5169,2256,714,790,1363,3591,1339,5370,5410,3995,3981,42699,22487,24625,31,1720,2486,1430,19647,11241
23500,107110353,1702,584,576,7,221,969,1561,1555,315,907,1062,1328,5195,2262,720,793,1373,3606,1344,5387,5438,4015,4005,42889,22584,24736,32,1723,2493,1434,19733,11294
23600,107574264,1710,587,577,7,222,971,1566,1558,316,911,1064,1336,5229,2268,720,796,1380,3628,1347,5411,5454,4032,4027,43084,22685,24840,32,1733,2504,1441,19829,11336
23700,108037036,1713,589,578,7,223,974,1572,1569,317,913,1070,1340,5251,2275,723,802,1392,3647,1354,5433,5474,4051,4045,43266,22782,24950,32,1743,2518,1448,19917,11395
23800,108500426,1718,593,579,7,225,981,1582,1570,318,918,1077,1343,5276,2282,724,805,1397,3656,1360,5452,5497,4067,4057,43442,22884,25049,32,1747,2528,1453,19994,11443
23900,108965497,1724,595,580,7,225,983,1587,1579,320,920,1084,1353,5299,2292,726,807,1402,3674,1363,5474,5527,4085,4078,43647,22980,25147,32,1756,2537,1457,20083,11492
24000,109428970,1732,597,581,7,225,988,1595,1587,323,926,1086,1355,5322,2303,727,811,1408,3700,1373,5502,5555,4101,4091,43839,23090,25267,32,1761,2549,1463,20169,11548
24100,109892649,1743,598,583,7,227,995,1604,1596,324,930,1089,1358,5346,2310,731,811,1413,3714,1380,5522,5581,4111,4104,44029,23195,25371,32,1772,2563,1466,20256,11606
24200,110355403,1749,601,586,7,228,1000,1612,1604,326,933,1097,1360,5364,2316,734,814,1422,3731,1385,5550,5602,4124,4127,44208,23285,25489,32,1774,2578,1472,20352,11665
24300,110817852,1755,602,589,7,229,1002,1615,1614,329,937,1106,1364,5389,2322,739,819,1429,3744,1390,5568,5630,4140,4148,44395,23374,25598,32,1778,2586,1479,20454,11712
24400,111279087,1761,606,589,7,231,1006,1620,1622,332,941,1108,1369,5412,2337,745,819,1439,3761,1395,5596,5649,4157,4162,44583,23470,25703,32,1785,2595,1484,20546,11774
24500,111738852,1767,606,590,7,231,1009,1629,1629,335,947,1111,1373,5434,2352,746,826,1443,3776,1404,5622,5676,4178,4176,44781,23583,25818,32,1794,2602,1491,20626,11828
24600,112199083,1773,609,594,7,231,1016,1638,1639,337,952,1119,1380,5452,2363,749,828,1445,3788,1410,5648,5697,4195,4198,44947,23679,25917,32,1800,2611,1496,20711,11881
24700,112659443,1778,610,603,7,231,1023,1647,1641,339,954,1124,1383,5472,2374,750,833,1451,3797,1418,5668,5722,4211,4214,45160,23772,26024,33,1807,2620,1502,20795,11920
24800,113120465,1787,614,606,7,232,1027,1656,1656,340,957,1129,1391,5493,2380,753,840,1459,3814,1423,5702,5748,4223,4239,45335,23867,26124,33,1810,2629,1505,20877,11981
24900,113582646,1789,615,607,7,235,1029,1663,1658,342,961,1131,1400,5510,2394,761,842,1467,3834,1429,5721,5773,4244,4254,45509,23964,26212,33,1817,2644,1509,20969,12034
25000,114044960,1797,616,612,8,238,1033,1669,1671,344,966,1134,1407,5535,2403,765,851,1472,3850,1433,5750,5797,4257,4273,45711,24053,26314,33,1825,2656,1518,21042,12079
25100,114508202,1802,620,615,8,242,1037,1674,1684,344,971,1140,1410,5565,2417,767,853,1479,3868,1439,5777,5818,4276,4284,45873,24155,26424,33,1838,2664,1521,21107,12128
25200,114971332,1808,623,618,8,243,1039,1684,1691,346,978,1147,1414,5581,2427,771,856,1490,3885,1445,5800,5844,4299,4295,46058,24251,26546,33,1840,2671,1524,21205,12178
25300,115434409,1818,627,623,8,244,1042,1693,1696,349,986,1151,1420,5602,2435,775,860,1497,3897,1451,5819,5880,4317,4307,46252,24362,26655,33,1848,2678,1532,21286,12230
25400,115897063,1828,631,626,8,246,1048,1698,1705,349,989,1155,1427,5628,2443,782,861,1502,3910,1454,5837,5894,4331,4323,46465,24468,26789,33,1856,2693,1537,21370,12272
25500,116358857,1840,633,630,8,247,1054,1706,1711,349,992,1156,1431,5644,2448,786,868,1509,3930,1457,5871,5919,4350,4343,46648,24573,26915,33,1863,2701,1546,21446,12322
25600,116820506,1850,636,632,8,247,1060,1711,1715,351,999,1163,1439,5672,2458,787,871,1520,3946,1468,5898,5947,4368,4351,46830,24675,27046,33,1869,2713,1554,21531,12375
25700,117281979,1855,641,632,8,249,1063,1716,1717,351,1003,1169,1441,5690,2471,788,876,1525,3964,1478,5928,5973,4385,4370,47010,24785,27146,34,1878,2730,1565,21616,12421
25800,117743193,1870,646,634,8,249,1071,1725,1724,352,1010,1172,1445,5708,2480,791,882,1528,3992,1486,5948,6001,4404,4390,47201,24879,27248,34,1888,2740,1575,21719,12472
25900,118205469,1876,647,635,8,249,1073,1738,1734,352,1015,1175,1447,5726,2493,794,883,1530,4007,1494,5972,6026,4421,4400,47386,24978,27367,34,1899,2753,1579,21808,12522
26000,118665510,1880,648,636,8,249,1077,1746,1740,352,1018,1180,1449,5742,2507,794,886,1535,4029,1501,6009,6050,4439,4417,47575,25078,27486,34,1912,2766,1589,21881,12582
26100,119125230,1886,649,641,8,249,1079,1752,1746,354,1020,1189,1458,5762,2514,795,891,1538,4047,1507,6032,6075,4455,4433,47755,25169,27603,34,1924,2784,1594,21963,12639
26200,119584882,1890,654,641,8,252,1083,1757,1757,355,1025,1192,1461,5785,2530,799,894,1541,4057,1511,6053,6096,4468,4448,47952,25262,27693,34,1933,2795,1604,22044,12688
26300,120046022,1894,657,642,8,254,1087,1763,1762,357,1028,1198,1468,5804,2543,802,900,1546,4077,1515,6081,6126,4478,4460,48147,25354,27818,34,1939,2802,1608,22123,12750
26400,120508195,1901,660,643,8,254,1091,1770,1772,357,1029,1202,1475,5820,2551,802,903,1553,4096,1522,6105,6145,4496,4474,48327,25436,27935,34,1949,2810,1612,22208,12786
26500,120970567,1907,661,644,8,255,1096,1773,1781,360,1034,1211,1483,5841,2560,806,909,1559,4112,1524,6133,6167,4514,4496,48534,25541,28048,34,1959,2820,1616,22285,12844
26600,121432881,1914,662,645,8,256,1099,1775,1788,361,1035,1217,1490,5863,2572,810,911,1564,4126,1529,6161,6196,4526,4507,48763,25645,28144,34,1968,2828,1620,22359,12899
26700,121893552,1921,663,646,8,257,1107,1785,1791,362,1041,1221,1496,5880,2580,813,918,1571,4143,1533,6183,6225,4542,4526,48953,25753,28248,34,1976,2837,1627,22453,12943
26800,122355179,1929,667,649,8,259,1115,1791,1802,363,1046,1226,1502,5906,2586,815,920,1575,4166,1540,6210,6248,4552,4536,49141,25861,28336,34,1983,2849,1631,22543,12995
26900,122818697,1940,669,653,8,259,1120,1796,1804,364,1046,1230,1506,5930,2594,815,925,1581,4186,1545,6234,6271,4566,4551,49322,25960,28448,34,1990,2858,1632,22632,13036
27000,123286077,1949,672,655,8,261,1126,1804,1810,367,1049,1234,1511,5950,2600,818,925,1590,4200,1555,6256,6297,4584,4569,49504,26066,28547,34,2000,2862,1638,22711,13087
27100,123752097,1958,678,660,8,263,1132,1811,1818,369,1054,1236,1515,5976,2607,820,930,1596,4217,1558,6280,6324,4597,4596,49704,26161,28642,34,2010,2874,1643,22795,13124
27200,124220005,1970,680,662,8,265,1138,1815,1826,372,1057,1240,1518,5999,2612,822,931,1604,4231,1563,6316,6350,4615,4606,49881,26244,28742,34,2016,2889,1649,22900,13168
27300,124687275,1976,684,664,8,266,1144,1827,1829,372,1063,1245,1525,6025,2617,824,933,1608,4247,1567,6339,6372,4637,4627,50074,26342,28862,34,2025,2902,1654,22996,13224
27400,125152894,1980,687,668,8,267,1146,1831,1832,372,1066,1250,1529,6055,2625,827,938,1613,4266,1569,6368,6400,4657,4646,50270,26471,28954,35,2033,2912,1660,23063,13279
27500,125617142,1987,693,670,8,268,1151,1839,1834,372,1069,1254,1537,6076,2640,830,941,1618,4280,1582,6395,6422,4670,4664,50464,26572,29064,35,2047,2925,1665,23159,13343
27600,126079154,1993,695,675,8,270,1154,1844,1840,373,1073,1261,1543,6102,2648,838,944,1624,4297,1592,6419,6448,4686,4673,50670,26677,29167,36,2053,2932,1671,23259,13391
27700,126541054,1999,696,680,8,271,1156,1850,1848,374,1074,1267,1549,6121,2657,839,948,1634,4309,1598,6438,6480,4705,4690,50857,26788,29271,36,2063,2943,1682,23354,13438
27800,127001094,2005,696,683,8,272,1161,1854,1851,374,1078,1273,1551,6148,2667,844,949,1639,4325,1605,6468,6500,4726,4709,51032,26894,29394,36,2073,2954,1690,23438,13497
27900,127461041,2014,696,684,8,274,1164,1864,1859,375,1084,1279,1555,6172,2673,846,954,1649,4343,1609,6499,6526,4738,4724,51243,26986,29483,36,2079,2971,1698,23542,13549
28000,127922575,2020,698,687,8,274,1167,1870,1864,376,1089,1283,1562,6197,2679,848,956,1658,4358,1614,6520,6556,4760,4739,51420,27074,29596,36,2081,2979,1702,23619,13601
28100,128384331,2029,699,692,8,274,1173,1877,1872,377,1092,1287,1569,6219,2680,849,958,1662,4380,1618,6546,6576,4782,4758,51623,27180,29698,36,2091,2996,1714,23716,13646
28200,128847225,2040,706,694,8,274,1177,1882,1875,378,1093,1296,1576,6244,2687,852,961,1664,4397,1625,6571,6600,4795,4779,51805,27298,29813,36,2103,3004,1719,23814,13692
28300,129311210,2043,709,696,8,274,1179,1894,1884,380,1095,1300,1582,6266,2697,855,967,1669,4417,1630,6592,6633,4807,4796,51983,27412,29922,36,2107,3010,1729,23884,13737
28400,129776164,2050,711,698,8,275,1184,1902,1891,380,1097,1306,1585,6287,2709,861,972,1675,4430,1638,6617,6660,4824,4810,52178,27509,30043,36,2113,3020,1740,23963,13781
28500,130240060,2057,712,701,8,276,1190,1905,1896,381,1104,1313,1598,6307,2719,866,976,1683,4443,1650,6644,6685,4840,4824,52379,27598,30153,36,2121,3033,1747,24051,13841
28600,130704086,2060,712,702,8,279,1195,1913,1904,382,1105,1315,1599,6334,2729,873,980,1686,4451,1653,6670,6713,4859,4842,52572,27693,30265,36,2127,3043,1755,24126,13890
28700,131167952,2069,715,704,8,279,1200,1921,1909,385,1110,1321,1603,6354,2733,877,989,1693,4462,1664,6695,6739,4881,4864,52736,27791,30375,36,2139,3054,1757,24214,13947
28800,131632263,2082,720,706,8,280,1206,1924,1918,385,1114,1323,1606,6378,2742,884,992,1699,4473,1671,6720,6761,4905,4879,52971,27908,30480,37,2146,3072,1766,24305,13993
28900,132095674,2091,724,710,8,282,1211,1926,1926,387,1120,1326,1609,6401,2759,888,995,1704,4491,1680,6741,6783,4929,4894,53180,28002,30582,37,2153,3078,1769,24395,14038
29000,132561450,2097,725,713,8,283,1216,1934,1932,389,1125,1337,1614,6420,2771,894,999,1706,4511,1688,6760,6803,4943,4910,53346,28107,30685,37,2157,3092,1774,24495,14100
29100,133027009,2102,727,714,8,283,1217,1943,1936,389,1129,1349,1617,6441,2779,897,1003,1716,4529,1694,6786,6822,4965,4937,53524,28217,30785,37,2166,3103,1779,24595,14146
29200,133491211,2108,729,717,8,283,1221,1946,1947,391,1135,1351,1623,6468,2788,901,1010,1725,4544,1700,6806,6841,4982,4960,53718,28312,30904,37,2179,3117,1783,24685,14210
29300,133954941,2114,732,720,8,283,1227,1953,1955,393,1141,1352,1631,6488,2792,904,1013,1729,4564,1706,6823,6861,4998,4978,53935,28411,31013,37,2185,3128,1787,24771,14272
29400,134420754,2122,737,722,8,283,1229,1963,1962,393,1148,1354,1636,6504,2798,911,1020,1731,4582,1711,6845,6887,5011,5000,54146,28513,31124,37,2193,3138,1791,24860,14319
29500,134885116,2125,740,726,8,283,1233,1972,1970,393,1151,1359,1640,6520,2804,913,1021,1738,4598,1717,6861,6915,5024,5018,54327,28608,31229,37,2204,3147,1793,24954,14354
29600,135350809,2138,742,727,8,287,1235,1981,1976,395,1157,1365,1647,6544,2812,914,1027,1745,4620,1723,6888,6937,5039,5038,54500,28713,31333,37,2217,3161,1798,25049,14402
29700,135814174,2144,747,731,9,287,1240,1984,1990,398,1159,1373,1649,6563,2826,918,1032,1750,4640,1728,6915,6967,5066,5052,54696,28812,31440,38,2223,3176,1804,25137,14443
29800,136275884,2150,751,731,10,289,1244,1991,1997,401,1164,1381,1657,6581,2833,920,1037,1753,4656,1733,6931,6988,5087,5074,54879,28909,31531,38,2228,3192,1808,25236,14490
29900,136738653,2153,756,735,10,291,1245,1998,2003,401,1169,1384,1661,6599,2842,923,1045,1760,4671,1738,6959,7007,5103,5090,55057,29011,31650,38,2241,3201,1812,25332,14544
30000,137201152,2158,757,735,10,295,1250,2005,2007,405,1173,1396,1666,6628,2850,924,1050,1765,4694,1749,6983,7020,5130,5110,55250,29101,31769,38,2247,3213,1815,25427,14585
