t , Ki , Mi , Ni , Vxi , Vyi , Vzi , Txi , Tyi , Tzi
0 , 116.782 , 0.0389273 , 3e+21 , -3.38414 , 9.42232 , 2.04136 , 0.0254651 , 0.0262216 , 0.0261377
2.53896e-08 , 116.782 , 0.0389273 , 3e+21 , -3.38414 , 9.42232 , 2.04136 , 0.0254651 , 0.0262216 , 0.0261377
5.07791e-08 , 116.782 , 0.0389273 , 3e+21 , -3.38414 , 9.42232 , 2.04136 , 0.0254651 , 0.0262216 , 0.0261377
7.61687e-08 , 116.782 , 0.0389273 , 3e+21 , -3.38414 , 9.42232 , 2.04136 , 0.0254651 , 0.0262216 , 0.0261377
1.01558e-07 , 116.782 , 0.0389273 , 3e+21 , -3.38414 , 9.42232 , 2.04136 , 0.0254651 , 0.0262216 , 0.0261377
1.26948e-07 , 116.782 , 0.0389273 , 3e+21 , -3.38414 , 9.42232 , 2.04136 , 0.0254651 , 0.0262216 , 0.0261377
1.52337e-07 , 116.782 , 0.0389273 , 3e+21 , -3.38414 , 9.42232 , 2.04136 , 0.0254651 , 0.0262216 , 0.0261377
1.77727e-07 , 116.782 , 0.0389273 , 3e+21 , -3.38414 , 9.42232 , 2.04136 , 0.0254651 , 0.0262216 , 0.0261377
2.03116e-07 , 116.782 , 0.0389273 , 3e+21 , -3.38414 , 9.42232 , 2.04136 , 0.0254651 , 0.0262216 , 0.0261377
2.28506e-07 , 116.782 , 0.0389273 , 3e+21 , -3.38414 , 9.42232 , 2.04136 , 0.0254651 , 0.0262216 , 0.0261377
2.53896e-07 , 116.782 , 0.0389273 , 3e+21 , -3.38414 , 9.42232 , 2.04136 , 0.0254651 , 0.0262216 , 0.0261377
2.79285e-07 , 116.782 , 0.0389273 , 3e+21 , -3.38414 , 9.42232 , 2.04136 , 0.0254651 , 0.0262216 , 0.0261377
3.04675e-07 , 116.782 , 0.0389273 , 3e+21 , -3.38414 , 9.42232 , 2.04136 , 0.0254651 , 0.0262216 , 0.0261377
3.30064e-07 , 116.782 , 0.0389273 , 3e+21 , -3.38414 , 9.42232 , 2.04136 , 0.0254651 , 0.0262216 , 0.0261377
3.55454e-07 , 116.782 , 0.0389273 , 3e+21 , -3.38414 , 9.42232 , 2.04136 , 0.0254651 , 0.0262216 , 0.0261377
3.80843e-07 , 116.782 , 0.0389273 , 3e+21 , -3.38414 , 9.42232 , 2.04136 , 0.0254651 , 0.0262216 , 0.0261377
4.06233e-07 , 116.782 , 0.0389273 , 3e+21 , -3.38414 , 9.42232 , 2.04136 , 0.0254651 , 0.0262216 , 0.0261377
4.31622e-07 , 116.782 , 0.0389273 , 3e+21 , -3.38414 , 9.42232 , 2.04136 , 0.0254651 , 0.0262216 , 0.0261377
4.57012e-07 , 116.782 , 0.0389273 , 3e+21 , -3.38414 , 9.42232 , 2.04136 , 0.0254651 , 0.0262216 , 0.0261377
4.82401e-07 , 116.782 , 0.0389273 , 3e+21 , -3.38414 , 9.42232 , 2.04136 , 0.0254651 , 0.0262216 , 0.0261377
5.07791e-07 , 116.782 , 0.0389273 , 3e+21 , -3.38414 , 9.42232 , 2.04136 , 0.0254651 , 0.0262216 , 0.0261377
5.33181e-07 , 116.782 , 0.0389273 , 3e+21 , -3.38414 , 9.42232 , 2.04136 , 0.0254651 , 0.0262216 , 0.0261377
5.5857e-07 , 116.782 , 0.0389273 , 3e+21 , -3.38414 , 9.42232 , 2.04136 , 0.0254651 , 0.0262216 , 0.0261377
5.8396e-07 , 116.782 , 0.0389273 , 3e+21 , -3.38414 , 9.42232 , 2.04136 , 0.0254651 , 0.0262216 , 0.0261377
6.09349e-07 , 116.782 , 0.0389273 , 3e+21 , -3.38414 , 9.42232 , 2.04136 , 0.0254651 , 0.0262216 , 0.0261377
6.34739e-07 , 116.782 , 0.0389273 , 3e+21 , -3.38414 , 9.42232 , 2.04136 , 0.0254651 , 0.0262216 , 0.0261377
6.60128e-07 , 116.782 , 0.0389273 , 3e+21 , -3.38414 , 9.42232 , 2.04136 , 0.0254651 , 0.0262216 , 0.0261377
6.85518e-07 , 116.782 , 0.0389273 , 3e+21 , -3.38414 , 9.42232 , 2.04136 , 0.0254651 , 0.0262216 , 0.0261377
7.10907e-07 , 116.782 , 0.0389273 , 3e+21 , -3.38414 , 9.42232 , 2.04136 , 0.0254651 , 0.0262216 , 0.0261377
7.36297e-07 , 116.782 , 0.0389273 , 3e+21 , -3.38414 , 9.42232 , 2.04136 , 0.0254651 , 0.0262216 , 0.0261377
7.61687e-07 , 116.782 , 0.0389273 , 3e+21 , -3.38414 , 9.42232 , 2.04136 , 0.0254651 , 0.0262216 , 0.0261377
7.87076e-07 , 116.782 , 0.0389273 , 3e+21 , -3.38414 , 9.42232 , 2.04136 , 0.0254651 , 0.0262216 , 0.0261377
8.12466e-07 , 116.782 , 0.0389273 , 3e+21 , -3.38414 , 9.42232 , 2.04136 , 0.0254651 , 0.0262216 , 0.0261377
8.37855e-07 , 116.782 , 0.0389273 , 3e+21 , -3.38414 , 9.42232 , 2.04136 , 0.0254651 , 0.0262216 , 0.0261377
8.63245e-07 , 116.782 , 0.0389273 , 3e+21 , -3.38414 , 9.42232 , 2.04136 , 0.0254651 , 0.0262216 , 0.0261377
8.88634e-07 , 116.782 , 0.0389273 , 3e+21 , -3.38414 , 9.42232 , 2.04136 , 0.0254651 , 0.0262216 , 0.0261377
9.14024e-07 , 116.782 , 0.0389273 , 3e+21 , -3.38414 , 9.42232 , 2.04136 , 0.0254651 , 0.0262216 , 0.0261377
9.39413e-07 , 116.782 , 0.0389273 , 3e+21 , -3.38414 , 9.42232 , 2.04136 , 0.0254651 , 0.0262216 , 0.0261377
9.64803e-07 , 116.782 , 0.0389273 , 3e+21 , -3.38414 , 9.42232 , 2.04136 , 0.0254651 , 0.0262216 , 0.0261377
9.90192e-07 , 116.782 , 0.0389273 , 3e+21 , -3.38414 , 9.42232 , 2.04136 , 0.0254651 , 0.0262216 , 0.0261377
1.01558e-06 , 116.782 , 0.0389273 , 3e+21 , -3.38414 , 9.42232 , 2.04136 , 0.0254651 , 0.0262216 , 0.0261377
1.04097e-06 , 116.782 , 0.0389273 , 3e+21 , -3.38414 , 9.42232 , 2.04136 , 0.0254651 , 0.0262216 , 0.0261377
1.06636e-06 , 116.782 , 0.0389273 , 3e+21 , -3.38414 , 9.42232 , 2.04136 , 0.0254651 , 0.0262216 , 0.0261377
1.09175e-06 , 116.782 , 0.0389273 , 3e+21 , -3.38414 , 9.42232 , 2.04136 , 0.0254651 , 0.0262216 , 0.0261377
1.11714e-06 , 116.782 , 0.0389273 , 3e+21 , -3.38414 , 9.42232 , 2.04136 , 0.0254651 , 0.0262216 , 0.0261377
1.14253e-06 , 116.782 , 0.0389273 , 3e+21 , -3.38414 , 9.42232 , 2.04136 , 0.0254651 , 0.0262216 , 0.0261377
1.16792e-06 , 116.782 , 0.0389273 , 3e+21 , -3.38414 , 9.42232 , 2.04136 , 0.0254651 , 0.0262216 , 0.0261377
1.19331e-06 , 116.782 , 0.0389273 , 3e+21 , -3.38414 , 9.42232 , 2.04136 , 0.0254651 , 0.0262216 , 0.0261377
1.2187e-06 , 116.782 , 0.0389273 , 3e+21 , -3.38414 , 9.42232 , 2.04136 , 0.0254651 , 0.0262216 , 0.0261377
1.24409e-06 , 116.782 , 0.0389273 , 3e+21 , -3.38414 , 9.42232 , 2.04136 , 0.0254651 , 0.0262216 , 0.0261377
1.26948e-06 , 116.782 , 0.0389273 , 3e+21 , -3.38414 , 9.42232 , 2.04136 , 0.0254651 , 0.0262216 , 0.0261377
1.29487e-06 , 116.782 , 0.0389273 , 3e+21 , -3.38414 , 9.42232 , 2.04136 , 0.0254651 , 0.0262216 , 0.0261377
1.32026e-06 , 116.782 , 0.0389273 , 3e+21 , -3.38414 , 9.42232 , 2.04136 , 0.0254651 , 0.0262216 , 0.0261377
1.34565e-06 , 116.782 , 0.0389273 , 3e+21 , -3.38414 , 9.42232 , 2.04136 , 0.0254651 , 0.0262216 , 0.0261377
1.37104e-06 , 116.782 , 0.0389273 , 3e+21 , -3.38414 , 9.42232 , 2.04136 , 0.0254651 , 0.0262216 , 0.0261377
1.39643e-06 , 116.782 , 0.0389273 , 3e+21 , -3.38414 , 9.42232 , 2.04136 , 0.0254651 , 0.0262216 , 0.0261377
1.42181e-06 , 116.782 , 0.0389273 , 3e+21 , -3.38414 , 9.42232 , 2.04136 , 0.0254651 , 0.0262216 , 0.0261377
1.4472e-06 , 116.782 , 0.0389273 , 3e+21 , -3.38414 , 9.42232 , 2.04136 , 0.0254651 , 0.0262216 , 0.0261377
1.47259e-06 , 116.782 , 0.0389273 , 3e+21 , -3.38414 , 9.42232 , 2.04136 , 0.0254651 , 0.0262216 , 0.0261377
1.49798e-06 , 116.782 , 0.0389273 , 3e+21 , -3.38414 , 9.42232 , 2.04136 , 0.0254651 , 0.0262216 , 0.0261377
1.52337e-06 , 116.782 , 0.0389273 , 3e+21 , -3.38414 , 9.42232 , 2.04136 , 0.0254651 , 0.0262216 , 0.0261377
1.54876e-06 , 116.782 , 0.0389273 , 3e+21 , -3.38414 , 9.42232 , 2.04136 , 0.0254651 , 0.0262216 , 0.0261377
1.57415e-06 , 116.782 , 0.0389273 , 3e+21 , -3.38414 , 9.42232 , 2.04136 , 0.0254651 , 0.0262216 , 0.0261377
1.59954e-06 , 116.782 , 0.0389273 , 3e+21 , -3.38414 , 9.42232 , 2.04136 , 0.0254651 , 0.0262216 , 0.0261377
1.62493e-06 , 116.782 , 0.0389273 , 3e+21 , -3.38414 , 9.42232 , 2.04136 , 0.0254651 , 0.0262216 , 0.0261377
1.65032e-06 , 116.782 , 0.0389273 , 3e+21 , -3.38414 , 9.42232 , 2.04136 , 0.0254651 , 0.0262216 , 0.0261377
1.67571e-06 , 116.782 , 0.0389273 , 3e+21 , -3.38414 , 9.42232 , 2.04136 , 0.0254651 , 0.0262216 , 0.0261377
1.7011e-06 , 116.782 , 0.0389273 , 3e+21 , -3.38414 , 9.42232 , 2.04136 , 0.0254651 , 0.0262216 , 0.0261377
1.72649e-06 , 116.782 , 0.0389273 , 3e+21 , -3.38414 , 9.42232 , 2.04136 , 0.0254651 , 0.0262216 , 0.0261377
1.75188e-06 , 116.782 , 0.0389273 , 3e+21 , -3.38414 , 9.42232 , 2.04136 , 0.0254651 , 0.0262216 , 0.0261377
1.77727e-06 , 116.782 , 0.0389273 , 3e+21 , -3.38414 , 9.42232 , 2.04136 , 0.0254651 , 0.0262216 , 0.0261377
1.80266e-06 , 116.782 , 0.0389273 , 3e+21 , -3.38414 , 9.42232 , 2.04136 , 0.0254651 , 0.0262216 , 0.0261377
1.82805e-06 , 116.782 , 0.0389273 , 3e+21 , -3.38414 , 9.42232 , 2.04136 , 0.0254651 , 0.0262216 , 0.0261377
1.85344e-06 , 116.782 , 0.0389273 , 3e+21 , -3.38414 , 9.42232 , 2.04136 , 0.0254651 , 0.0262216 , 0.0261377
1.87883e-06 , 116.782 , 0.0389273 , 3e+21 , -3.38414 , 9.42232 , 2.04136 , 0.0254651 , 0.0262216 , 0.0261377
1.90422e-06 , 116.782 , 0.0389273 , 3e+21 , -3.38414 , 9.42232 , 2.04136 , 0.0254651 , 0.0262216 , 0.0261377
1.92961e-06 , 116.782 , 0.0389273 , 3e+21 , -3.38414 , 9.42232 , 2.04136 , 0.0254651 , 0.0262216 , 0.0261377
1.955e-06 , 116.782 , 0.0389273 , 3e+21 , -3.38414 , 9.42232 , 2.04136 , 0.0254651 , 0.0262216 , 0.0261377
1.98038e-06 , 116.782 , 0.0389273 , 3e+21 , -3.38414 , 9.42232 , 2.04136 , 0.0254651 , 0.0262216 , 0.0261377
2.00577e-06 , 116.782 , 0.0389273 , 3e+21 , -3.38414 , 9.42232 , 2.04136 , 0.0254651 , 0.0262216 , 0.0261377
2.03116e-06 , 116.782 , 0.0389273 , 3e+21 , -3.38414 , 9.42232 , 2.04136 , 0.0254651 , 0.0262216 , 0.0261377
2.05655e-06 , 116.782 , 0.0389273 , 3e+21 , -3.38414 , 9.42232 , 2.04136 , 0.0254651 , 0.0262216 , 0.0261377
2.08194e-06 , 116.782 , 0.0389273 , 3e+21 , -3.38414 , 9.42232 , 2.04136 , 0.0254651 , 0.0262216 , 0.0261377
2.10733e-06 , 116.782 , 0.0389273 , 3e+21 , -3.38414 , 9.42232 , 2.04136 , 0.0254651 , 0.0262216 , 0.0261377
2.13272e-06 , 116.782 , 0.0389273 , 3e+21 , -3.38414 , 9.42232 , 2.04136 , 0.0254651 , 0.0262216 , 0.0261377
2.15811e-06 , 116.782 , 0.0389273 , 3e+21 , -3.38414 , 9.42232 , 2.04136 , 0.0254651 , 0.0262216 , 0.0261377
2.1835e-06 , 116.782 , 0.0389273 , 3e+21 , -3.38414 , 9.42232 , 2.04136 , 0.0254651 , 0.0262216 , 0.0261377
2.20889e-06 , 116.782 , 0.0389273 , 3e+21 , -3.38414 , 9.42232 , 2.04136 , 0.0254651 , 0.0262216 , 0.0261377
2.23428e-06 , 116.782 , 0.0389273 , 3e+21 , -3.38414 , 9.42232 , 2.04136 , 0.0254651 , 0.0262216 , 0.0261377
2.25967e-06 , 116.782 , 0.0389273 , 3e+21 , -3.38414 , 9.42232 , 2.04136 , 0.0254651 , 0.0262216 , 0.0261377
2.28506e-06 , 116.782 , 0.0389273 , 3e+21 , -3.38414 , 9.42232 , 2.04136 , 0.0254651 , 0.0262216 , 0.0261377
2.31045e-06 , 116.782 , 0.0389273 , 3e+21 , -3.38414 , 9.42232 , 2.04136 , 0.0254651 , 0.0262216 , 0.0261377
2.33584e-06 , 116.782 , 0.0389273 , 3e+21 , -3.38414 , 9.42232 , 2.04136 , 0.0254651 , 0.0262216 , 0.0261377
2.36123e-06 , 116.782 , 0.0389273 , 3e+21 , -3.38414 , 9.42232 , 2.04136 , 0.0254651 , 0.0262216 , 0.0261377
2.38662e-06 , 116.782 , 0.0389273 , 3e+21 , -3.38414 , 9.42232 , 2.04136 , 0.0254651 , 0.0262216 , 0.0261377
2.41201e-06 , 116.782 , 0.0389273 , 3e+21 , -3.38414 , 9.42232 , 2.04136 , 0.0254651 , 0.0262216 , 0.0261377
2.4374e-06 , 116.782 , 0.0389273 , 3e+21 , -3.38414 , 9.42232 , 2.04136 , 0.0254651 , 0.0262216 , 0.0261377
2.46279e-06 , 116.782 , 0.0389273 , 3e+21 , -3.38414 , 9.42232 , 2.04136 , 0.0254651 , 0.0262216 , 0.0261377
2.48818e-06 , 116.782 , 0.0389273 , 3e+21 , -3.38414 , 9.42232 , 2.04136 , 0.0254651 , 0.0262216 , 0.0261377
2.51357e-06 , 116.782 , 0.0389273 , 3e+21 , -3.38414 , 9.42232 , 2.04136 , 0.0254651 , 0.0262216 , 0.0261377
2.53896e-06 , 116.782 , 0.0389273 , 3e+21 , -3.38414 , 9.42232 , 2.04136 , 0.0254651 , 0.0262216 , 0.0261377
2.56434e-06 , 116.782 , 0.0389273 , 3e+21 , -3.38414 , 9.42232 , 2.04136 , 0.0254651 , 0.0262216 , 0.0261377
2.58973e-06 , 116.782 , 0.0389273 , 3e+21 , -3.38414 , 9.42232 , 2.04136 , 0.0254651 , 0.0262216 , 0.0261377
2.61512e-06 , 116.782 , 0.0389273 , 3e+21 , -3.38414 , 9.42232 , 2.04136 , 0.0254651 , 0.0262216 , 0.0261377
2.64051e-06 , 116.782 , 0.0389273 , 3e+21 , -3.38414 , 9.42232 , 2.04136 , 0.0254651 , 0.0262216 , 0.0261377
2.6659e-06 , 116.782 , 0.0389273 , 3e+21 , -3.38414 , 9.42232 , 2.04136 , 0.0254651 , 0.0262216 , 0.0261377
2.69129e-06 , 116.782 , 0.0389273 , 3e+21 , -3.38414 , 9.42232 , 2.04136 , 0.0254651 , 0.0262216 , 0.0261377
2.71668e-06 , 116.782 , 0.0389273 , 3e+21 , -3.38414 , 9.42232 , 2.04136 , 0.0254651 , 0.0262216 , 0.0261377
2.74207e-06 , 116.782 , 0.0389273 , 3e+21 , -3.38414 , 9.42232 , 2.04136 , 0.0254651 , 0.0262216 , 0.0261377
2.76746e-06 , 116.782 , 0.0389273 , 3e+21 , -3.38414 , 9.42232 , 2.04136 , 0.0254651 , 0.0262216 , 0.0261377
2.79285e-06 , 116.782 , 0.0389273 , 3e+21 , -3.38414 , 9.42232 , 2.04136 , 0.0254651 , 0.0262216 , 0.0261377
2.81824e-06 , 116.782 , 0.0389273 , 3e+21 , -3.38414 , 9.42232 , 2.04136 , 0.0254651 , 0.0262216 , 0.0261377
2.84363e-06 , 116.782 , 0.0389273 , 3e+21 , -3.38414 , 9.42232 , 2.04136 , 0.0254651 , 0.0262216 , 0.0261377
2.86902e-06 , 116.782 , 0.0389273 , 3e+21 , -3.38414 , 9.42232 , 2.04136 , 0.0254651 , 0.0262216 , 0.0261377
2.89441e-06 , 116.782 , 0.0389273 , 3e+21 , -3.38414 , 9.42232 , 2.04136 , 0.0254651 , 0.0262216 , 0.0261377
2.9198e-06 , 116.782 , 0.0389273 , 3e+21 , -3.38414 , 9.42232 , 2.04136 , 0.0254651 , 0.0262216 , 0.0261377
2.94519e-06 , 116.782 , 0.0389273 , 3e+21 , -3.38414 , 9.42232 , 2.04136 , 0.0254651 , 0.0262216 , 0.0261377
2.97058e-06 , 116.782 , 0.0389273 , 3e+21 , -3.38414 , 9.42232 , 2.04136 , 0.0254651 , 0.0262216 , 0.0261377
2.99597e-06 , 116.782 , 0.0389273 , 3e+21 , -3.38414 , 9.42232 , 2.04136 , 0.0254651 , 0.0262216 , 0.0261377
3.02136e-06 , 116.782 , 0.0389273 , 3e+21 , -3.38414 , 9.42232 , 2.04136 , 0.0254651 , 0.0262216 , 0.0261377
3.04675e-06 , 116.782 , 0.0389273 , 3e+21 , -3.38414 , 9.42232 , 2.04136 , 0.0254651 , 0.0262216 , 0.0261377
3.07214e-06 , 116.782 , 0.0389273 , 3e+21 , -3.38414 , 9.42232 , 2.04136 , 0.0254651 , 0.0262216 , 0.0261377
3.09753e-06 , 116.782 , 0.0389273 , 3e+21 , -3.38414 , 9.42232 , 2.04136 , 0.0254651 , 0.0262216 , 0.0261377
3.12291e-06 , 116.782 , 0.0389273 , 3e+21 , -3.38414 , 9.42232 , 2.04136 , 0.0254651 , 0.0262216 , 0.0261377
3.1483e-06 , 116.782 , 0.0389273 , 3e+21 , -3.38414 , 9.42232 , 2.04136 , 0.0254651 , 0.0262216 , 0.0261377
3.17369e-06 , 116.782 , 0.0389273 , 3e+21 , -3.38414 , 9.42232 , 2.04136 , 0.0254651 , 0.0262216 , 0.0261377
3.19908e-06 , 116.782 , 0.0389273 , 3e+21 , -3.38414 , 9.42232 , 2.04136 , 0.0254651 , 0.0262216 , 0.0261377
3.22447e-06 , 116.782 , 0.0389273 , 3e+21 , -3.38414 , 9.42232 , 2.04136 , 0.0254651 , 0.0262216 , 0.0261377
3.24986e-06 , 116.782 , 0.0389273 , 3e+21 , -3.38414 , 9.42232 , 2.04136 , 0.0254651 , 0.0262216 , 0.0261377
3.27525e-06 , 116.782 , 0.0389273 , 3e+21 , -3.38414 , 9.42232 , 2.04136 , 0.0254651 , 0.0262216 , 0.0261377
3.30064e-06 , 116.782 , 0.0389273 , 3e+21 , -3.38414 , 9.42232 , 2.04136 , 0.0254651 , 0.0262216 , 0.0261377
3.32603e-06 , 116.782 , 0.0389273 , 3e+21 , -3.38414 , 9.42232 , 2.04136 , 0.0254651 , 0.0262216 , 0.0261377
3.35142e-06 , 116.782 , 0.0389273 , 3e+21 , -3.38414 , 9.42232 , 2.04136 , 0.0254651 , 0.0262216 , 0.0261377
3.37681e-06 , 116.782 , 0.0389273 , 3e+21 , -3.38414 , 9.42232 , 2.04136 , 0.0254651 , 0.0262216 , 0.0261377
3.4022e-06 , 116.782 , 0.0389273 , 3e+21 , -3.38414 , 9.42232 , 2.04136 , 0.0254651 , 0.0262216 , 0.0261377
3.42759e-06 , 116.782 , 0.0389273 , 3e+21 , -3.38414 , 9.42232 , 2.04136 , 0.0254651 , 0.0262216 , 0.0261377
3.45298e-06 , 116.782 , 0.0389273 , 3e+21 , -3.38414 , 9.42232 , 2.04136 , 0.0254651 , 0.0262216 , 0.0261377
3.47837e-06 , 116.782 , 0.0389273 , 3e+21 , -3.38414 , 9.42232 , 2.04136 , 0.0254651 , 0.0262216 , 0.0261377
3.50376e-06 , 116.782 , 0.0389273 , 3e+21 , -3.38414 , 9.42232 , 2.04136 , 0.0254651 , 0.0262216 , 0.0261377
3.52915e-06 , 116.782 , 0.0389273 , 3e+21 , -3.38414 , 9.42232 , 2.04136 , 0.0254651 , 0.0262216 , 0.0261377
3.55454e-06 , 116.782 , 0.0389273 , 3e+21 , -3.38414 , 9.42232 , 2.04136 , 0.0254651 , 0.0262216 , 0.0261377
3.57993e-06 , 116.782 , 0.0389273 , 3e+21 , -3.38414 , 9.42232 , 2.04136 , 0.0254651 , 0.0262216 , 0.0261377
3.60532e-06 , 116.782 , 0.0389273 , 3e+21 , -3.38414 , 9.42232 , 2.04136 , 0.0254651 , 0.0262216 , 0.0261377
3.63071e-06 , 116.782 , 0.0389273 , 3e+21 , -3.38414 , 9.42232 , 2.04136 , 0.0254651 , 0.0262216 , 0.0261377
3.6561e-06 , 116.782 , 0.0389273 , 3e+21 , -3.38414 , 9.42232 , 2.04136 , 0.0254651 , 0.0262216 , 0.0261377
3.68148e-06 , 116.782 , 0.0389273 , 3e+21 , -3.38414 , 9.42232 , 2.04136 , 0.0254651 , 0.0262216 , 0.0261377
3.70687e-06 , 116.782 , 0.0389273 , 3e+21 , -3.38414 , 9.42232 , 2.04136 , 0.0254651 , 0.0262216 , 0.0261377
3.73226e-06 , 116.782 , 0.0389273 , 3e+21 , -3.38414 , 9.42232 , 2.04136 , 0.0254651 , 0.0262216 , 0.0261377
3.75765e-06 , 116.782 , 0.0389273 , 3e+21 , -3.38414 , 9.42232 , 2.04136 , 0.0254651 , 0.0262216 , 0.0261377
3.78304e-06 , 116.782 , 0.0389273 , 3e+21 , -3.38414 , 9.42232 , 2.04136 , 0.0254651 , 0.0262216 , 0.0261377
3.80843e-06 , 116.782 , 0.0389273 , 3e+21 , -3.38414 , 9.42232 , 2.04136 , 0.0254651 , 0.0262216 , 0.0261377
3.83382e-06 , 116.782 , 0.0389273 , 3e+21 , -3.38414 , 9.42232 , 2.04136 , 0.0254651 , 0.0262216 , 0.0261377
3.85921e-06 , 116.782 , 0.0389273 , 3e+21 , -3.38414 , 9.42232 , 2.04136 , 0.0254651 , 0.0262216 , 0.0261377
3.8846e-06 , 116.782 , 0.0389273 , 3e+21 , -3.38414 , 9.42232 , 2.04136 , 0.0254651 , 0.0262216 , 0.0261377
3.90999e-06 , 116.782 , 0.0389273 , 3e+21 , -3.38414 , 9.42232 , 2.04136 , 0.0254651 , 0.0262216 , 0.0261377
3.93538e-06 , 116.782 , 0.0389273 , 3e+21 , -3.38414 , 9.42232 , 2.04136 , 0.0254651 , 0.0262216 , 0.0261377
3.96077e-06 , 116.782 , 0.0389273 , 3e+21 , -3.38414 , 9.42232 , 2.04136 , 0.0254651 , 0.0262216 , 0.0261377
3.98616e-06 , 116.782 , 0.0389273 , 3e+21 , -3.38414 , 9.42232 , 2.04136 , 0.0254651 , 0.0262216 , 0.0261377
4.01155e-06 , 116.782 , 0.0389273 , 3e+21 , -3.38414 , 9.42232 , 2.04136 , 0.0254651 , 0.0262216 , 0.0261377
4.03694e-06 , 116.782 , 0.0389273 , 3e+21 , -3.38414 , 9.42232 , 2.04136 , 0.0254651 , 0.0262216 , 0.0261377
4.06233e-06 , 116.782 , 0.0389273 , 3e+21 , -3.38414 , 9.42232 , 2.04136 , 0.0254651 , 0.0262216 , 0.0261377
4.08772e-06 , 116.782 , 0.0389273 , 3e+21 , -3.38414 , 9.42232 , 2.04136 , 0.0254651 , 0.0262216 , 0.0261377
4.11311e-06 , 116.782 , 0.0389273 , 3e+21 , -3.38414 , 9.42232 , 2.04136 , 0.0254651 , 0.0262216 , 0.0261377
4.1385e-06 , 116.782 , 0.0389273 , 3e+21 , -3.38414 , 9.42232 , 2.04136 , 0.0254651 , 0.0262216 , 0.0261377
4.16389e-06 , 116.782 , 0.0389273 , 3e+21 , -3.38414 , 9.42232 , 2.04136 , 0.0254651 , 0.0262216 , 0.0261377
4.18928e-06 , 116.782 , 0.0389273 , 3e+21 , -3.38414 , 9.42232 , 2.04136 , 0.0254651 , 0.0262216 , 0.0261377
4.21467e-06 , 116.782 , 0.0389273 , 3e+21 , -3.38414 , 9.42232 , 2.04136 , 0.0254651 , 0.0262216 , 0.0261377
4.24005e-06 , 116.782 , 0.0389273 , 3e+21 , -3.38414 , 9.42232 , 2.04136 , 0.0254651 , 0.0262216 , 0.0261377
4.26544e-06 , 116.782 , 0.0389273 , 3e+21 , -3.38414 , 9.42232 , 2.04136 , 0.0254651 , 0.0262216 , 0.0261377
4.29083e-06 , 116.782 , 0.0389273 , 3e+21 , -3.38414 , 9.42232 , 2.04136 , 0.0254651 , 0.0262216 , 0.0261377
4.31622e-06 , 116.782 , 0.0389273 , 3e+21 , -3.38414 , 9.42232 , 2.04136 , 0.0254651 , 0.0262216 , 0.0261377
4.34161e-06 , 116.782 , 0.0389273 , 3e+21 , -3.38414 , 9.42232 , 2.04136 , 0.0254651 , 0.0262216 , 0.0261377
4.367e-06 , 116.782 , 0.0389273 , 3e+21 , -3.38414 , 9.42232 , 2.04136 , 0.0254651 , 0.0262216 , 0.0261377
4.39239e-06 , 116.782 , 0.0389273 , 3e+21 , -3.38414 , 9.42232 , 2.04136 , 0.0254651 , 0.0262216 , 0.0261377
4.41778e-06 , 116.782 , 0.0389273 , 3e+21 , -3.38414 , 9.42232 , 2.04136 , 0.0254651 , 0.0262216 , 0.0261377
4.44317e-06 , 116.782 , 0.0389273 , 3e+21 , -3.38414 , 9.42232 , 2.04136 , 0.0254651 , 0.0262216 , 0.0261377
4.46856e-06 , 116.782 , 0.0389273 , 3e+21 , -3.38414 , 9.42232 , 2.04136 , 0.0254651 , 0.0262216 , 0.0261377
4.49395e-06 , 116.782 , 0.0389273 , 3e+21 , -3.38414 , 9.42232 , 2.04136 , 0.0254651 , 0.0262216 , 0.0261377
4.51934e-06 , 116.782 , 0.0389273 , 3e+21 , -3.38414 , 9.42232 , 2.04136 , 0.0254651 , 0.0262216 , 0.0261377
4.54473e-06 , 116.782 , 0.0389273 , 3e+21 , -3.38414 , 9.42232 , 2.04136 , 0.0254651 , 0.0262216 , 0.0261377
4.57012e-06 , 116.782 , 0.0389273 , 3e+21 , -3.38414 , 9.42232 , 2.04136 , 0.0254651 , 0.0262216 , 0.0261377
4.59551e-06 , 116.782 , 0.0389273 , 3e+21 , -3.38414 , 9.42232 , 2.04136 , 0.0254651 , 0.0262216 , 0.0261377
4.6209e-06 , 116.782 , 0.0389273 , 3e+21 , -3.38414 , 9.42232 , 2.04136 , 0.0254651 , 0.0262216 , 0.0261377
4.64629e-06 , 116.782 , 0.0389273 , 3e+21 , -3.38414 , 9.42232 , 2.04136 , 0.0254651 , 0.0262216 , 0.0261377
4.67168e-06 , 116.782 , 0.0389273 , 3e+21 , -3.38414 , 9.42232 , 2.04136 , 0.0254651 , 0.0262216 , 0.0261377
4.69707e-06 , 116.782 , 0.0389273 , 3e+21 , -3.38414 , 9.42232 , 2.04136 , 0.0254651 , 0.0262216 , 0.0261377
4.72246e-06 , 116.782 , 0.0389273 , 3e+21 , -3.38414 , 9.42232 , 2.04136 , 0.0254651 , 0.0262216 , 0.0261377
4.74785e-06 , 116.782 , 0.0389273 , 3e+21 , -3.38414 , 9.42232 , 2.04136 , 0.0254651 , 0.0262216 , 0.0261377
4.77324e-06 , 116.782 , 0.0389273 , 3e+21 , -3.38414 , 9.42232 , 2.04136 , 0.0254651 , 0.0262216 , 0.0261377
4.79863e-06 , 116.782 , 0.0389273 , 3e+21 , -3.38414 , 9.42232 , 2.04136 , 0.0254651 , 0.0262216 , 0.0261377
4.82401e-06 , 116.782 , 0.0389273 , 3e+21 , -3.38414 , 9.42232 , 2.04136 , 0.0254651 , 0.0262216 , 0.0261377
4.8494e-06 , 116.782 , 0.0389273 , 3e+21 , -3.38414 , 9.42232 , 2.04136 , 0.0254651 , 0.0262216 , 0.0261377
4.87479e-06 , 116.782 , 0.0389273 , 3e+21 , -3.38414 , 9.42232 , 2.04136 , 0.0254651 , 0.0262216 , 0.0261377
4.90018e-06 , 116.782 , 0.0389273 , 3e+21 , -3.38414 , 9.42232 , 2.04136 , 0.0254651 , 0.0262216 , 0.0261377
4.92557e-06 , 116.782 , 0.0389273 , 3e+21 , -3.38414 , 9.42232 , 2.04136 , 0.0254651 , 0.0262216 , 0.0261377
4.95096e-06 , 116.782 , 0.0389273 , 3e+21 , -3.38414 , 9.42232 , 2.04136 , 0.0254651 , 0.0262216 , 0.0261377
4.97635e-06 , 116.782 , 0.0389273 , 3e+21 , -3.38414 , 9.42232 , 2.04136 , 0.0254651 , 0.0262216 , 0.0261377
5.00174e-06 , 116.782 , 0.0389273 , 3e+21 , -3.38414 , 9.42232 , 2.04136 , 0.0254651 , 0.0262216 , 0.0261377
5.02713e-06 , 116.782 , 0.0389273 , 3e+21 , -3.38414 , 9.42232 , 2.04136 , 0.0254651 , 0.0262216 , 0.0261377
5.05252e-06 , 116.782 , 0.0389273 , 3e+21 , -3.38414 , 9.42232 , 2.04136 , 0.0254651 , 0.0262216 , 0.0261377
5.07791e-06 , 116.782 , 0.0389273 , 3e+21 , -3.38414 , 9.42232 , 2.04136 , 0.0254651 , 0.0262216 , 0.0261377
5.1033e-06 , 116.782 , 0.0389273 , 3e+21 , -3.38414 , 9.42232 , 2.04136 , 0.0254651 , 0.0262216 , 0.0261377
5.12869e-06 , 116.782 , 0.0389273 , 3e+21 , -3.38414 , 9.42232 , 2.04136 , 0.0254651 , 0.0262216 , 0.0261377
5.15408e-06 , 116.782 , 0.0389273 , 3e+21 , -3.38414 , 9.42232 , 2.04136 , 0.0254651 , 0.0262216 , 0.0261377
5.17947e-06 , 116.782 , 0.0389273 , 3e+21 , -3.38414 , 9.42232 , 2.04136 , 0.0254651 , 0.0262216 , 0.0261377
5.20486e-06 , 116.782 , 0.0389273 , 3e+21 , -3.38414 , 9.42232 , 2.04136 , 0.0254651 , 0.0262216 , 0.0261377
5.23025e-06 , 116.782 , 0.0389273 , 3e+21 , -3.38414 , 9.42232 , 2.04136 , 0.0254651 , 0.0262216 , 0.0261377
5.25564e-06 , 116.782 , 0.0389273 , 3e+21 , -3.38414 , 9.42232 , 2.04136 , 0.0254651 , 0.0262216 , 0.0261377
5.28103e-06 , 116.782 , 0.0389273 , 3e+21 , -3.38414 , 9.42232 , 2.04136 , 0.0254651 , 0.0262216 , 0.0261377
5.30642e-06 , 116.782 , 0.0389273 , 3e+21 , -3.38414 , 9.42232 , 2.04136 , 0.0254651 , 0.0262216 , 0.0261377
5.33181e-06 , 116.782 , 0.0389273 , 3e+21 , -3.38414 , 9.42232 , 2.04136 , 0.0254651 , 0.0262216 , 0.0261377
5.3572e-06 , 116.782 , 0.0389273 , 3e+21 , -3.38414 , 9.42232 , 2.04136 , 0.0254651 , 0.0262216 , 0.0261377
5.38258e-06 , 116.782 , 0.0389273 , 3e+21 , -3.38414 , 9.42232 , 2.04136 , 0.0254651 , 0.0262216 , 0.0261377
5.40797e-06 , 116.782 , 0.0389273 , 3e+21 , -3.38414 , 9.42232 , 2.04136 , 0.0254651 , 0.0262216 , 0.0261377
5.43336e-06 , 116.782 , 0.0389273 , 3e+21 , -3.38414 , 9.42232 , 2.04136 , 0.0254651 , 0.0262216 , 0.0261377
5.45875e-06 , 116.782 , 0.0389273 , 3e+21 , -3.38414 , 9.42232 , 2.04136 , 0.0254651 , 0.0262216 , 0.0261377
5.48414e-06 , 116.782 , 0.0389273 , 3e+21 , -3.38414 , 9.42232 , 2.04136 , 0.0254651 , 0.0262216 , 0.0261377
5.50953e-06 , 116.782 , 0.0389273 , 3e+21 , -3.38414 , 9.42232 , 2.04136 , 0.0254651 , 0.0262216 , 0.0261377
5.53492e-06 , 116.782 , 0.0389273 , 3e+21 , -3.38414 , 9.42232 , 2.04136 , 0.0254651 , 0.0262216 , 0.0261377
5.56031e-06 , 116.782 , 0.0389273 , 3e+21 , -3.38414 , 9.42232 , 2.04136 , 0.0254651 , 0.0262216 , 0.0261377
5.5857e-06 , 116.782 , 0.0389273 , 3e+21 , -3.38414 , 9.42232 , 2.04136 , 0.0254651 , 0.0262216 , 0.0261377
5.61109e-06 , 116.782 , 0.0389273 , 3e+21 , -3.38414 , 9.42232 , 2.04136 , 0.0254651 , 0.0262216 , 0.0261377
5.63648e-06 , 116.782 , 0.0389273 , 3e+21 , -3.38414 , 9.42232 , 2.04136 , 0.0254651 , 0.0262216 , 0.0261377
5.66187e-06 , 116.782 , 0.0389273 , 3e+21 , -3.38414 , 9.42232 , 2.04136 , 0.0254651 , 0.0262216 , 0.0261377
5.68726e-06 , 116.782 , 0.0389273 , 3e+21 , -3.38414 , 9.42232 , 2.04136 , 0.0254651 , 0.0262216 , 0.0261377
5.71265e-06 , 116.782 , 0.0389273 , 3e+21 , -3.38414 , 9.42232 , 2.04136 , 0.0254651 , 0.0262216 , 0.0261377
5.73804e-06 , 116.782 , 0.0389273 , 3e+21 , -3.38414 , 9.42232 , 2.04136 , 0.0254651 , 0.0262216 , 0.0261377
5.76343e-06 , 116.782 , 0.0389273 , 3e+21 , -3.38414 , 9.42232 , 2.04136 , 0.0254651 , 0.0262216 , 0.0261377
5.78882e-06 , 116.782 , 0.0389273 , 3e+21 , -3.38414 , 9.42232 , 2.04136 , 0.0254651 , 0.0262216 , 0.0261377
5.81421e-06 , 116.782 , 0.0389273 , 3e+21 , -3.38414 , 9.42232 , 2.04136 , 0.0254651 , 0.0262216 , 0.0261377
5.8396e-06 , 116.782 , 0.0389273 , 3e+21 , -3.38414 , 9.42232 , 2.04136 , 0.0254651 , 0.0262216 , 0.0261377
5.86499e-06 , 116.782 , 0.0389273 , 3e+21 , -3.38414 , 9.42232 , 2.04136 , 0.0254651 , 0.0262216 , 0.0261377
5.89038e-06 , 116.782 , 0.0389273 , 3e+21 , -3.38414 , 9.42232 , 2.04136 , 0.0254651 , 0.0262216 , 0.0261377
5.91577e-06 , 116.782 , 0.0389273 , 3e+21 , -3.38414 , 9.42232 , 2.04136 , 0.0254651 , 0.0262216 , 0.0261377
5.94115e-06 , 116.782 , 0.0389273 , 3e+21 , -3.38414 , 9.42232 , 2.04136 , 0.0254651 , 0.0262216 , 0.0261377
5.96654e-06 , 116.782 , 0.0389273 , 3e+21 , -3.38414 , 9.42232 , 2.04136 , 0.0254651 , 0.0262216 , 0.0261377
5.99193e-06 , 116.782 , 0.0389273 , 3e+21 , -3.38414 , 9.42232 , 2.04136 , 0.0254651 , 0.0262216 , 0.0261377
6.01732e-06 , 116.782 , 0.0389273 , 3e+21 , -3.38414 , 9.42232 , 2.04136 , 0.0254651 , 0.0262216 , 0.0261377
6.04271e-06 , 116.782 , 0.0389273 , 3e+21 , -3.38414 , 9.42232 , 2.04136 , 0.0254651 , 0.0262216 , 0.0261377
6.0681e-06 , 116.782 , 0.0389273 , 3e+21 , -3.38414 , 9.42232 , 2.04136 , 0.0254651 , 0.0262216 , 0.0261377
6.09349e-06 , 116.782 , 0.0389273 , 3e+21 , -3.38414 , 9.42232 , 2.04136 , 0.0254651 , 0.0262216 , 0.0261377
6.11888e-06 , 116.782 , 0.0389273 , 3e+21 , -3.38414 , 9.42232 , 2.04136 , 0.0254651 , 0.0262216 , 0.0261377
6.14427e-06 , 116.782 , 0.0389273 , 3e+21 , -3.38414 , 9.42232 , 2.04136 , 0.0254651 , 0.0262216 , 0.0261377
6.16966e-06 , 116.782 , 0.0389273 , 3e+21 , -3.38414 , 9.42232 , 2.04136 , 0.0254651 , 0.0262216 , 0.0261377
6.19505e-06 , 116.782 , 0.0389273 , 3e+21 , -3.38414 , 9.42232 , 2.04136 , 0.0254651 , 0.0262216 , 0.0261377
6.22044e-06 , 116.782 , 0.0389273 , 3e+21 , -3.38414 , 9.42232 , 2.04136 , 0.0254651 , 0.0262216 , 0.0261377
6.24583e-06 , 116.782 , 0.0389273 , 3e+21 , -3.38414 , 9.42232 , 2.04136 , 0.0254651 , 0.0262216 , 0.0261377
6.27122e-06 , 116.782 , 0.0389273 , 3e+21 , -3.38414 , 9.42232 , 2.04136 , 0.0254651 , 0.0262216 , 0.0261377
6.29661e-06 , 116.782 , 0.0389273 , 3e+21 , -3.38414 , 9.42232 , 2.04136 , 0.0254651 , 0.0262216 , 0.0261377
6.322e-06 , 116.782 , 0.0389273 , 3e+21 , -3.38414 , 9.42232 , 2.04136 , 0.0254651 , 0.0262216 , 0.0261377
6.34739e-06 , 116.782 , 0.0389273 , 3e+21 , -3.38414 , 9.42232 , 2.04136 , 0.0254651 , 0.0262216 , 0.0261377
6.37278e-06 , 116.782 , 0.0389273 , 3e+21 , -3.38414 , 9.42232 , 2.04136 , 0.0254651 , 0.0262216 , 0.0261377
6.39817e-06 , 116.782 , 0.0389273 , 3e+21 , -3.38414 , 9.42232 , 2.04136 , 0.0254651 , 0.0262216 , 0.0261377
6.42356e-06 , 116.782 , 0.0389273 , 3e+21 , -3.38414 , 9.42232 , 2.04136 , 0.0254651 , 0.0262216 , 0.0261377
6.44895e-06 , 116.782 , 0.0389273 , 3e+21 , -3.38414 , 9.42232 , 2.04136 , 0.0254651 , 0.0262216 , 0.0261377
6.47434e-06 , 116.782 , 0.0389273 , 3e+21 , -3.38414 , 9.42232 , 2.04136 , 0.0254651 , 0.0262216 , 0.0261377
6.49972e-06 , 116.782 , 0.0389273 , 3e+21 , -3.38414 , 9.42232 , 2.04136 , 0.0254651 , 0.0262216 , 0.0261377
6.52511e-06 , 116.782 , 0.0389273 , 3e+21 , -3.38414 , 9.42232 , 2.04136 , 0.0254651 , 0.0262216 , 0.0261377
6.5505e-06 , 116.782 , 0.0389273 , 3e+21 , -3.38414 , 9.42232 , 2.04136 , 0.0254651 , 0.0262216 , 0.0261377
6.57589e-06 , 116.782 , 0.0389273 , 3e+21 , -3.38414 , 9.42232 , 2.04136 , 0.0254651 , 0.0262216 , 0.0261377
6.60128e-06 , 116.782 , 0.0389273 , 3e+21 , -3.38414 , 9.42232 , 2.04136 , 0.0254651 , 0.0262216 , 0.0261377
6.62667e-06 , 116.782 , 0.0389273 , 3e+21 , -3.38414 , 9.42232 , 2.04136 , 0.0254651 , 0.0262216 , 0.0261377
6.65206e-06 , 116.782 , 0.0389273 , 3e+21 , -3.38414 , 9.42232 , 2.04136 , 0.0254651 , 0.0262216 , 0.0261377
6.67745e-06 , 116.782 , 0.0389273 , 3e+21 , -3.38414 , 9.42232 , 2.04136 , 0.0254651 , 0.0262216 , 0.0261377
6.70284e-06 , 116.782 , 0.0389273 , 3e+21 , -3.38414 , 9.42232 , 2.04136 , 0.0254651 , 0.0262216 , 0.0261377
6.72823e-06 , 116.782 , 0.0389273 , 3e+21 , -3.38414 , 9.42232 , 2.04136 , 0.0254651 , 0.0262216 , 0.0261377
6.75362e-06 , 116.782 , 0.0389273 , 3e+21 , -3.38414 , 9.42232 , 2.04136 , 0.0254651 , 0.0262216 , 0.0261377
6.77901e-06 , 116.782 , 0.0389273 , 3e+21 , -3.38414 , 9.42232 , 2.04136 , 0.0254651 , 0.0262216 , 0.0261377
6.8044e-06 , 116.782 , 0.0389273 , 3e+21 , -3.38414 , 9.42232 , 2.04136 , 0.0254651 , 0.0262216 , 0.0261377
6.82979e-06 , 116.782 , 0.0389273 , 3e+21 , -3.38414 , 9.42232 , 2.04136 , 0.0254651 , 0.0262216 , 0.0261377
6.85518e-06 , 116.782 , 0.0389273 , 3e+21 , -3.38414 , 9.42232 , 2.04136 , 0.0254651 , 0.0262216 , 0.0261377
6.88057e-06 , 116.782 , 0.0389273 , 3e+21 , -3.38414 , 9.42232 , 2.04136 , 0.0254651 , 0.0262216 , 0.0261377
6.90596e-06 , 116.782 , 0.0389273 , 3e+21 , -3.38414 , 9.42232 , 2.04136 , 0.0254651 , 0.0262216 , 0.0261377
6.93135e-06 , 116.782 , 0.0389273 , 3e+21 , -3.38414 , 9.42232 , 2.04136 , 0.0254651 , 0.0262216 , 0.0261377
6.95674e-06 , 116.782 , 0.0389273 , 3e+21 , -3.38414 , 9.42232 , 2.04136 , 0.0254651 , 0.0262216 , 0.0261377
6.98213e-06 , 116.782 , 0.0389273 , 3e+21 , -3.38414 , 9.42232 , 2.04136 , 0.0254651 , 0.0262216 , 0.0261377
7.00752e-06 , 116.782 , 0.0389273 , 3e+21 , -3.38414 , 9.42232 , 2.04136 , 0.0254651 , 0.0262216 , 0.0261377
7.03291e-06 , 116.782 , 0.0389273 , 3e+21 , -3.38414 , 9.42232 , 2.04136 , 0.0254651 , 0.0262216 , 0.0261377
7.05829e-06 , 116.782 , 0.0389273 , 3e+21 , -3.38414 , 9.42232 , 2.04136 , 0.0254651 , 0.0262216 , 0.0261377
7.08368e-06 , 116.782 , 0.0389273 , 3e+21 , -3.38414 , 9.42232 , 2.04136 , 0.0254651 , 0.0262216 , 0.0261377
7.10907e-06 , 116.782 , 0.0389273 , 3e+21 , -3.38414 , 9.42232 , 2.04136 , 0.0254651 , 0.0262216 , 0.0261377
7.13446e-06 , 116.782 , 0.0389273 , 3e+21 , -3.38414 , 9.42232 , 2.04136 , 0.0254651 , 0.0262216 , 0.0261377
7.15985e-06 , 116.782 , 0.0389273 , 3e+21 , -3.38414 , 9.42232 , 2.04136 , 0.0254651 , 0.0262216 , 0.0261377
7.18524e-06 , 116.782 , 0.0389273 , 3e+21 , -3.38414 , 9.42232 , 2.04136 , 0.0254651 , 0.0262216 , 0.0261377
7.21063e-06 , 116.782 , 0.0389273 , 3e+21 , -3.38414 , 9.42232 , 2.04136 , 0.0254651 , 0.0262216 , 0.0261377
7.23602e-06 , 116.782 , 0.0389273 , 3e+21 , -3.38414 , 9.42232 , 2.04136 , 0.0254651 , 0.0262216 , 0.0261377
7.26141e-06 , 116.782 , 0.0389273 , 3e+21 , -3.38414 , 9.42232 , 2.04136 , 0.0254651 , 0.0262216 , 0.0261377
7.2868e-06 , 116.782 , 0.0389273 , 3e+21 , -3.38414 , 9.42232 , 2.04136 , 0.0254651 , 0.0262216 , 0.0261377
7.31219e-06 , 116.782 , 0.0389273 , 3e+21 , -3.38414 , 9.42232 , 2.04136 , 0.0254651 , 0.0262216 , 0.0261377
7.33758e-06 , 116.782 , 0.0389273 , 3e+21 , -3.38414 , 9.42232 , 2.04136 , 0.0254651 , 0.0262216 , 0.0261377
7.36297e-06 , 116.782 , 0.0389273 , 3e+21 , -3.38414 , 9.42232 , 2.04136 , 0.0254651 , 0.0262216 , 0.0261377
7.38836e-06 , 116.782 , 0.0389273 , 3e+21 , -3.38414 , 9.42232 , 2.04136 , 0.0254651 , 0.0262216 , 0.0261377
7.41375e-06 , 116.782 , 0.0389273 , 3e+21 , -3.38414 , 9.42232 , 2.04136 , 0.0254651 , 0.0262216 , 0.0261377
7.43914e-06 , 116.782 , 0.0389273 , 3e+21 , -3.38414 , 9.42232 , 2.04136 , 0.0254651 , 0.0262216 , 0.0261377
7.46453e-06 , 116.782 , 0.0389273 , 3e+21 , -3.38414 , 9.42232 , 2.04136 , 0.0254651 , 0.0262216 , 0.0261377
7.48992e-06 , 116.782 , 0.0389273 , 3e+21 , -3.38414 , 9.42232 , 2.04136 , 0.0254651 , 0.0262216 , 0.0261377
7.51531e-06 , 116.782 , 0.0389273 , 3e+21 , -3.38414 , 9.42232 , 2.04136 , 0.0254651 , 0.0262216 , 0.0261377
7.5407e-06 , 116.782 , 0.0389273 , 3e+21 , -3.38414 , 9.42232 , 2.04136 , 0.0254651 , 0.0262216 , 0.0261377
7.56609e-06 , 116.782 , 0.0389273 , 3e+21 , -3.38414 , 9.42232 , 2.04136 , 0.0254651 , 0.0262216 , 0.0261377
7.59148e-06 , 116.782 , 0.0389273 , 3e+21 , -3.38414 , 9.42232 , 2.04136 , 0.0254651 , 0.0262216 , 0.0261377
7.61687e-06 , 116.782 , 0.0389273 , 3e+21 , -3.38414 , 9.42232 , 2.04136 , 0.0254651 , 0.0262216 , 0.0261377
