0,0,0,0,0,0,0,0,0,0,0,0,0,0,0,0,0,0,0,0,0,0,0,0,0,0,0,0,0,0,0,0,0,0
100,32986,0,0,0,0,0,0,0,0,0,0,0,0,0,0,0,0,0,0,0,0,0,0,0,0,0,0,0,0,0,0,0,0
200,143398,0,0,0,0,0,0,0,0,0,0,0,0,0,0,0,0,0,0,0,0,0,0,0,0,0,0,0,0,0,0,0,0
300,298694,0,0,0,0,0,0,0,0,0,0,0,0,0,0,0,0,0,0,0,0,0,0,0,0,0,0,0,0,0,0,0,0
400,491436,0,0,0,0,0,0,0,0,0,0,0,0,0,0,0,0,0,0,0,0,0,0,0,0,0,0,0,0,0,0,0,0
500,718131,0,0,0,0,0,0,0,0,0,0,0,0,0,0,0,0,0,0,0,0,0,0,0,0,0,0,0,0,0,0,0,0
600,973149,0,0,0,0,0,0,0,0,0,0,0,0,0,0,0,0,0,0,0,0,0,0,0,0,0,0,0,0,0,0,0,0
700,1255014,0,0,0,0,0,0,0,0,0,0,0,0,0,0,0,0,0,0,0,0,0,0,0,0,0,0,0,0,0,0,0,0
800,1563433,0,0,0,0,0,0,0,0,0,0,0,0,0,0,0,0,0,0,0,0,0,0,0,0,0,0,0,0,0,0,0,0
900,1895813,0,0,0,0,0,0,0,0,0,0,0,0,0,0,0,0,0,0,0,0,0,0,0,0,0,0,0,0,0,0,0,0
1000,2252732,0,0,0,0,0,0,0,0,0,0,0,0,0,0,0,0,0,0,0,0,0,0,0,0,0,0,0,0,0,0,0,0
1100,2632075,0,0,0,0,0,0,0,0,0,0,0,0,0,0,0,0,0,0,0,0,0,0,0,0,0,0,0,0,0,0,0,0
1200,3030429,0,0,0,0,0,0,0,0,0,0,0,0,0,0,0,0,0,0,0,0,0,0,0,0,0,0,0,0,0,0,0,0
1300,3448262,0,0,0,0,0,0,0,0,0,0,0,0,0,0,0,0,0,0,0,0,0,0,0,0,0,0,0,0,0,0,0,0
1400,3883461,0,0,0,0,0,0,0,0,0,0,0,0,0,0,0,0,0,0,0,0,0,0,0,0,0,0,0,0,0,0,0,0
1500,4335395,0,0,0,0,0,0,0,0,0,0,0,0,0,0,0,0,0,0,0,0,0,0,0,0,1,0,0,0,0,0,0,0
1600,4806131,0,0,0,0,0,0,0,0,0,0,0,0,0,0,0,0,0,0,0,0,0,0,0,0,1,0,0,0,0,0,0,0
1700,5295083,0,0,0,0,0,0,0,0,0,0,0,0,0,0,0,0,0,0,0,0,0,0,0,0,1,0,0,0,0,0,0,0
1800,5801713,0,0,0,0,0,0,0,0,0,0,0,0,0,0,0,0,0,0,0,0,0,0,0,0,1,2,0,0,0,0,0,0
1900,6325412,0,0,0,0,0,0,0,0,0,0,0,0,0,0,0,0,0,0,0,0,0,0,0,1,1,3,0,0,0,0,0,0
2000,6864232,0,0,0,0,0,0,0,0,0,0,0,0,0,0,0,0,0,0,0,0,0,0,0,1,2,7,0,0,0,0,0,0
2100,7414973,0,0,0,0,0,0,0,0,0,0,0,0,0,0,0,0,0,0,0,0,0,0,0,2,3,7,0,0,0,0,0,0
2200,7976644,0,0,0,0,0,0,0,0,0,0,0,0,0,0,0,0,0,0,0,0,0,0,0,7,6,11,0,0,0,0,0,0
2300,8550478,0,0,0,0,0,0,0,0,0,0,0,0,0,0,0,0,0,0,0,0,0,0,0,7,8,12,0,0,0,0,0,0
2400,9135902,0,0,0,0,0,0,0,0,0,0,0,0,0,0,0,0,0,0,0,0,0,0,0,10,12,13,0,0,0,0,0,0
2500,9732341,0,0,0,0,0,0,0,0,0,0,0,0,0,0,0,0,0,0,0,0,0,0,2,12,16,19,0,0,0,0,0,0
2600,10339234,0,0,0,0,0,0,0,0,0,0,0,0,0,0,0,0,0,0,0,0,0,1,3,14,18,22,0,0,0,0,0,0
2700,10957718,0,0,0,0,0,0,0,0,0,0,0,0,0,0,0,0,0,0,0,0,0,1,3,15,20,27,0,0,0,0,0,0
2800,11584226,0,0,0,0,0,0,0,0,0,0,0,0,0,0,0,0,0,0,0,0,1,1,5,16,23,34,0,0,0,0,0,0
2900,12222513,0,0,0,0,0,0,0,0,0,0,0,0,0,0,0,0,0,0,0,0,1,1,6,18,28,40,0,0,0,0,0,0
3000,12871616,0,0,0,0,0,0,0,0,0,0,0,0,0,0,0,0,0,0,0,0,1,1,6,22,33,46,0,0,0,0,0,0
3100,13524275,0,0,0,0,0,0,0,0,0,0,0,0,0,0,0,0,0,0,0,0,1,1,7,27,38,49,0,0,0,0,0,0
3200,14184190,0,0,0,0,0,0,0,0,0,0,0,0,0,0,0,0,0,0,0,0,1,1,8,31,38,54,0,0,0,0,0,0
3300,14850706,0,0,0,0,0,0,0,0,0,0,0,0,0,0,0,0,0,0,0,0,1,1,8,33,44,59,0,0,0,0,0,0
3400,15525252,0,0,0,0,0,0,0,0,0,0,0,0,0,0,0,0,0,0,0,0,1,1,9,36,47,64,0,0,0,0,0,1
3500,16208825,0,0,0,0,0,0,0,0,0,0,0,0,0,0,0,0,0,0,0,0,1,2,9,42,50,69,0,0,0,0,1,2
3600,16901104,0,0,0,0,0,0,0,0,0,0,0,0,0,0,0,0,0,0,0,0,1,2,10,49,57,75,0,0,0,0,1,2
3700,17601115,0,0,0,0,0,0,0,0,0,0,0,0,0,0,0,0,0,0,0,0,2,2,12,57,69,83,0,0,0,0,1,2
3800,18306062,0,0,0,0,0,0,0,0,0,0,0,0,0,0,0,0,0,0,0,0,2,2,14,62,76,93,0,0,0,0,1,4
3900,19015846,0,0,0,0,0,0,0,0,0,0,0,0,0,0,0,0,0,0,0,1,2,2,15,67,83,101,0,0,0,0,1,5
4000,19731958,0,0,0,0,0,0,0,0,0,0,0,0,0,0,0,0,0,1,0,1,3,2,16,74,91,107,0,0,0,0,1,5
4100,20450468,0,0,0,0,0,0,0,0,0,0,0,0,0,0,0,0,0,2,0,1,3,2,16,79,101,122,0,0,0,0,1,5
4200,21171346,0,0,0,0,0,0,0,0,0,0,0,0,0,0,0,0,0,2,0,1,3,2,17,84,111,132,0,0,0,0,1,5
4300,21898287,0,0,0,0,0,0,0,0,0,0,0,0,0,0,0,0,0,2,0,1,3,2,18,89,121,138,0,0,0,0,2,6
4400,22624567,0,0,0,0,0,0,0,0,0,0,0,0,0,0,0,0,0,2,0,1,3,2,19,102,129,153,0,0,0,0,2,7
4500,23352856,0,0,0,0,0,0,0,0,0,0,0,0,0,0,0,0,0,2,0,1,3,2,19,105,138,158,0,0,0,0,2,7
4600,24086054,0,0,0,0,0,0,0,0,0,0,0,0,0,0,0,0,0,3,0,1,3,2,21,113,150,162,0,0,0,0,2,7
4700,24820757,0,0,0,0,0,0,1,0,0,0,0,0,0,0,0,0,0,3,0,1,3,2,23,123,156,170,0,0,0,0,2,7
4800,25558924,0,0,0,0,0,0,1,0,0,0,0,0,1,0,0,0,0,3,0,1,3,2,24,128,165,181,0,0,0,0,2,7
4900,26303544,0,0,0,0,0,0,1,0,0,0,0,0,1,0,0,0,0,4,0,1,3,2,25,135,169,194,0,0,0,0,2,7
5000,27050376,0,0,0,0,0,0,1,0,0,0,0,0,2,0,0,0,0,4,0,2,4,2,26,142,176,203,0,0,0,0,2,7
5100,27799983,0,0,0,0,0,0,1,0,0,0,0,0,2,0,0,0,0,5,1,2,4,2,26,153,183,208,0,0,0,0,2,8
5200,28554736,0,0,0,0,0,0,1,0,0,0,0,0,2,0,0,0,0,5,1,2,4,2,29,161,188,218,0,0,0,0,2,8
5300,29310218,0,0,0,0,0,0,1,0,0,0,0,0,2,0,0,0,0,7,1,2,4,2,33,173,196,226,0,0,0,0,2,8
5400,30065537,0,0,0,0,0,0,2,0,0,0,0,0,2,0,0,0,0,7,1,2,5,2,35,183,205,231,0,0,0,0,2,9
5500,30825704,0,0,0,0,0,0,2,0,0,0,0,0,2,0,0,0,0,7,1,4,5,2,35,192,212,241,0,0,0,0,2,9
5600,31592256,0,0,0,0,0,0,2,1,0,0,0,0,2,0,0,0,0,7,1,4,5,2,36,202,220,249,0,0,0,0,2,9
5700,32360511,0,0,0,0,0,0,2,1,0,0,0,0,2,0,0,0,0,7,1,5,6,2,38,209,228,261,0,0,0,0,2,9
5800,33132875,0,0,0,0,0,0,2,1,0,0,0,0,2,0,0,0,0,7,1,5,6,2,39,216,238,269,0,0,0,0,2,10
5900,33909686,0,0,0,0,0,0,2,1,0,0,0,0,2,0,0,0,0,7,1,5,6,2,41,223,250,282,0,0,0,0,2,10
6000,34688704,0,0,0,0,0,0,2,1,0,0,0,0,2,0,0,0,0,7,1,5,6,2,42,237,258,291,0,0,0,0,2,10
6100,35465904,0,0,0,0,0,0,2,1,0,0,0,0,2,0,0,0,0,7,1,5,6,2,43,247,270,307,0,0,0,0,2,10
6200,36245879,0,0,0,0,0,0,2,1,0,0,0,0,2,0,0,0,0,7,1,7,6,2,46,257,276,318,1,0,0,0,2,10
6300,37024751,0,0,0,0,0,0,2,1,0,0,0,0,2,0,0,0,0,8,1,7,6,2,47,274,291,334,1,0,0,0,2,10
6400,37805279,0,0,0,0,0,0,2,1,0,0,0,0,2,0,0,0,0,8,1,7,6,2,50,284,300,347,1,0,0,0,2,10
6500,38589444,0,0,0,0,0,0,2,1,0,0,0,0,2,0,0,0,0,8,1,7,6,2,53,294,305,361,1,0,0,0,2,11
6600,39375156,0,0,0,0,0,0,2,1,0,0,0,0,2,0,0,0,0,8,1,7,6,2,53,307,320,370,1,0,0,0,2,11
6700,40160201,0,0,0,0,0,0,2,1,0,0,0,0,2,0,0,0,0,8,1,7,7,2,53,324,326,386,1,0,0,0,2,11
6800,40945079,0,0,0,0,0,0,2,1,0,0,0,0,2,0,0,0,0,8,1,7,7,2,54,335,340,398,1,0,0,0,2,12
6900,41727310,0,0,0,0,0,0,2,1,0,0,0,0,2,0,0,0,0,8,1,7,7,2,57,349,350,405,1,0,0,0,2,12
7000,42510336,0,0,0,0,0,0,3,1,0,0,0,0,2,0,0,0,0,9,1,8,7,2,58,358,358,417,1,0,0,0,3,12
7100,43295143,0,0,0,0,0,0,3,1,0,0,0,0,3,0,0,0,0,9,1,8,7,2,60,366,369,432,1,0,0,0,3,12
7200,44080348,0,0,0,0,0,0,3,1,0,0,0,0,3,0,0,0,0,9,1,8,7,2,61,378,380,443,1,0,0,0,3,12
7300,44865917,0,0,0,0,0,0,3,1,0,0,0,0,3,0,0,0,0,10,1,8,7,2,61,387,400,455,1,0,0,0,4,12
7400,45653815,0,0,0,0,0,0,3,1,0,0,0,0,3,0,0,0,0,10,1,8,7,2,61,394,409,467,1,0,0,0,4,12
7500,46440719,0,0,0,0,0,0,3,1,0,0,0,0,3,0,0,0,0,10,1,8,7,2,63,402,421,479,1,0,0,0,4,13
7600,47226692,0,0,0,0,0,0,3,1,0,0,0,0,3,0,0,0,0,10,1,8,7,2,65,419,426,490,1,0,0,0,4,13
7700,48016001,0,0,0,0,0,0,3,1,0,0,0,0,3,0,0,0,0,10,1,8,7,2,68,426,435,506,1,0,0,0,4,13
7800,48805180,0,0,0,0,0,0,3,1,0,0,0,0,3,0,0,0,0,11,1,8,8,3,72,438,440,519,1,0,0,0,4,13
7900,49593098,0,0,0,0,0,0,3,1,0,0,0,0,3,0,0,0,0,11,1,8,8,4,75,450,448,538,1,0,0,0,4,13
8000,50381001,0,0,0,0,0,0,3,1,0,0,0,0,3,0,1,0,0,11,1,8,9,4,77,460,454,553,1,0,0,0,4,13
8100,51168793,0,0,0,0,0,0,3,1,0,0,0,0,3,0,1,0,0,11,1,8,9,4,81,468,460,564,1,0,0,0,4,14
8200,51957702,0,0,0,0,0,0,3,1,0,0,0,0,3,0,1,0,0,11,1,8,10,4,84,477,471,580,1,0,0,0,4,14
8300,52746061,0,0,0,0,0,0,3,1,0,0,0,0,3,0,1,0,0,11,1,8,10,4,86,485,479,593,1,0,0,0,4,15
