t , Ki , Mi , Ni , Vxi , Vyi , Vzi , Txi , Tyi , Tzi
0 , 37.8227 , 0.0378227 , 1e+21 , 22.0705 , 3.88968 , 8.84289 , 0.0255593 , 0.0254583 , 0.0244593
5.33181e-07 , 37.8227 , 0.0378227 , 1e+21 , 22.0705 , 3.88968 , 8.84289 , 0.0255593 , 0.0254583 , 0.0244593
1.06636e-06 , 37.8227 , 0.0378227 , 1e+21 , 22.0705 , 3.88968 , 8.84289 , 0.0255593 , 0.0254583 , 0.0244593
1.59954e-06 , 37.8227 , 0.0378227 , 1e+21 , 22.0705 , 3.88968 , 8.84289 , 0.0255593 , 0.0254583 , 0.0244593
2.13272e-06 , 37.8227 , 0.0378227 , 1e+21 , 22.0705 , 3.88968 , 8.84289 , 0.0255593 , 0.0254583 , 0.0244593
2.6659e-06 , 37.8227 , 0.0378227 , 1e+21 , 22.0705 , 3.88968 , 8.84289 , 0.0255593 , 0.0254583 , 0.0244593
3.19908e-06 , 37.8227 , 0.0378227 , 1e+21 , 22.0705 , 3.88968 , 8.84289 , 0.0255593 , 0.0254583 , 0.0244593
3.73226e-06 , 37.8227 , 0.0378227 , 1e+21 , 22.0705 , 3.88968 , 8.84289 , 0.0255593 , 0.0254583 , 0.0244593
4.26544e-06 , 37.8227 , 0.0378227 , 1e+21 , 22.0705 , 3.88968 , 8.84289 , 0.0255593 , 0.0254583 , 0.0244593
4.79863e-06 , 37.8227 , 0.0378227 , 1e+21 , 22.0705 , 3.88968 , 8.84289 , 0.0255593 , 0.0254583 , 0.0244593
5.33181e-06 , 37.8227 , 0.0378227 , 1e+21 , 22.0705 , 3.88968 , 8.84289 , 0.0255593 , 0.0254583 , 0.0244593
5.86499e-06 , 37.8227 , 0.0378227 , 1e+21 , 22.0705 , 3.88968 , 8.84289 , 0.0255593 , 0.0254583 , 0.0244593
6.39817e-06 , 37.8227 , 0.0378227 , 1e+21 , 22.0705 , 3.88968 , 8.84289 , 0.0255593 , 0.0254583 , 0.0244593
6.93135e-06 , 37.8227 , 0.0378227 , 1e+21 , 22.0705 , 3.88968 , 8.84289 , 0.0255593 , 0.0254583 , 0.0244593
7.46453e-06 , 37.8227 , 0.0378227 , 1e+21 , 22.0705 , 3.88968 , 8.84289 , 0.0255593 , 0.0254583 , 0.0244593
7.99771e-06 , 37.8227 , 0.0378227 , 1e+21 , 22.0705 , 3.88968 , 8.84289 , 0.0255593 , 0.0254583 , 0.0244593
8.53089e-06 , 37.8227 , 0.0378227 , 1e+21 , 22.0705 , 3.88968 , 8.84289 , 0.0255593 , 0.0254583 , 0.0244593
9.06407e-06 , 37.8227 , 0.0378227 , 1e+21 , 22.0705 , 3.88968 , 8.84289 , 0.0255593 , 0.0254583 , 0.0244593
9.59725e-06 , 37.8227 , 0.0378227 , 1e+21 , 22.0705 , 3.88968 , 8.84289 , 0.0255593 , 0.0254583 , 0.0244593
1.01304e-05 , 37.8227 , 0.0378227 , 1e+21 , 22.0705 , 3.88968 , 8.84289 , 0.0255593 , 0.0254583 , 0.0244593
1.06636e-05 , 37.8227 , 0.0378227 , 1e+21 , 22.0705 , 3.88968 , 8.84289 , 0.0255593 , 0.0254583 , 0.0244593
1.11968e-05 , 37.8227 , 0.0378227 , 1e+21 , 22.0705 , 3.88968 , 8.84289 , 0.0255593 , 0.0254583 , 0.0244593
1.173e-05 , 37.8227 , 0.0378227 , 1e+21 , 22.0705 , 3.88968 , 8.84289 , 0.0255593 , 0.0254583 , 0.0244593
1.22632e-05 , 37.8227 , 0.0378227 , 1e+21 , 22.0705 , 3.88968 , 8.84289 , 0.0255593 , 0.0254583 , 0.0244593
1.27963e-05 , 37.8227 , 0.0378227 , 1e+21 , 22.0705 , 3.88968 , 8.84289 , 0.0255593 , 0.0254583 , 0.0244593
1.33295e-05 , 37.8227 , 0.0378227 , 1e+21 , 22.0705 , 3.88968 , 8.84289 , 0.0255593 , 0.0254583 , 0.0244593
1.38627e-05 , 37.8227 , 0.0378227 , 1e+21 , 22.0705 , 3.88968 , 8.84289 , 0.0255593 , 0.0254583 , 0.0244593
1.43959e-05 , 37.8227 , 0.0378227 , 1e+21 , 22.0705 , 3.88968 , 8.84289 , 0.0255593 , 0.0254583 , 0.0244593
1.49291e-05 , 37.8227 , 0.0378227 , 1e+21 , 22.0705 , 3.88968 , 8.84289 , 0.0255593 , 0.0254583 , 0.0244593
1.54622e-05 , 37.8227 , 0.0378227 , 1e+21 , 22.0705 , 3.88968 , 8.84289 , 0.0255593 , 0.0254583 , 0.0244593
1.59954e-05 , 37.8227 , 0.0378227 , 1e+21 , 22.0705 , 3.88968 , 8.84289 , 0.0255593 , 0.0254583 , 0.0244593
1.65286e-05 , 37.8227 , 0.0378227 , 1e+21 , 22.0705 , 3.88968 , 8.84289 , 0.0255593 , 0.0254583 , 0.0244593
1.70618e-05 , 37.8227 , 0.0378227 , 1e+21 , 22.0705 , 3.88968 , 8.84289 , 0.0255593 , 0.0254583 , 0.0244593
1.7595e-05 , 37.8227 , 0.0378227 , 1e+21 , 22.0705 , 3.88968 , 8.84289 , 0.0255593 , 0.0254583 , 0.0244593
1.81281e-05 , 37.8227 , 0.0378227 , 1e+21 , 22.0705 , 3.88968 , 8.84289 , 0.0255593 , 0.0254583 , 0.0244593
1.86613e-05 , 37.8227 , 0.0378227 , 1e+21 , 22.0705 , 3.88968 , 8.84289 , 0.0255593 , 0.0254583 , 0.0244593
1.91945e-05 , 37.8227 , 0.0378227 , 1e+21 , 22.0705 , 3.88968 , 8.84289 , 0.0255593 , 0.0254583 , 0.0244593
1.97277e-05 , 37.8227 , 0.0378227 , 1e+21 , 22.0705 , 3.88968 , 8.84289 , 0.0255593 , 0.0254583 , 0.0244593
2.02609e-05 , 37.8227 , 0.0378227 , 1e+21 , 22.0705 , 3.88968 , 8.84289 , 0.0255593 , 0.0254583 , 0.0244593
2.0794e-05 , 37.8227 , 0.0378227 , 1e+21 , 22.0705 , 3.88968 , 8.84289 , 0.0255593 , 0.0254583 , 0.0244593
2.13272e-05 , 37.8227 , 0.0378227 , 1e+21 , 22.0705 , 3.88968 , 8.84289 , 0.0255593 , 0.0254583 , 0.0244593
2.18604e-05 , 37.8227 , 0.0378227 , 1e+21 , 22.0705 , 3.88968 , 8.84289 , 0.0255593 , 0.0254583 , 0.0244593
2.23936e-05 , 37.8227 , 0.0378227 , 1e+21 , 22.0705 , 3.88968 , 8.84289 , 0.0255593 , 0.0254583 , 0.0244593
2.29268e-05 , 37.8227 , 0.0378227 , 1e+21 , 22.0705 , 3.88968 , 8.84289 , 0.0255593 , 0.0254583 , 0.0244593
2.34599e-05 , 37.8227 , 0.0378227 , 1e+21 , 22.0705 , 3.88968 , 8.84289 , 0.0255593 , 0.0254583 , 0.0244593
2.39931e-05 , 37.8227 , 0.0378227 , 1e+21 , 22.0705 , 3.88968 , 8.84289 , 0.0255593 , 0.0254583 , 0.0244593
2.45263e-05 , 37.8227 , 0.0378227 , 1e+21 , 22.0705 , 3.88968 , 8.84289 , 0.0255593 , 0.0254583 , 0.0244593
2.50595e-05 , 37.8227 , 0.0378227 , 1e+21 , 22.0705 , 3.88968 , 8.84289 , 0.0255593 , 0.0254583 , 0.0244593
2.55927e-05 , 37.8227 , 0.0378227 , 1e+21 , 22.0705 , 3.88968 , 8.84289 , 0.0255593 , 0.0254583 , 0.0244593
2.61258e-05 , 37.8227 , 0.0378227 , 1e+21 , 22.0705 , 3.88968 , 8.84289 , 0.0255593 , 0.0254583 , 0.0244593
2.6659e-05 , 37.8227 , 0.0378227 , 1e+21 , 22.0705 , 3.88968 , 8.84289 , 0.0255593 , 0.0254583 , 0.0244593
2.71922e-05 , 37.8227 , 0.0378227 , 1e+21 , 22.0705 , 3.88968 , 8.84289 , 0.0255593 , 0.0254583 , 0.0244593
2.77254e-05 , 37.8227 , 0.0378227 , 1e+21 , 22.0705 , 3.88968 , 8.84289 , 0.0255593 , 0.0254583 , 0.0244593
2.82586e-05 , 37.8227 , 0.0378227 , 1e+21 , 22.0705 , 3.88968 , 8.84289 , 0.0255593 , 0.0254583 , 0.0244593
2.87918e-05 , 37.8227 , 0.0378227 , 1e+21 , 22.0705 , 3.88968 , 8.84289 , 0.0255593 , 0.0254583 , 0.0244593
2.93249e-05 , 37.8227 , 0.0378227 , 1e+21 , 22.0705 , 3.88968 , 8.84289 , 0.0255593 , 0.0254583 , 0.0244593
2.98581e-05 , 37.8227 , 0.0378227 , 1e+21 , 22.0705 , 3.88968 , 8.84289 , 0.0255593 , 0.0254583 , 0.0244593
3.03913e-05 , 37.8227 , 0.0378227 , 1e+21 , 22.0705 , 3.88968 , 8.84289 , 0.0255593 , 0.0254583 , 0.0244593
3.09245e-05 , 37.8227 , 0.0378227 , 1e+21 , 22.0705 , 3.88968 , 8.84289 , 0.0255593 , 0.0254583 , 0.0244593
3.14577e-05 , 37.8227 , 0.0378227 , 1e+21 , 22.0705 , 3.88968 , 8.84289 , 0.0255593 , 0.0254583 , 0.0244593
3.19908e-05 , 37.8227 , 0.0378227 , 1e+21 , 22.0705 , 3.88968 , 8.84289 , 0.0255593 , 0.0254583 , 0.0244593
3.2524e-05 , 37.8227 , 0.0378227 , 1e+21 , 22.0705 , 3.88968 , 8.84289 , 0.0255593 , 0.0254583 , 0.0244593
3.30572e-05 , 37.8227 , 0.0378227 , 1e+21 , 22.0705 , 3.88968 , 8.84289 , 0.0255593 , 0.0254583 , 0.0244593
3.35904e-05 , 37.8227 , 0.0378227 , 1e+21 , 22.0705 , 3.88968 , 8.84289 , 0.0255593 , 0.0254583 , 0.0244593
3.41236e-05 , 37.8227 , 0.0378227 , 1e+21 , 22.0705 , 3.88968 , 8.84289 , 0.0255593 , 0.0254583 , 0.0244593
3.46567e-05 , 37.8227 , 0.0378227 , 1e+21 , 22.0705 , 3.88968 , 8.84289 , 0.0255593 , 0.0254583 , 0.0244593
3.51899e-05 , 37.8227 , 0.0378227 , 1e+21 , 22.0705 , 3.88968 , 8.84289 , 0.0255593 , 0.0254583 , 0.0244593
3.57231e-05 , 37.8227 , 0.0378227 , 1e+21 , 22.0705 , 3.88968 , 8.84289 , 0.0255593 , 0.0254583 , 0.0244593
3.62563e-05 , 37.8227 , 0.0378227 , 1e+21 , 22.0705 , 3.88968 , 8.84289 , 0.0255593 , 0.0254583 , 0.0244593
3.67895e-05 , 37.8227 , 0.0378227 , 1e+21 , 22.0705 , 3.88968 , 8.84289 , 0.0255593 , 0.0254583 , 0.0244593
3.73226e-05 , 37.8227 , 0.0378227 , 1e+21 , 22.0705 , 3.88968 , 8.84289 , 0.0255593 , 0.0254583 , 0.0244593
3.78558e-05 , 37.8227 , 0.0378227 , 1e+21 , 22.0705 , 3.88968 , 8.84289 , 0.0255593 , 0.0254583 , 0.0244593
3.8389e-05 , 37.8227 , 0.0378227 , 1e+21 , 22.0705 , 3.88968 , 8.84289 , 0.0255593 , 0.0254583 , 0.0244593
3.89222e-05 , 37.8227 , 0.0378227 , 1e+21 , 22.0705 , 3.88968 , 8.84289 , 0.0255593 , 0.0254583 , 0.0244593
3.94554e-05 , 37.8227 , 0.0378227 , 1e+21 , 22.0705 , 3.88968 , 8.84289 , 0.0255593 , 0.0254583 , 0.0244593
3.99885e-05 , 37.8227 , 0.0378227 , 1e+21 , 22.0705 , 3.88968 , 8.84289 , 0.0255593 , 0.0254583 , 0.0244593
4.05217e-05 , 37.8227 , 0.0378227 , 1e+21 , 22.0705 , 3.88968 , 8.84289 , 0.0255593 , 0.0254583 , 0.0244593
4.10549e-05 , 37.8227 , 0.0378227 , 1e+21 , 22.0705 , 3.88968 , 8.84289 , 0.0255593 , 0.0254583 , 0.0244593
4.15881e-05 , 37.8227 , 0.0378227 , 1e+21 , 22.0705 , 3.88968 , 8.84289 , 0.0255593 , 0.0254583 , 0.0244593
4.21213e-05 , 37.8227 , 0.0378227 , 1e+21 , 22.0705 , 3.88968 , 8.84289 , 0.0255593 , 0.0254583 , 0.0244593
4.26544e-05 , 37.8227 , 0.0378227 , 1e+21 , 22.0705 , 3.88968 , 8.84289 , 0.0255593 , 0.0254583 , 0.0244593
4.31876e-05 , 37.8227 , 0.0378227 , 1e+21 , 22.0705 , 3.88968 , 8.84289 , 0.0255593 , 0.0254583 , 0.0244593
4.37208e-05 , 37.8227 , 0.0378227 , 1e+21 , 22.0705 , 3.88968 , 8.84289 , 0.0255593 , 0.0254583 , 0.0244593
4.4254e-05 , 37.8227 , 0.0378227 , 1e+21 , 22.0705 , 3.88968 , 8.84289 , 0.0255593 , 0.0254583 , 0.0244593
