t , Ki , Mi , Ni , Vxi , Vyi , Vzi , Txi , Tyi , Tzi , Rxi , Ryi , Rzi, XX, YY, ZZ, XY, XZ, YZ, XVX, XVY, XVZ, YVX, YVY, YVZ, ZVX, ZVY, ZVZ
0 , 0 , 0 , 1e+22 , 0 , 0 , 0 , 0 , 0 , 0 , 0 , 0 , 0 , 0 , 0 , 0 , 0 , 0 , 0 , 0 , 0 , 0 , 0 , 0 , 0 , 0 , 0 , 0
5.33181e-07 , 12251 , 1.2251 , 1e+22 , 33.1372 , 3814.46 , 95067.8 , 0.805304 , 0.806443 , 0.786978 , 0.000624845569 , 0.000312941388 , 0.122525877 , 0.00249828906 , 0.00242240057 , 0.0179865775 , 3.18623616e-05 , 0.000108996711 , -1.25933705e-05 , 9295.01615 , 84.6629287 , 152.862862 , 99.8897677 , 9104.68953 , -351.796575 , 62.1579223 , 367.971022 , 17403.1272
1.06636e-06 , 15978.6 , 1.59786 , 1e+22 , -3364.08 , 7193.4 , 56473.5 , 1.06415 , 1.05776 , 1.05532 , 0.000223968615 , 0.00115571218 , 0.159875075 , 0.0140221051 , 0.0136297489 , 0.0333584842 , -6.04389756e-06 , -3.67674825e-05 , 0.000178899765 , 9885.54064 , -562.775165 , 155.208248 , 383.178891 , 9659.24085 , -190.215252 , -1039.41381 , 1226.79842 , 12083.3421
1.59954e-06 , 18955.9 , 1.89559 , 1e+22 , -1865.58 , 1957.67 , 42809.6 , 1.27642 , 1.2501 , 1.25419 , -0.000375492933 , 0.00244738503 , 0.189758196 , 0.0253246842 , 0.0243317143 , 0.0473127931 , -0.000437285477 , 3.52655876e-05 , 0.000281375351 , 8459.54619 , -1172.692 , 653.313561 , 678.196448 , 9633.63102 , -1248.3908 , -1148.27967 , 591.414938 , 10466.7562
2.13272e-06 , 21377.9 , 2.13779 , 1e+22 , 4905.41 , 584.775 , 43572.1 , 1.43674 , 1.39358 , 1.43433 , -0.000393713098 , 0.00248147993 , 0.214155499 , 0.0362329007 , 0.0347152131 , 0.0604555988 , -0.000316134005 , -0.000111728093 , -3.20939951e-05 , 10443.7545 , 217.864225 , 455.256008 , -937.250712 , 9208.03074 , 696.953102 , 1067.75919 , -1163.47892 , 12195.4482
2.6659e-06 , 23395.2 , 2.33952 , 1e+22 , -3828.2 , -2596.71 , 36524.4 , 1.55239 , 1.56442 , 1.55452 , -7.62031935e-05 , 0.00358185998 , 0.234547018 , 0.0468167357 , 0.0447381501 , 0.0726913377 , 9.54741121e-05 , 0.000215384591 , 0.000443849187 , 8225.49419 , -275.355522 , -444.314598 , 1062.66342 , 8940.25005 , 370.415393 , -1509.41884 , -1456.24039 , 12068.2575
3.19908e-06 , 25095.8 , 2.50958 , 1e+22 , 7116.93 , -2847.1 , 23841 , 1.65067 , 1.69212 , 1.67281 , 0.000153952725 , 0.00385092411 , 0.251815608 , 0.0569286779 , 0.0552184603 , 0.084047219 , 0.00047141856 , 0.000438566876 , 0.000147690418 , 5884.5781 , -429.489339 , 181.166388 , 267.649597 , 7962.49372 , 133.467066 , 3130.76441 , -923.782672 , 6505.11826
3.73226e-06 , 26756.2 , 2.67562 , 1e+22 , 13444.9 , 796.734 , 21996 , 1.78366 , 1.77701 , 1.78678 , 0.00060341362 , 0.00425556416 , 0.268736662 , 0.0663956003 , 0.0646066051 , 0.0957657735 , 0.00042949509 , 0.00072064235 , 0.000618492224 , 7438.79189 , -452.744405 , 155.617767 , 378.929984 , 7197.18847 , 1093.01516 , 6056.54435 , -888.538704 , 7549.23928
4.26544e-06 , 28223.7 , 2.82237 , 1e+22 , -9917.23 , 3919.59 , 22188.1 , 1.85162 , 1.91998 , 1.8697 , -0.000586508877 , 0.0036109398 , 0.283781805 , 0.0755241911 , 0.0736814452 , 0.107000717 , 0.000125360457 , 0.000242762319 , 0.000300840742 , 4763.49482 , -3809.9459 , 55.8076166 , -25.6142479 , 9347.15502 , -1896.97433 , -3619.75988 , -66.890441 , 7519.82024
4.79863e-06 , 29555 , 2.9555 , 1e+22 , -5293.29 , 3856.77 , 35766.7 , 1.95175 , 1.96188 , 1.98985 , -0.00108799782 , 0.00418740862 , 0.297529804 , 0.0850056828 , 0.0827892169 , 0.117612933 , -0.000147796433 , -7.18442519e-07 , 0.000491485996 , 8536.68442 , -1338.45211 , 119.296926 , -15.5799826 , 7099.20785 , -1038.05294 , -2170.98686 , 2076.92339 , 15504.8256
5.33181e-06 , 30910 , 3.091 , 1e+22 , 5082.26 , 2207.51 , 23462.6 , 2.00927 , 2.10424 , 2.06517 , -0.00141449663 , 0.00417368474 , 0.311573721 , 0.0939944896 , 0.091212589 , 0.128443358 , 0.000223115211 , -0.00018628887 , 0.00108726992 , 7840.67771 , -1023.08808 , -2025.49766 , 3289.33609 , 7357.51101 , 2856.23326 , 609.700064 , 2545.09726 , 8882.06118
5.86499e-06 , 32068.9 , 3.20689 , 1e+22 , -420.915 , -6838.62 , 22920.6 , 2.13427 , 2.14966 , 2.12659 , -0.00181723494 , 0.00306498297 , 0.323719343 , 0.103393658 , 0.100390585 , 0.138436556 , -9.69261266e-05 , 6.06953209e-05 , 0.000780746992 , 7207.40835 , 350.175418 , 1306.47894 , 1420.16705 , 8442.61331 , -301.223747 , -603.295536 , -3017.39119 , 8577.22123
6.39817e-06 , 33136.2 , 3.31362 , 1e+22 , -3380.24 , 14389.9 , 31385.5 , 2.19016 , 2.23709 , 2.19315 , -0.00254303285 , 0.00447475555 , 0.334984948 , 0.111906316 , 0.109731807 , 0.148234933 , 3.39317341e-05 , -0.000194840134 , 0.00122383437 , 11532.9408 , 1842.42157 , -1055.7926 , -2834.14344 , 4573.17204 , 552.854304 , -1758.56261 , 3594.35513 , 13762.2171
6.93135e-06 , 34086.7 , 3.40867 , 1e+22 , -10820.6 , -12348.4 , 4498.07 , 2.27355 , 2.27012 , 2.27203 , -0.00371349931 , 0.00451416731 , 0.345113424 , 0.121725577 , 0.117351079 , 0.157427674 , 0.00020410704 , -0.000499479278 , 0.00120868125 , 7195.57832 , 766.277718 , 778.295262 , 1983.2909 , 9296.06004 , -649.594787 , -4568.64014 , -5638.39572 , 954.81344
7.46453e-06 , 34911.4 , 3.49114 , 1e+22 , -3860.59 , -1464.29 , 7157.67 , 2.33283 , 2.31251 , 2.33655 , -0.00456900303 , 0.00439706015 , 0.354075673 , 0.130802594 , 0.126198581 , 0.165885665 , 0.000177181073 , -0.000768040487 , 0.00170102468 , 7310.81525 , 93.6044036 , -1954.92449 , 1246.42519 , 12636.0141 , -3099.02412 , -2051.70283 , -775.002695 , 3549.97942
7.99771e-06 , 35823.5 , 3.58235 , 1e+22 , 10419.8 , 7445.79 , 23887.2 , 2.42188 , 2.34588 , 2.39276 , -0.0037743302 , 0.00467792871 , 0.364027262 , 0.139428942 , 0.135376356 , 0.175394449 , 0.000249366441 , -0.000667813166 , 0.00194465921 , 2942.98113 , -509.982271 , 2507.00491 , -1101.75058 , 6158.4298 , -662.681551 , 6262.33175 , 3442.46323 , 12955.3237
8.53089e-06 , 36821.1 , 3.68211 , 1e+22 , 295.545 , -4316.5 , 15291.2 , 2.46619 , 2.43738 , 2.45921 , -0.00402916997 , 0.00295524952 , 0.374782016 , 0.147586897 , 0.144205722 , 0.185859921 , -0.000477716848 , -0.000265820024 , 0.00064921589 , 7643.0491 , -3778.85573 , 1976.80897 , 3685.10401 , 11064.1873 , 193.35221 , -134.652601 , -2698.66755 , 7032.94022
9.06407e-06 , 37717 , 3.7717 , 1e+22 , -1583.93 , -3324.4 , 12579.6 , 2.50427 , 2.49631 , 2.54183 , -0.00389783542 , 0.0023758243 , 0.384563254 , 0.154934409 , 0.153730534 , 0.195432488 , -0.000410493087 , -0.000279538496 , 0.000602354183 , 7498.41126 , 172.895906 , 2212.95185 , 1544.98214 , 10531.9383 , 1867.92488 , -1576.09607 , 540.675825 , 4725.33171
9.59725e-06 , 38540.5 , 3.85405 , 1e+22 , -5082.06 , -267.378 , 14091 , 2.59665 , 2.5799 , 2.53027 , -0.00179848217 , 0.00263358407 , 0.39391397 , 0.16326921 , 0.16388993 , 0.20491603 , -0.00052084977 , 0.000706968525 , 0.000896885935 , 7297.04059 , 870.373609 , 1075.96757 , -749.686434 , 5923.45684 , 1612.18434 , -2532.75534 , -3111.00689 , 5876.82859
1.01304e-05 , 39292.1 , 3.92921 , 1e+22 , -2483.56 , 5675.28 , -1745.43 , 2.57933 , 2.68463 , 2.59422 , -0.00322893371 , 0.00331996798 , 0.402599591 , 0.171378452 , 0.171272246 , 0.214501176 , -0.000543647143 , 0.000565681329 , 0.00199775215 , 10376.387 , -726.470842 , 2231.67713 , -691.383583 , 8304.12221 , -1708.77071 , -1322.77892 , 3441.92226 , -3891.64085
1.06636e-05 , 40002.1 , 4.00021 , 1e+22 , 4830.7 , -9346.97 , 2220.41 , 2.6568 , 2.65228 , 2.69067 , -0.00399926491 , 0.00295339709 , 0.411247228 , 0.179367381 , 0.179448688 , 0.223529171 , -0.000638995252 , -0.000154234599 , 0.00172765038 , 10450.2374 , -770.41175 , -1770.72521 , -589.648701 , 6254.05484 , -409.681839 , 2490.68918 , -5841.20994 , -1685.04542
1.11968e-05 , 40620.5 , 4.06205 , 1e+22 , -779.101 , 15281.6 , -12197.4 , 2.68385 , 2.69677 , 2.74131 , -0.00316104916 , 0.00300090458 , 0.418583611 , 0.188035121 , 0.185793979 , 0.232321317 , 0.000364186367 , -0.000190830726 , 0.00114171678 , 8020.69253 , 935.179777 , -4743.3127 , -1943.82085 , 4353.22706 , -3443.95267 , 377.267785 , 5983.31224 , -8789.67542
1.173e-05 , 41190.6 , 4.11906 , 1e+22 , -15105.7 , -4839.92 , 4311.68 , 2.69935 , 2.77172 , 2.76552 , -0.00216407481 , 0.00481307265 , 0.426730469 , 0.196031506 , 0.192050915 , 0.241108692 , -1.8794855e-05 , -0.000222001779 , 0.00146383259 , 873.012762 , 1295.09876 , 713.173042 , -3454.31757 , 7647.12347 , 608.830594 , -7424.69984 , -2860.87734 , 1755.937
1.22632e-05 , 41771.4 , 4.17714 , 1e+22 , -2419.09 , 1031.2 , 7105.6 , 2.80866 , 2.78031 , 2.76499 , -0.00229612853 , 0.00409726989 , 0.433890071 , 0.203526937 , 0.20084089 , 0.249441244 , 0.000479011962 , 4.71439951e-05 , 0.00153383706 , 7825.44362 , 1918.52468 , 174.691477 , 2843.00619 , 4636.48555 , -6292.63256 , 115.465054 , 2573.22578 , 3159.31817
1.27963e-05 , 42327.4 , 4.23274 , 1e+22 , 11117.6 , -2350.42 , 10897.7 , 2.84896 , 2.78368 , 2.83143 , -0.00317482687 , 0.00346303053 , 0.441423469 , 0.212367603 , 0.2076963 , 0.258143562 , 0.00072690163 , 0.0010725054 , 0.00109634931 , 1847.09778 , 877.120707 , -1707.27464 , -4524.81314 , 10789.4937 , 930.450388 , 6705.57504 , -944.688989 , 5730.44722
1.33295e-05 , 42789.1 , 4.27891 , 1e+22 , 2474.29 , 6172.04 , 23441.2 , 2.88217 , 2.79747 , 2.8748 , -0.00399909215 , 0.0040994273 , 0.448809288 , 0.220572226 , 0.2149502 , 0.266875714 , 0.000941431725 , -0.000713112985 , 0.00103685782 , 4021.47841 , -5054.83987 , -4403.42669 , 5884.45812 , 6885.88535 , 3246.79077 , 250.727406 , 4526.2859 , 13867.0751
1.38627e-05 , 43312.7 , 4.33127 , 1e+22 , 974.747 , 3668.78 , 25300.7 , 2.85995 , 2.90162 , 2.89725 , -0.00544457115 , 0.0032230277 , 0.456292302 , 0.2289263 , 0.223184838 , 0.275762886 , 0.0007848802 , -0.00124120391 , 0.000471873737 , 3574.427 , -2101.10429 , -5956.44861 , 57.3132513 , 6620.43961 , 3235.46801 , 2978.79006 , 3139.9694 , 14099.2234
1.43959e-05 , 43824.6 , 4.38246 , 1e+22 , 10100.2 , -8163.92 , 14042.9 , 2.92885 , 2.93541 , 2.89858 , -0.00596393961 , 0.00327677477 , 0.463538868 , 0.236822902 , 0.230787191 , 0.285451874 , -0.000248842809 , -0.00122014773 , 0.000855346765 , 5204.15092 , 1396.13379 , -3231.7468 , -6812.50848 , 2735.62387 , 2312.61787 , 5186.99409 , -5593.80396 , 9791.57594
1.49291e-05 , 44255.4 , 4.42554 , 1e+22 , -16714.9 , -4427.38 , 1896.74 , 2.96898 , 2.89777 , 2.98262 , -0.00574318288 , 0.00281449261 , 0.470684441 , 0.244304677 , 0.238677886 , 0.295676816 , -0.00128104396 , -0.0016065302 , 0.00102910289 , 6376.58824 , 756.253608 , 2294.50764 , -6961.51069 , 5771.1742 , -3634.81577 , -9205.88536 , -1589.13013 , 1639.89211
1.54622e-05 , 44764.4 , 4.47644 , 1e+22 , -3545.79 , -8475.07 , 11359.1 , 2.9772 , 2.95864 , 3.01582 , -0.00608230303 , 0.00259511898 , 0.478567949 , 0.25128865 , 0.246707936 , 0.305377531 , -0.000299728293 , -0.00104579843 , 0.00125196348 , 7274.086 , 524.404459 , 3010.63261 , -244.275907 , 8638.71016 , -943.48691 , -3560.55269 , -3945.17463 , 5481.24208
1.59954e-05 , 45125 , 4.5125 , 1e+22 , -11930.9 , 6264.92 , 7404.38 , 2.9875 , 2.99095 , 3.04521 , -0.00786374373 , 0.00258881633 , 0.485138473 , 0.258016481 , 0.253957549 , 0.313196934 , 0.000559245727 , -0.00211543328 , 0.00160759318 , 2439.1664 , -2259.48517 , -6.59728087 , 749.017123 , -1508.9778 , -3203.79162 , -9356.50895 , 4280.99559 , 4979.3323
1.65286e-05 , 45322.9 , 4.53229 , 1e+22 , 7797.63 , 5154.87 , 2461.41 , 3.03189 , 3.02719 , 3.00496 , -0.00795046043 , 0.0018650231 , 0.490089016 , 0.264764254 , 0.261691799 , 0.320412688 , 0.000857329574 , -0.00160797541 , 0.00103788555 , 11348.9926 , -1047.55759 , 4370.45106 , 949.447048 , 7754.47359 , 1092.6024 , 4474.69986 , 6535.21404 , 4880.90738
1.70618e-05 , 45613.8 , 4.56138 , 1e+22 , -2095.59 , -1764.14 , 11207.9 , 3.04393 , 3.09432 , 2.98376 , -0.00641927806 , 0.0011860436 , 0.495508893 , 0.270703808 , 0.269942428 , 0.328438748 , 0.00100931748 , -0.000489297741 , 0.00102085211 , 3204.47617 , -4922.27171 , -515.092015 , -1523.17541 , 11393.5059 , 3192.27863 , -4099.15405 , 1538.00192 , 7082.64488
1.7595e-05 , 46037.5 , 4.60375 , 1e+22 , -14973.1 , -5553.82 , -518.662 , 3.11032 , 3.04242 , 3.0533 , -0.00567025962 , 0.00137878982 , 0.502611823 , 0.276429504 , 0.277114775 , 0.337880847 , 0.000198975837 , -0.000505554457 , 0.00166279057 , 8595.40057 , -1847.5376 , -3159.4098 , -1947.5429 , 3516.85186 , -7093.66439 , -9330.99485 , -5420.60298 , 65.0846713
1.81281e-05 , 46419.8 , 4.64198 , 1e+22 , -16684.1 , -1479.34 , 14624.3 , 3.08368 , 3.09001 , 3.10745 , -0.00525944231 , 0.00215594597 , 0.509243722 , 0.284123575 , 0.284409193 , 0.348004847 , -0.000695605724 , 0.000791111397 , 0.00126109701 , 793.848851 , 4369.94102 , -2343.42724 , 20.2867311 , 6534.32761 , -1733.85045 , -12323.6287 , -2315.23986 , 11345.9521
1.86613e-05 , 46740.3 , 4.67403 , 1e+22 , 5881.36 , 3754.43 , 9620.73 , 3.12156 , 3.12181 , 3.10388 , -0.00700953381 , 0.00158856697 , 0.515779979 , 0.291189079 , 0.291698866 , 0.357397115 , -0.00145816015 , 0.000303554872 , 0.000660310787 , 330.196068 , 2003.11966 , 1284.94333 , -1040.70945 , 8631.88462 , 4536.80709 , 4481.64526 , 5952.60571 , 8335.94432
1.91945e-05 , 47231.4 , 4.72314 , 1e+22 , 9805.19 , -9028.18 , 10150.6 , 3.19265 , 3.10294 , 3.14909 , -0.0070256219 , 0.00122130118 , 0.524566842 , 0.29920066 , 0.300636583 , 0.369948145 , -0.000999477648 , 0.000787348401 , 0.00060363816 , 3418.30102 , 2519.03368 , 3729.39367 , 605.313255 , 9402.351 , 1551.72304 , 5167.27219 , -10513.729 , 6162.61383
1.97277e-05 , 47449.8 , 4.74498 , 1e+22 , 6037.03 , 13.1108 , 13707.9 , 3.19729 , 3.12644 , 3.16495 , -0.00614009055 , 0.0012609941 , 0.531708065 , 0.305676896 , 0.307811233 , 0.379627976 , -0.0026836615 , 0.00124464803 , 0.000135061931 , 7543.51333 , -25.4367093 , 1927.20287 , -899.094754 , 2409.6903 , 1016.85409 , 3598.50378 , 2700.84923 , 10097.174
2.02609e-05 , 47743.4 , 4.77434 , 1e+22 , -6005.1 , 6981.35 , 1651.58 , 3.17158 , 3.14762 , 3.22899 , -0.00635995284 , 0.00240180632 , 0.538966369 , 0.312509678 , 0.314128669 , 0.39112138 , -0.00257631529 , 0.000306072403 , 0.000579403681 , 4039.11342 , 7265.18622 , -1176.41179 , 4690.64413 , 8563.34853 , 1337.11431 , -490.533436 , 3576.28266 , 3619.39454
2.0794e-05 , 47930.2 , 4.79302 , 1e+22 , 12175.6 , -4688.8 , -124.859 , 3.15005 , 3.18546 , 3.24956 , -0.00749727433 , 0.00249655668 , 0.545108434 , 0.321899356 , 0.321230504 , 0.401233385 , -0.00206159466 , -0.000253201569 , 0.00079658137 , 12202.5477 , -6026.70899 , -5108.36149 , 5655.57057 , 13024.2878 , -2828.09529 , 7443.98712 , -5398.27083 , -1896.18193
2.13272e-05 , 48081.9 , 4.80819 , 1e+22 , -6957.15 , -14101.2 , -311.846 , 3.15496 , 3.25708 , 3.20292 , -0.0063754085 , 0.00262286458 , 0.550945522 , 0.331282688 , 0.329745955 , 0.409433177 , -0.00241127236 , 0.000709564143 , 0.00040446265 , 5839.35466 , -945.967315 , 1394.12373 , 2408.09732 , 19172.8867 , 2637.14201 , -1472.43401 , -11275.5639 , 2370.63788
2.18604e-05 , 48203.9 , 4.82039 , 1e+22 , -17850.3 , -1886.06 , 15773.6 , 3.20596 , 3.15121 , 3.28037 , -0.00688012407 , 0.00324912062 , 0.557231403 , 0.338453904 , 0.338219549 , 0.419295006 , -0.00290205229 , 0.00110029202 , 0.0010942401 , 8425.33911 , 2876.91545 , 2585.2016 , -3204.68048 , 1724.58934 , -6846.66082 , -10698.4188 , -3874.41579 , 9355.27488
2.23936e-05 , 48414.2 , 4.84142 , 1e+22 , 2370.38 , 10121.7 , 27052.7 , 3.20183 , 3.2529 , 3.22334 , -0.00526976196 , 0.00334748283 , 0.563876184 , 0.346384977 , 0.345649895 , 0.429977895 , -0.00362445312 , 0.00229075038 , 0.00162470307 , 7854.75818 , -3498.15672 , -1781.69815 , 531.920588 , 4495.62668 , -1992.25695 , 1472.68724 , 6202.62073 , 22995.3529
2.29268e-05 , 48584.4 , 4.85844 , 1e+22 , -455.963 , -10190.7 , 1783.03 , 3.23584 , 3.18554 , 3.2949 , -0.00438361986 , 0.00411459793 , 0.569777184 , 0.354111455 , 0.353641687 , 0.440666956 , -0.00444572345 , 0.00218531188 , 0.00185316321 , 16861.951 , 7209.75281 , -1758.21967 , -5780.03046 , 3175.30824 , -2634.98656 , 3601.56156 , -7949.64916 , 1986.64275
2.34599e-05 , 48419.8 , 4.84198 , 1e+22 , 15237.7 , 2874.17 , 11772.7 , 3.21937 , 3.20655 , 3.25588 , -0.00426705426 , 0.00282555341 , 0.574112326 , 0.361548186 , 0.362332367 , 0.449164242 , -0.00534578032 , 0.00243011183 , 0.00106182584 , 8878.0748 , 4552.79996 , -3957.61823 , 8624.65626 , 5064.95368 , -5129.79024 , 7031.60653 , 2624.92645 , 11590.3153
2.39931e-05 , 48556 , 4.8556 , 1e+22 , 4717.55 , -2243.05 , -1344.14 , 3.26423 , 3.23406 , 3.21274 , -0.00302632913 , 0.00101203623 , 0.578995692 , 0.36790523 , 0.369261045 , 0.458049589 , -0.00573506274 , 0.00320063062 , -0.000130339436 , 646.81853 , 5073.12699 , -2665.36335 , -4927.64419 , 130.134414 , 279.050118 , 8157.75334 , -3843.54313 , 2553.57876
2.45263e-05 , 48692.8 , 4.86928 , 1e+22 , -6359.46 , -1572.78 , -7000.93 , 3.28573 , 3.23714 , 3.21517 , -0.00194436833 , 0.00206004569 , 0.585082197 , 0.375487754 , 0.376660475 , 0.467997584 , -0.00497933674 , 0.00264768516 , 0.000393888103 , 10188.7195 , -932.221911 , -4594.54031 , 523.710106 , 6632.67688 , 2682.77484 , -4640.67389 , 1.45409045 , -4557.22192
2.50595e-05 , 48882.7 , 4.88827 , 1e+22 , -4189.08 , 1354.71 , 7024.78 , 3.25443 , 3.2179 , 3.30382 , -0.00241854632 , 0.00317086953 , 0.591665893 , 0.383343848 , 0.383415163 , 0.479425759 , -0.00433157154 , 0.00212369707 , 0.000830036789 , 465.492335 , 4288.75798 , 2141.93644 , -6511.11175 , 8745.8446 , -8049.76345 , -2240.58994 , 886.103472 , 925.989468
2.55927e-05 , 49162.7 , 4.91627 , 1e+22 , 7869.72 , 13034.7 , 2937.37 , 3.26607 , 3.24921 , 3.31589 , -0.00248572735 , 0.00317131685 , 0.599204823 , 0.390262737 , 0.392253604 , 0.490825133 , -0.00379741822 , 0.00238103042 , 0.000255369544 , 6953.43052 , -4614.07275 , -7677.5582 , 1874.69929 , 6929.37925 , 7437.78421 , 6030.35964 , 14544.5574 , -2001.7278
2.61258e-05 , 49365.5 , 4.93655 , 1e+22 , 15455.8 , 3162.89 , 10606.5 , 3.23375 , 3.37413 , 3.26318 , -0.00247819637 , 0.00271991575 , 0.605855408 , 0.398897604 , 0.398668065 , 0.501442812 , -0.00346171011 , 0.00246122095 , 0.00043531339 , -3375.62764 , -5879.22169 , -388.923105 , -8749.5264 , 8356.5665 , 4866.85221 , 11057.6177 , 1026.2586 , 8760.98064
2.6659e-05 , 49519.3 , 4.95193 , 1e+22 , 17139.6 , -2500.92 , 11965.9 , 3.27339 , 3.3015 , 3.32645 , -0.00213546793 , 0.00261673143 , 0.612012679 , 0.403912579 , 0.40651721 , 0.511641953 , -0.00482226057 , 0.00400145223 , -0.000303921377 , 7446.0785 , -2066.03275 , 2233.14959 , -5003.68038 , 5869.03482 , 6.79250671 , 8956.81224 , -2985.11975 , 5833.75018
2.71922e-05 , 49695.7 , 4.96957 , 1e+22 , 3921.05 , 3434.14 , 2421.2 , 3.29793 , 3.29954 , 3.34147 , -0.00182283215 , 0.00205059924 , 0.618449812 , 0.411739835 , 0.413397063 , 0.523518297 , -0.00457389626 , 0.00346560638 , 0.000697633112 , 1582.88638 , 5809.12758 , 6765.10969 , -2891.12241 , 5070.74107 , 3070.2694 , 2701.02833 , -896.780162 , 2074.00255
2.77254e-05 , 49795 , 4.9795 , 1e+22 , 5801.64 , -4422.72 , 19039 , 3.38548 , 3.2006 , 3.37057 , -0.000737623763 , 0.00181337664 , 0.624097986 , 0.419752293 , 0.420929654 , 0.534914525 , -0.00421494384 , 0.00333835013 , 0.000941960964 , 2035.37936 , -3320.63739 , -7881.49727 , -1730.97745 , 2759.62601 , 9581.55081 , 4143.12227 , 1334.98124 , 13413.8817
2.82586e-05 , 49847.5 , 4.98475 , 1e+22 , -2554.77 , 10926.4 , 7966.96 , 3.36728 , 3.37189 , 3.22925 , 0.000673981433 , 0.00140734588 , 0.629904909 , 0.426254103 , 0.428812058 , 0.545063607 , -0.00403632872 , 0.00396973032 , 0.00235438783 , 10261.6189 , 7135.02872 , -3378.58418 , -1405.45262 , 5340.3084 , 10899.8962 , 1512.98339 , 8285.75045 , 3585.26588
2.87918e-05 , 49874.9 , 4.98749 , 1e+22 , 12387.4 , 7.86164 , 8087.32 , 3.2442 , 3.35143 , 3.37811 , 0.00213127562 , 0.00330595571 , 0.635069899 , 0.434449505 , 0.434103965 , 0.555671979 , -0.00303522879 , 0.00510749548 , 0.00391240026 , 6479.79459 , -1050.31855 , 6028.0529 , -856.975397 , 10145.0494 , -1575.55064 , 10398.2473 , -2402.71231 , 1852.29728
2.93249e-05 , 50197.2 , 5.01972 , 1e+22 , -1976.65 , 4558.35 , 4543.95 , 3.34574 , 3.26479 , 3.42865 , 0.00142882215 , 0.00426033686 , 0.64313396 , 0.441376518 , 0.442362793 , 0.568541982 , -0.00297285733 , 0.00405402326 , 0.005051247 , 8582.84281 , 6522.45513 , 8738.22692 , -9098.81626 , 2474.93113 , 5998.07486 , -2999.53442 , 1126.53516 , 6920.75518
2.98581e-05 , 50338.4 , 5.03384 , 1e+22 , 8397.87 , -5356.24 , 14562.4 , 3.38918 , 3.34965 , 3.32708 , 0.0013190125 , 0.00405431561 , 0.649438272 , 0.451373692 , 0.452335947 , 0.581247805 , -0.00323577225 , 0.00447133845 , 0.00492530967 , 2848.51694 , -2686.62061 , 254.116659 , -974.754382 , 2161.05649 , 1525.90822 , 11656.2644 , 1867.78635 , 10875.5294
3.03913e-05 , 50473.6 , 5.04736 , 1e+22 , 11782.9 , -2331.32 , 9288.54 , 3.33254 , 3.36032 , 3.40056 , 0.0013996981 , 0.00463741707 , 0.656093017 , 0.459223085 , 0.459021803 , 0.593633964 , -0.00330638208 , 0.0047317171 , 0.00399566153 , 2294.13991 , -3609.88582 , 1551.5371 , 6618.93722 , 10825.1083 , 3799.16666 , 6416.6129 , 689.127707 , 10117.2898
3.09245e-05 , 50686.1 , 5.06861 , 1e+22 , 2829.06 , 2390.96 , 16340.5 , 3.37923 , 3.36999 , 3.3864 , 0.00136997132 , 0.00689158035 , 0.662784952 , 0.466470186 , 0.465847512 , 0.605799018 , -0.00363967243 , 0.00514819751 , 0.00664375234 , 8613.87206 , -6265.66243 , 8859.46919 , 4193.82459 , 1828.41212 , 3679.20432 , 1057.56822 , -2041.49528 , 19433.5323
3.14577e-05 , 50846.5 , 5.08465 , 1e+22 , 1547.66 , 7502.59 , 7277.11 , 3.4196 , 3.38479 , 3.36428 , 0.000880556084 , 0.00650415568 , 0.670063762 , 0.472299886 , 0.47376168 , 0.61937746 , -0.00443202696 , 0.00420983469 , 0.00780207811 , 10517.0561 , -1295.29721 , 4218.61258 , 5890.71274 , 1128.3883 , -471.06342 , 4259.59461 , 9183.03107 , 6416.08567
3.19908e-05 , 50806.7 , 5.08067 , 1e+22 , -4961.49 , -616.788 , 9866.91 , 3.35364 , 3.3469 , 3.4601 , 0.00208637952 , 0.00674350434 , 0.675083211 , 0.480730152 , 0.479863116 , 0.630051465 , -0.00390768222 , 0.00391029494 , 0.00831593441 , 5563.33084 , -3538.28156 , -2855.06501 , -6595.77913 , -530.359457 , -12144.1242 , -5625.36469 , 3260.85349 , 6626.53015
3.2524e-05 , 50839.4 , 5.08394 , 1e+22 , 2194.94 , -2415 , -5720.54 , 3.39291 , 3.44558 , 3.32915 , 0.0026614818 , 0.00675091101 , 0.68171913 , 0.490124034 , 0.487305956 , 0.642171829 , -0.00381291922 , 0.00341946146 , 0.0100307095 , 8380.90705 , -3722.25136 , -7262.86125 , 3272.5745 , 6058.92825 , -2095.7063 , -36.7952809 , -2337.36114 , -7675.75679
3.30572e-05 , 50899.6 , 5.08996 , 1e+22 , 8713.72 , 4250.15 , 8772.57 , 3.39023 , 3.36251 , 3.42621 , 0.00401443601 , 0.00835358069 , 0.687894767 , 0.496182687 , 0.495746353 , 0.654508084 , -0.00316435721 , 0.00343017058 , 0.00965030171 , 464.89445 , 3697.79629 , -3260.50576 , 9614.34905 , 10748.9565 , 3027.28313 , 6016.68566 , 6220.02619 , 11504.508
3.35904e-05 , 50897.7 , 5.08977 , 1e+22 , 1652.84 , 2950.13 , -1642.6 , 3.4204 , 3.35925 , 3.39981 , 0.0038765872 , 0.00686567722 , 0.695372515 , 0.505074753 , 0.503495716 , 0.66846192 , -0.00303496112 , 0.00264322721 , 0.00849720212 , -96.1307504 , -3459.76357 , -6358.52758 , 2994.05981 , 3413.94608 , -2814.32806 , -1835.75264 , 1246.23748 , 2315.75613
3.41236e-05 , 51035 , 5.1035 , 1e+22 , -4320.28 , 2184.09 , 15857.9 , 3.41309 , 3.35013 , 3.44221 , 0.00510479408 , 0.00575090092 , 0.702547146 , 0.513713588 , 0.511508536 , 0.682540127 , -0.00321243474 , 0.00193898595 , 0.00726330424 , -658.090721 , -1673.8488 , 8221.78743 , -5525.67677 , 8395.89436 , 7231.01686 , -7664.77266 , 6145.31918 , 21381.1842
3.46567e-05 , 51148.6 , 5.11486 , 1e+22 , -5619.2 , 7125.34 , 7757.99 , 3.40199 , 3.43148 , 3.39542 , 0.00533961386 , 0.00528563626 , 0.709226099 , 0.521948637 , 0.517785176 , 0.697089038 , -0.00266132771 , 0.00324358505 , 0.00665876331 , -944.098855 , 8090.98056 , 4086.38409 , -1207.60503 , 1320.6293 , -6351.21093 , -1288.55484 , 3079.24106 , 8328.28337
3.51899e-05 , 51163 , 5.1163 , 1e+22 , -1489.18 , 4360.13 , 7022.85 , 3.40041 , 3.37595 , 3.45584 , 0.00513746386 , 0.00530818884 , 0.715422101 , 0.528878556 , 0.522933785 , 0.710068841 , -0.00397028612 , 0.00348867363 , 0.00737397353 , 8986.12118 , -9292.03595 , -2327.74809 , 5297.5272 , 12585.1675 , 7334.46771 , -1174.28871 , 1812.93069 , 6750.03329
3.57231e-05 , 51161.2 , 5.11612 , 1e+22 , -13279.6 , 10498 , 6050.7 , 3.46908 , 3.34466 , 3.41667 , 0.00350286952 , 0.00482447877 , 0.721754335 , 0.536592562 , 0.531805404 , 0.72272936 , -0.00533506132 , 0.00277105253 , 0.00685791406 , 10169.6881 , -3067.59262 , -10445.6149 , -3883.66579 , 10596.0577 , 5760.4814 , -14763.65 , 3870.14605 , 12244.0916
3.62563e-05 , 51074.4 , 5.10744 , 1e+22 , -10812.9 , -4837.29 , 3029.3 , 3.46314 , 3.3928 , 3.35807 , 0.00237842424 , 0.00574781039 , 0.727180395 , 0.541961978 , 0.537047764 , 0.734868052 , -0.00574126319 , 0.00248610585 , 0.00652045975 , 7574.25362 , 1681.49733 , 6354.85732 , -3938.5295 , 6787.60494 , 558.31818 , -14901.9114 , -7215.86947 , 8041.10104
3.67895e-05 , 51066.9 , 5.10669 , 1e+22 , 13851.8 , -13047.2 , -6559.22 , 3.39168 , 3.3613 , 3.45809 , 0.00255467706 , 0.00470612481 , 0.732646683 , 0.55052892 , 0.544825719 , 0.747550172 , -0.00426970156 , 0.00211437766 , 0.00516493427 , 4392.09794 , 1210.39708 , 2070.53488 , -38.7409502 , 1979.55767 , 2672.16366 , 14253.9791 , -14068.0778 , 1084.27552
3.73226e-05 , 51041.7 , 5.10417 , 1e+22 , -3353.18 , 7001.41 , 15175.3 , 3.38839 , 3.45553 , 3.36277 , 0.00295075201 , 0.00342294643 , 0.737945948 , 0.559569234 , 0.550816057 , 0.759495342 , -0.003882294 , 0.00254281916 , 0.0046044743 , -2411.88786 , -10806.4075 , 9543.45522 , -2544.86728 , 6787.54935 , -6504.84586 , -541.373444 , 7275.82855 , 9079.13794
3.78558e-05 , 51037.8 , 5.10378 , 1e+22 , -11900 , 2544.66 , 233.111 , 3.41744 , 3.37802 , 3.41125 , 0.00348289436 , 0.00465047703 , 0.743992906 , 0.567930013 , 0.556892835 , 0.771633647 , -0.00345225603 , 0.00159210951 , 0.00632482595 , -580.928395 , -2914.93805 , -5700.65181 , -2055.41858 , 7947.18244 , -1831.72362 , -15594.8853 , -1481.44886 , 1433.5771
3.8389e-05 , 51092.5 , 5.10925 , 1e+22 , 12588.5 , -11246.1 , 17887.4 , 3.44814 , 3.40106 , 3.36586 , 0.00362689271 , 0.00523319425 , 0.750370994 , 0.575194166 , 0.564493876 , 0.78415699 , -0.0024371779 , 0.000958103726 , 0.00711956075 , 352.269777 , 10477.9531 , -2129.78516 , -3103.45567 , 3986.98308 , 11677.4707 , 10100.1827 , -13356.7232 , 17483.0112
3.89222e-05 , 51115.4 , 5.11154 , 1e+22 , -9671.83 , -7544.05 , 396.663 , 3.43366 , 3.39675 , 3.39181 , 0.00298702942 , 0.00388150882 , 0.757354245 , 0.582930455 , 0.572223711 , 0.798271614 , -0.00264311494 , 0.000729849123 , 0.00595811715 , 7059.40395 , -3166.06185 , 2965.84273 , -2764.5438 , 2050.06485 , 5312.37736 , -12261.9621 , -4478.3938 , 2049.58828
3.94554e-05 , 51310.7 , 5.13107 , 1e+22 , -5865.68 , 9634.63 , 2677.86 , 3.42425 , 3.43655 , 3.40059 , 0.00274327947 , 0.00555063306 , 0.764239224 , 0.589198699 , 0.578544184 , 0.811245535 , -0.00342164025 , -2.00681873e-05 , 0.00620502065 , 4824.87999 , 8874.1817 , 11275.2441 , 24.9551966 , 12212.0835 , -1158.60577 , -3173.76872 , 10771.4142 , 4578.36807
3.99885e-05 , 51296.4 , 5.12964 , 1e+22 , -6222.25 , -3443.99 , 16490.2 , 3.42257 , 3.36303 , 3.47186 , 0.00136700036 , 0.00560744812 , 0.769844604 , 0.595231777 , 0.588321498 , 0.823474956 , -0.00251914275 , -0.00194799775 , 0.00655547051 , 2306.92605 , 12225.6108 , 1180.98789 , -5605.92723 , 4953.83152 , -786.392517 , -4132.43396 , -10047.3391 , 16440.9983
4.05217e-05 , 51293.1 , 5.12931 , 1e+22 , -13667.8 , 6769.77 , 2621.65 , 3.43039 , 3.39049 , 3.43638 , 0.000499517578 , 0.00596727754 , 0.77560143 , 0.604566163 , 0.597368931 , 0.835430306 , -0.00308956466 , -0.00268409424 , 0.00668426101 , -236.237918 , -2146.09517 , 3375.05335 , 854.701075 , 11326.5768 , -2848.31147 , -13024.1187 , 7244.50545 , 3319.83032
4.10549e-05 , 51297.8 , 5.12978 , 1e+22 , -4048.9 , -4903.15 , 10859.8 , 3.46905 , 3.40978 , 3.37984 , 0.00081651966 , 0.00620104297 , 0.781413592 , 0.612480435 , 0.605269864 , 0.848407885 , -0.00270588885 , -0.00387467405 , 0.0076198242 , 20174.9908 , -3757.92324 , -1162.07363 , 1472.35016 , -1506.98791 , -3406.43187 , 817.0201 , -7385.9489 , 7114.33939
4.15881e-05 , 51360.3 , 5.13603 , 1e+22 , -5267.03 , 6671.5 , 658.641 , 3.42615 , 3.43064 , 3.41485 , 0.00131253076 , 0.00549327081 , 0.788090638 , 0.621064847 , 0.613353261 , 0.863979992 , -0.00115238906 , -0.0033508579 , 0.00644336585 , 15913.7358 , 1490.81408 , 2168.45193 , -5231.26404 , 10900.1999 , -4901.60256 , -8145.61294 , 7578.30158 , 6297.01055
4.21213e-05 , 51311.4 , 5.13114 , 1e+22 , 4786.98 , -2246.42 , 11149.7 , 3.349 , 3.43919 , 3.47323 , -0.000978663902 , 0.00501777573 , 0.794350082 , 0.625760126 , 0.623431539 , 0.877412215 , -0.00143887191 , -0.00521696056 , 0.00628710484 , 1845.44599 , 10153.6754 , 5748.27653 , 1507.97217 , -310.094338 , -1691.71228 , -3463.92488 , -2967.94371 , 11296.5108
4.26544e-05 , 51326 , 5.1326 , 1e+22 , 12383.8 , -5988.55 , 3097.17 , 3.42954 , 3.47489 , 3.35965 , 0.000102129256 , 0.00439679701 , 0.800261029 , 0.630385503 , 0.62868765 , 0.891036791 , -0.00225712594 , -0.00533011793 , 0.00548692684 , -723.913354 , -11345.0995 , -3322.92055 , -1201.88817 , 13268.0148 , 3822.00492 , 7999.42378 , 107.756076 , 8800.64717
4.31876e-05 , 51468.7 , 5.14687 , 1e+22 , 1321.37 , -5057.2 , 11102.6 , 3.35783 , 3.45046 , 3.4846 , 0.000834221888 , 0.00372260321 , 0.807036369 , 0.63688558 , 0.636517263 , 0.905761848 , -0.00182722382 , -0.00437287599 , 0.00570490496 , 5113.24315 , -4859.32821 , 8948.10696 , 5625.66263 , 8199.54994 , 7068.18139 , -8048.78402 , -7466.17109 , 14590.1438
4.37208e-05 , 51364.7 , 5.13647 , 1e+22 , -699.496 , -1071.61 , 5899.23 , 3.3904 , 3.41337 , 3.46895 , 0.000517701733 , 0.00254476266 , 0.812184055 , 0.643739549 , 0.64387373 , 0.91766737 , -0.00344376347 , -0.00432180059 , 0.00370884279 , 9429.33882 , -1103.61856 , 2455.10397 , -3074.9143 , 941.748281 , -6957.34283 , -4969.67123 , -9398.02606 , 380.277455
4.4254e-05 , 51264.5 , 5.12645 , 1e+22 , 1446.98 , 3386.3 , 17841.6 , 3.31026 , 3.49654 , 3.44422 , 0.000834170696 , 0.00192988912 , 0.816674936 , 0.649182514 , 0.649915868 , 0.929319306 , -0.00233866226 , -0.0041374178 , 0.00372052401 , -3655.9077 , -1453.53111 , 6666.31151 , 2003.77925 , 6911.83321 , 6103.20585 , 713.89088 , 11599.7103 , 29400.8924
