0,0,0,0,0,0,0,0,0,0,0,0,0,0,0,0,0,0,0,0,0,0,0,0,0,0,0,0,0,0,0,0,0,0
100,8579,0,0,0,0,0,0,0,0,0,0,0,0,0,0,0,0,0,0,0,0,0,0,0,0,0,0,0,0,0,0,0,0
200,91422,0,0,0,0,0,0,0,0,0,0,0,0,0,0,0,0,0,0,0,0,0,0,0,0,0,0,0,0,0,0,0,0
300,233163,1,0,0,0,0,1,0,2,0,0,0,0,2,0,0,0,0,2,0,1,1,0,0,19,9,4,0,0,0,0,2,1
400,399832,6,1,0,0,0,3,3,7,0,1,5,3,11,4,0,1,2,12,2,17,8,9,3,94,42,46,0,4,3,4,48,32
500,582860,15,11,2,0,0,10,14,11,0,2,8,14,28,7,1,3,2,23,6,28,30,29,15,251,109,103,0,7,13,10,157,170
600,777131,34,12,6,0,0,19,24,20,0,4,18,25,42,16,6,4,7,36,9,49,66,46,28,451,170,183,0,17,33,17,334,430
700,978416,54,18,10,0,0,33,35,34,0,7,26,33,72,30,14,12,15,55,17,65,101,74,37,674,270,278,0,32,47,23,549,747
800,1183898,73,23,17,0,0,51,52,47,0,12,31,42,101,41,19,20,24,75,26,82,139,98,51,927,385,398,0,46,71,39,827,1110
900,1391988,87,28,23,0,0,59,64,62,0,18,37,52,139,49,23,30,35,101,30,108,175,130,68,1164,488,501,0,59,94,52,1077,1566
1000,1601604,106,32,30,0,0,70,81,75,0,19,43,64,176,59,26,37,49,117,41,135,205,168,85,1441,606,606,0,69,120,68,1337,2023
1100,1811861,128,38,37,0,0,83,96,94,0,21,47,75,210,75,36,47,62,139,51,160,241,201,96,1699,718,710,0,81,140,82,1626,2518
1200,2021576,147,46,43,0,0,97,115,119,0,25,51,84,237,86,43,55,71,158,59,192,264,248,111,1970,830,817,0,95,171,92,1937,2955
1300,2232871,174,53,50,0,0,113,133,134,0,30,59,98,278,100,48,62,78,176,66,225,302,275,126,2264,939,930,0,107,191,105,2214,3431
1400,2444048,191,61,62,0,0,130,153,149,0,36,65,107,321,106,53,69,92,191,77,251,347,312,140,2551,1039,1044,0,124,221,121,2496,3888
1500,2656289,214,63,73,0,0,141,173,165,0,36,71,116,364,112,59,79,100,223,87,277,383,331,162,2837,1148,1143,0,142,242,135,2808,4375
1600,2867691,238,70,75,0,0,152,192,181,0,37,84,127,395,125,68,88,110,251,96,304,429,360,173,3100,1264,1256,0,158,269,153,3161,4854
1700,3079330,254,78,86,0,0,163,211,202,0,38,89,139,437,138,75,97,118,267,101,337,471,393,184,3368,1381,1361,0,171,291,168,3446,5365
1800,3291269,272,84,95,0,0,172,236,221,0,38,96,145,475,146,79,107,132,288,111,379,523,428,199,3624,1484,1469,0,187,315,182,3723,5868
1900,3502854,294,95,100,0,0,185,261,236,0,40,100,153,512,153,87,112,141,306,120,410,565,451,213,3889,1594,1551,0,207,347,193,4050,6347
2000,3714415,313,100,105,0,0,193,279,256,0,43,107,168,541,171,96,119,150,323,124,440,598,480,226,4156,1708,1657,0,217,378,211,4363,6842
2100,3925981,329,107,111,0,0,203,301,271,0,48,119,174,574,183,107,126,158,342,131,468,641,519,243,4443,1823,1766,0,230,398,218,4636,7314
2200,4137160,357,119,117,0,0,217,310,289,0,48,129,186,615,197,115,135,166,361,139,506,686,543,259,4707,1953,1870,0,246,423,229,4921,7819
2300,4349116,370,125,126,0,0,227,336,308,0,50,138,197,658,204,118,145,178,381,150,539,726,581,278,4978,2080,1978,0,261,445,236,5244,8264
2400,4560608,394,134,131,0,0,238,357,320,0,51,146,210,705,214,121,156,189,394,157,576,758,615,288,5240,2172,2083,0,274,460,255,5538,8752
2500,4771582,414,143,140,0,0,245,377,336,0,53,152,222,738,223,134,167,195,414,174,605,796,635,309,5496,2290,2198,0,287,488,270,5822,9231
2600,4982437,429,148,147,0,0,256,397,341,0,56,159,238,775,228,138,176,203,432,181,636,834,658,327,5763,2392,2312,0,302,508,285,6117,9698
2700,5193749,445,149,157,0,0,266,418,361,0,57,167,250,816,240,146,184,215,446,191,668,875,690,334,6039,2521,2394,0,312,534,299,6429,10230
2800,5405028,459,157,166,0,0,281,435,379,0,60,174,259,852,248,152,195,226,477,198,689,910,717,348,6327,2623,2512,0,322,554,312,6708,10722
2900,5616480,482,163,176,0,0,298,460,396,0,64,179,269,887,257,159,199,237,504,214,727,944,745,364,6602,2740,2625,0,328,582,322,6987,11183
3000,5828189,494,167,178,0,0,312,476,413,0,66,185,281,920,268,166,213,247,527,220,748,984,772,376,6851,2842,2737,0,346,611,340,7291,11677
3100,6039899,515,174,184,0,0,324,500,427,0,70,193,291,956,278,173,220,256,553,232,785,1007,810,388,7117,2976,2857,0,369,638,355,7579,12183
3200,6251268,540,181,191,0,0,331,511,439,0,74,197,301,993,293,179,233,264,583,241,820,1048,835,407,7392,3110,2958,0,381,665,370,7866,12639
3300,6463606,557,185,196,0,0,342,523,449,0,77,201,316,1025,304,186,244,270,595,250,861,1085,869,427,7650,3222,3058,0,396,682,389,8173,13130
3400,6675565,576,194,202,0,0,355,537,464,0,82,205,328,1064,313,189,251,282,616,260,897,1124,892,434,7931,3346,3179,0,409,704,405,8458,13568
3500,6888071,605,204,205,0,0,362,558,479,0,84,214,338,1103,324,194,257,293,639,267,930,1173,914,452,8186,3454,3294,0,427,731,428,8732,14073
3600,7101094,624,210,207,0,0,378,580,493,0,86,222,352,1146,334,201,269,308,666,279,949,1215,952,465,8466,3562,3413,0,442,752,436,9005,14555
3700,7312954,651,214,216,0,0,389,600,510,0,88,228,369,1173,344,207,276,319,690,288,976,1252,981,476,8753,3679,3511,0,456,771,449,9301,15073
3800,7524754,667,219,225,0,0,398,612,530,0,90,241,381,1210,358,216,287,328,713,296,1001,1290,1013,494,9040,3800,3626,0,469,793,461,9600,15543
3900,7736791,686,222,233,0,0,412,632,541,0,94,246,393,1249,371,217,295,335,732,303,1029,1330,1042,502,9334,3905,3738,0,490,820,475,9855,16090
4000,7948606,707,231,243,0,0,424,663,563,0,97,249,399,1288,387,222,300,342,752,311,1057,1373,1071,515,9608,4015,3853,0,497,843,488,10138,16609
4100,8159549,724,241,248,0,0,437,692,578,0,101,258,415,1325,394,228,317,347,771,319,1096,1413,1099,526,9877,4102,3961,0,512,867,494,10445,17050
4200,8369353,743,249,254,0,0,450,713,594,0,105,262,428,1365,405,234,321,362,789,329,1127,1450,1136,542,10133,4219,4064,0,522,892,509,10749,17538
4300,8579308,766,262,258,0,0,462,741,607,0,107,271,438,1397,412,240,329,374,809,337,1163,1498,1178,559,10381,4320,4163,0,541,914,529,11069,18016
4400,8790755,784,268,262,0,0,481,767,623,0,114,278,448,1428,423,245,335,381,834,343,1193,1532,1210,575,10644,4426,4269,0,558,935,543,11372,18496
4500,9002967,812,279,268,0,0,490,783,639,0,115,281,460,1461,436,251,341,393,865,350,1230,1577,1240,593,10919,4565,4382,0,580,948,551,11689,18969
4600,9214729,832,283,272,0,0,497,798,656,0,119,285,472,1499,452,256,347,399,890,363,1258,1624,1262,611,11176,4686,4490,0,597,972,569,11982,19453
4700,9425577,850,290,286,0,0,508,820,675,0,120,293,482,1550,463,258,354,413,908,373,1287,1651,1288,625,11484,4790,4597,0,607,999,586,12281,19912
4800,9638678,866,295,293,0,0,518,835,692,0,123,301,495,1581,477,264,364,422,936,382,1313,1702,1329,634,11745,4897,4707,0,620,1018,597,12567,20394
4900,9852141,889,305,299,0,0,526,844,699,0,124,307,502,1625,487,273,373,435,956,388,1346,1753,1359,645,11993,5005,4827,0,630,1039,610,12876,20875
5000,10065317,908,309,309,0,0,538,869,710,0,127,313,513,1665,497,283,384,439,972,395,1381,1792,1390,656,12270,5137,4931,0,646,1070,620,13179,21344
5100,10277465,936,317,316,0,0,550,883,725,0,131,322,519,1700,512,289,394,447,984,408,1421,1832,1426,671,12552,5252,5041,0,660,1099,636,13471,21826
5200,10490554,958,327,322,0,0,556,902,743,0,133,331,529,1738,523,302,408,456,1002,415,1455,1865,1456,687,12820,5359,5158,0,676,1122,647,13808,22322
5300,10704713,981,336,326,0,0,567,926,761,0,135,339,542,1781,541,307,419,466,1025,427,1489,1904,1478,703,13081,5480,5275,0,686,1144,654,14085,22825
5400,10917876,990,343,337,0,0,581,944,774,0,139,346,558,1816,555,316,428,474,1045,438,1522,1944,1506,723,13332,5590,5395,0,691,1161,668,14361,23355
5500,11131578,1015,350,346,0,0,594,963,793,0,143,359,573,1851,564,318,436,481,1069,447,1551,1978,1530,736,13604,5691,5507,0,702,1184,683,14670,23873
5600,11344639,1031,357,353,0,0,605,983,804,0,145,368,586,1881,574,321,443,494,1088,454,1591,2016,1562,752,13863,5809,5628,0,720,1201,699,14959,24391
5700,11557543,1054,364,357,0,0,617,1010,815,0,146,376,594,1920,581,326,455,500,1105,462,1626,2049,1594,766,14113,5933,5737,0,737,1226,718,15236,24824
5800,11771701,1080,371,363,0,0,632,1031,833,0,151,387,609,1954,594,333,465,505,1124,470,1662,2079,1615,783,14353,6058,5848,0,749,1254,728,15560,25297
5900,11985487,1100,378,365,0,0,642,1044,850,0,153,393,615,1988,607,338,472,515,1148,478,1692,2123,1648,799,14637,6163,5947,0,765,1283,743,15853,25787
6000,12197654,1120,384,370,0,0,654,1062,864,0,156,398,628,2017,620,344,479,529,1166,487,1722,2157,1673,818,14925,6279,6050,0,783,1308,758,16166,26314
6100,12410477,1146,390,379,0,0,667,1075,880,0,158,411,639,2057,633,350,486,535,1174,496,1754,2195,1695,833,15206,6387,6144,0,791,1335,776,16461,26820
6200,12623197,1170,397,385,0,0,675,1093,891,0,162,420,650,2095,650,359,494,549,1189,504,1789,2238,1720,846,15475,6495,6270,0,809,1361,788,16763,27317
6300,12835556,1196,405,394,0,0,686,1106,905,0,166,423,663,2127,663,365,500,559,1206,512,1830,2283,1745,857,15755,6621,6386,0,829,1394,803,17058,27813
6400,13046779,1211,419,399,0,0,702,1126,923,0,171,427,677,2174,671,372,509,572,1219,524,1859,2327,1776,869,16017,6734,6495,0,845,1421,812,17344,28340
6500,13258548,1231,428,409,0,0,714,1149,939,0,178,434,690,2211,683,376,521,583,1240,531,1889,2364,1806,883,16287,6857,6601,0,853,1443,831,17618,28812
6600,13470644,1254,438,421,0,0,731,1177,950,0,181,440,704,2240,696,383,529,594,1263,538,1920,2397,1834,895,16573,6964,6693,0,872,1468,840,17910,29306
6700,13682890,1272,443,427,0,0,747,1195,971,0,187,446,713,2280,713,385,538,600,1290,550,1949,2437,1870,909,16844,7064,6799,0,886,1492,855,18194,29778
6800,13893749,1294,450,428,0,0,752,1227,979,0,191,454,728,2310,721,388,544,604,1316,564,1977,2480,1901,925,17130,7173,6913,0,901,1513,867,18512,30282
6900,14104053,1306,456,437,0,0,761,1253,989,0,194,462,742,2353,732,393,552,614,1343,574,2007,2517,1931,948,17407,7268,7008,0,921,1537,881,18822,30739
7000,14315280,1328,464,444,0,0,771,1271,1007,0,197,466,754,2387,744,399,558,623,1362,582,2036,2556,1959,958,17670,7392,7123,0,933,1557,894,19084,31223
7100,14526734,1346,467,448,0,0,779,1288,1027,0,201,474,765,2420,752,404,563,635,1389,596,2070,2604,1993,970,17936,7524,7230,0,949,1590,906,19379,31708
7200,14738304,1359,474,460,0,0,791,1312,1043,0,205,477,776,2459,763,410,574,648,1415,602,2102,2634,2023,986,18206,7642,7337,0,965,1623,918,19680,32214
7300,14949430,1381,478,470,0,0,806,1333,1067,0,207,487,781,2491,773,413,586,655,1436,610,2138,2681,2054,1004,18449,7751,7443,0,973,1648,935,19965,32698
7400,15161250,1408,484,479,0,0,811,1355,1086,0,208,493,796,2532,784,420,591,674,1452,620,2177,2712,2074,1020,18719,7859,7553,0,985,1668,953,20240,33169
7500,15373857,1425,489,487,0,0,825,1373,1101,0,212,505,806,2560,793,425,597,682,1465,632,2210,2751,2106,1033,18999,7979,7658,0,998,1696,962,20543,33668
7600,15586113,1444,500,494,0,0,839,1407,1119,0,213,513,821,2600,808,430,606,688,1482,642,2244,2792,2132,1049,19270,8091,7773,0,1009,1713,970,20830,34113
7700,15798209,1464,513,498,0,0,852,1433,1132,0,214,520,835,2653,814,436,618,696,1505,649,2271,2830,2159,1063,19534,8199,7853,0,1025,1741,981,21120,34605
7800,16010850,1482,524,507,0,0,863,1452,1144,0,214,526,851,2694,823,441,624,711,1525,658,2299,2864,2193,1077,19802,8321,7965,0,1041,1772,994,21402,35087
7900,16223077,1501,529,513,0,0,875,1474,1158,0,215,536,861,2729,832,448,635,719,1539,668,2329,2908,2225,1093,20082,8437,8086,0,1057,1794,1006,21689,35583
8000,16434747,1523,535,526,0,0,893,1493,1177,0,218,549,878,2774,842,454,641,728,1560,677,2367,2950,2249,1109,20374,8546,8215,0,1072,1826,1015,21960,36103
8100,16646098,1539,542,533,0,0,904,1505,1197,0,222,558,889,2816,852,458,653,744,1577,693,2397,2987,2280,1121,20655,8660,8312,0,1086,1847,1032,22272,36573
8200,16859378,1558,549,538,0,0,914,1519,1208,0,225,564,896,2857,864,462,660,751,1594,704,2430,3020,2311,1138,20914,8770,8418,0,1104,1870,1040,22588,37027
8300,17071619,1573,553,540,0,0,932,1536,1225,0,225,569,913,2888,880,470,673,758,1610,715,2461,3062,2343,1150,21204,8901,8527,0,1116,1903,1058,22903,37457
8400,17283114,1596,561,551,0,0,952,1556,1244,0,228,581,924,2927,894,477,687,766,1638,724,2490,3100,2366,1161,21471,9010,8628,0,1135,1926,1070,23166,37982
8500,17494609,1620,567,557,0,0,965,1569,1264,0,229,591,938,2954,900,484,697,777,1659,737,2518,3142,2392,1182,21727,9106,8748,0,1147,1950,1092,23460,38466
8600,17706861,1643,576,564,0,0,978,1585,1280,0,232,601,949,2988,917,492,704,787,1675,746,2547,3185,2427,1195,21995,9220,8843,0,1153,1974,1102,23754,38939
8700,17919102,1659,582,569,0,0,990,1600,1298,0,235,609,959,3024,924,499,713,791,1693,757,2585,3223,2451,1210,22267,9329,8948,0,1167,2002,1118,24037,39416
8800,18129721,1676,588,578,0,0,1004,1620,1318,0,239,616,969,3064,930,510,720,801,1716,766,2620,3264,2482,1226,22552,9461,9056,0,1189,2023,1132,24349,39864
8900,18340186,1690,602,589,0,0,1014,1649,1336,0,240,624,979,3091,940,520,727,810,1743,778,2650,3303,2513,1237,22819,9567,9165,0,1206,2052,1139,24635,40345
9000,18551138,1709,609,592,0,0,1022,1662,1357,0,243,631,986,3123,954,525,734,817,1764,790,2681,3341,2541,1257,23089,9674,9273,0,1219,2078,1147,24937,40811
9100,18761431,1726,616,597,0,0,1039,1686,1377,0,247,636,996,3170,967,534,742,825,1787,803,2710,3372,2559,1270,23358,9792,9387,0,1233,2111,1159,25217,41287
9200,18972698,1737,626,607,0,0,1047,1706,1399,0,250,639,1009,3202,976,541,751,839,1808,815,2742,3404,2588,1285,23635,9917,9502,0,1254,2137,1168,25485,41775
9300,19184132,1758,633,611,0,0,1064,1719,1410,0,253,646,1018,3250,984,545,761,845,1824,831,2783,3435,2613,1307,23892,10023,9607,0,1276,2161,1177,25758,42236
9400,19395458,1780,637,617,0,0,1081,1735,1428,0,256,655,1034,3285,995,554,773,853,1847,836,2813,3466,2643,1322,24166,10131,9704,0,1295,2183,1195,26061,42722
9500,19606229,1797,645,628,0,0,1098,1751,1449,0,261,663,1045,3319,1005,556,786,865,1864,843,2839,3501,2674,1332,24437,10243,9824,0,1316,2214,1206,26365,43220
9600,19816841,1830,653,633,0,0,1113,1773,1464,0,265,668,1057,3351,1017,563,798,878,1892,850,2872,3536,2710,1349,24726,10355,9925,0,1331,2236,1228,26680,43676
9700,20028356,1849,663,641,0,0,1126,1797,1476,0,267,674,1063,3378,1032,569,806,888,1914,857,2899,3575,2742,1360,25002,10472,10045,0,1346,2256,1239,26945,44110
9800,20239563,1860,670,647,0,0,1135,1819,1493,0,268,678,1072,3414,1049,572,816,897,1928,865,2937,3619,2767,1378,25275,10586,10162,0,1354,2280,1250,27233,44581
9900,20451067,1876,679,656,0,0,1148,1834,1510,0,272,686,1081,3443,1054,576,827,909,1953,869,2975,3646,2794,1394,25554,10694,10271,0,1367,2305,1265,27526,45079
10000,20661770,1890,692,662,0,0,1156,1855,1527,0,274,690,1100,3484,1065,583,835,919,1969,881,3008,3683,2821,1410,25840,10805,10380,0,1381,2328,1277,27852,45600
10100,20872188,1910,702,669,0,0,1173,1872,1533,0,275,698,1108,3520,1079,587,844,931,1992,892,3037,3725,2847,1427,26104,10926,10487,0,1400,2357,1288,28166,46075
10200,21083592,1922,707,677,0,0,1189,1893,1548,0,276,706,1125,3563,1087,592,855,943,2013,903,3074,3763,2871,1446,26377,11027,10591,0,1416,2375,1303,28452,46509
10300,21295867,1938,714,683,0,0,1207,1908,1560,0,279,715,1146,3602,1100,599,863,951,2034,915,3102,3799,2902,1468,26639,11124,10711,0,1429,2401,1319,28776,47008
10400,21507823,1957,729,688,0,0,1221,1920,1573,0,282,732,1159,3638,1114,603,873,962,2052,921,3122,3841,2936,1483,26928,11252,10832,0,1440,2431,1326,29066,47508
10500,21719372,1985,739,693,0,0,1235,1943,1587,0,284,745,1163,3669,1123,612,882,970,2070,929,3145,3880,2972,1501,27202,11382,10928,0,1450,2457,1346,29340,47979
10600,21930989,2013,745,698,0,0,1241,1964,1608,0,285,754,1167,3697,1132,619,891,982,2085,943,3184,3918,2993,1516,27455,11491,11045,0,1462,2477,1360,29626,48468
10700,22141471,2033,754,704,0,0,1253,1987,1625,0,289,763,1184,3734,1143,622,901,994,2104,952,3207,3967,3036,1539,27742,11606,11163,0,1475,2500,1373,29942,48975
10800,22352956,2045,758,710,0,0,1263,2005,1642,0,293,770,1195,3772,1152,628,907,1008,2126,959,3242,3995,3060,1558,27997,11722,11260,0,1492,2530,1384,30266,49450
10900,22565563,2064,769,716,0,0,1277,2023,1653,0,296,778,1208,3817,1158,634,913,1017,2144,968,3280,4026,3097,1575,28241,11812,11364,0,1505,2549,1403,30555,49937
11000,22778056,2085,774,723,0,0,1290,2037,1674,0,298,786,1226,3841,1168,642,924,1024,2165,975,3307,4060,3132,1592,28500,11928,11469,0,1516,2571,1415,30853,50419
11100,22990575,2111,777,733,0,0,1298,2061,1688,0,300,792,1240,3870,1179,653,935,1035,2189,989,3338,4097,3155,1604,28789,12059,11574,0,1529,2592,1429,31143,50936
11200,23202623,2122,785,738,0,0,1316,2084,1700,0,304,800,1249,3910,1190,660,950,1043,2205,997,3369,4133,3191,1619,29065,12180,11697,0,1542,2619,1444,31436,51415
11300,23415180,2149,797,742,0,0,1330,2102,1720,0,306,812,1259,3946,1203,667,960,1051,2218,1011,3394,4188,3217,1630,29331,12285,11787,0,1557,2636,1457,31727,51869
11400,23627368,2174,805,749,0,0,1341,2127,1737,0,311,820,1274,3986,1216,675,977,1064,2246,1025,3425,4224,3240,1646,29596,12388,11904,0,1571,2665,1471,32002,52381
11500,23839758,2198,810,753,0,0,1354,2145,1748,0,312,827,1285,4028,1229,681,989,1072,2261,1033,3473,4259,3266,1667,29857,12506,12006,0,1589,2688,1485,32280,52870
11600,24051896,2223,816,759,0,0,1364,2170,1766,0,316,831,1294,4064,1242,686,1001,1084,2280,1045,3500,4301,3291,1683,30111,12607,12107,0,1610,2705,1497,32595,53374
11700,24264547,2240,826,766,0,0,1373,2190,1778,0,318,838,1303,4104,1252,693,1007,1097,2300,1048,3536,4337,3331,1690,30400,12729,12208,0,1622,2732,1512,32870,53831
11800,24476244,2264,834,775,0,0,1392,2209,1796,0,321,847,1317,4142,1258,696,1012,1112,2326,1057,3563,4372,3362,1703,30671,12834,12313,0,1636,2748,1522,33155,54323
11900,24688724,2282,840,777,0,0,1404,2235,1815,0,325,856,1327,4179,1269,705,1025,1123,2348,1067,3586,4418,3394,1721,30977,12941,12417,0,1657,2778,1531,33441,54795
12000,24900612,2306,848,788,0,0,1410,2257,1833,0,329,861,1335,4215,1277,712,1029,1137,2368,1075,3613,4461,3421,1738,31267,13077,12516,0,1674,2799,1544,33759,55300
12100,25112354,2325,856,793,0,0,1419,2281,1845,0,333,864,1346,4255,1293,716,1038,1143,2395,1087,3645,4499,3447,1749,31532,13190,12617,0,1685,2827,1563,34044,55752
12200,25324784,2348,864,802,0,0,1430,2308,1860,0,333,877,1358,4297,1304,721,1043,1154,2413,1094,3693,4546,3471,1764,31828,13316,12703,0,1698,2852,1577,34333,56250
12300,25537006,2368,873,811,0,0,1439,2328,1879,0,337,884,1374,4325,1313,732,1053,1162,2430,1107,3719,4583,3500,1780,32098,13425,12791,0,1713,2869,1588,34601,56719
12400,25748660,2387,880,818,0,0,1454,2351,1898,0,337,892,1386,4356,1335,738,1057,1170,2448,1116,3758,4617,3525,1797,32364,13537,12909,0,1730,2891,1596,34892,57219
12500,25959130,2405,886,824,0,0,1469,2365,1906,0,338,902,1394,4387,1345,741,1066,1183,2465,1125,3793,4659,3552,1814,32651,13655,13019,0,1747,2914,1607,35177,57743
12600,26170874,2435,897,833,0,0,1484,2382,1919,0,339,905,1406,4416,1354,747,1072,1188,2481,1132,3822,4691,3589,1836,32902,13761,13113,0,1763,2936,1615,35463,58210
12700,26382665,2457,909,843,0,0,1503,2403,1932,0,344,912,1415,4453,1363,754,1086,1195,2504,1138,3851,4740,3615,1856,33170,13870,13204,0,1777,2959,1629,35734,58744
12800,26594998,2469,923,850,0,0,1514,2424,1947,0,347,919,1427,4497,1372,760,1098,1205,2521,1150,3879,4787,3643,1879,33448,13991,13301,0,1790,2988,1642,36017,59213
12900,26808163,2494,933,853,0,0,1523,2449,1963,0,351,930,1434,4537,1383,768,1109,1218,2544,1159,3911,4827,3664,1897,33686,14110,13416,0,1805,3013,1653,36347,59692
13000,27020659,2508,942,863,0,0,1531,2470,1984,0,352,936,1444,4570,1401,777,1119,1228,2565,1171,3953,4872,3695,1910,33998,14209,13524,0,1817,3042,1668,36661,60222
13100,27232428,2534,951,870,0,0,1548,2483,1999,0,356,948,1456,4608,1410,784,1126,1241,2586,1183,3979,4901,3727,1923,34284,14323,13628,0,1833,3060,1679,36962,60707
13200,27444030,2553,954,877,0,0,1562,2506,2018,0,363,953,1469,4640,1421,791,1138,1247,2604,1192,4004,4943,3762,1942,34514,14440,13742,0,1847,3089,1691,37242,61242
13300,27655571,2575,960,886,0,0,1572,2526,2034,0,365,960,1478,4677,1432,800,1142,1255,2622,1204,4036,4977,3786,1963,34736,14573,13844,0,1860,3112,1707,37564,61750
13400,27867571,2591,964,891,0,0,1583,2551,2054,0,368,964,1484,4710,1438,803,1146,1261,2641,1210,4061,5007,3820,1975,35026,14696,13948,0,1871,3139,1725,37827,62264
13500,28079814,2621,972,898,0,0,1589,2576,2065,0,371,971,1498,4734,1448,811,1155,1271,2658,1226,4095,5048,3850,1989,35292,14798,14043,0,1886,3157,1739,38117,62726
13600,28292473,2641,982,903,0,0,1602,2596,2090,0,372,975,1509,4769,1461,817,1162,1279,2676,1236,4116,5087,3882,2006,35556,14908,14141,0,1908,3183,1755,38415,63245
13700,28504481,2664,992,911,0,0,1614,2608,2104,0,374,981,1517,4801,1479,822,1174,1297,2690,1242,4145,5122,3914,2021,35826,15011,14248,0,1922,3209,1767,38743,63749
13800,28715730,2690,1001,916,0,0,1627,2626,2116,0,378,989,1525,4837,1486,828,1182,1307,2709,1249,4173,5165,3954,2034,36103,15103,14354,0,1936,3226,1784,39045,64247
13900,28927633,2710,1011,920,0,0,1638,2643,2134,0,380,996,1543,4870,1499,836,1185,1316,2730,1260,4212,5211,3983,2054,36385,15221,14456,0,1948,3253,1796,39349,64734
14000,29139341,2733,1018,927,0,0,1652,2660,2154,0,387,1001,1554,4913,1507,843,1191,1327,2754,1266,4252,5248,4020,2073,36640,15329,14580,0,1958,3275,1807,39642,65248
14100,29351731,2748,1022,933,0,0,1659,2672,2167,0,391,1009,1573,4950,1520,847,1200,1337,2773,1271,4283,5290,4049,2089,36908,15440,14690,0,1972,3299,1820,39930,65725
14200,29564301,2767,1030,942,0,0,1667,2693,2180,0,395,1012,1590,4990,1536,852,1205,1353,2795,1280,4315,5324,4083,2102,37157,15547,14784,0,1992,3327,1830,40209,66231
14300,29775539,2799,1037,946,0,0,1683,2711,2190,0,397,1017,1604,5019,1548,855,1214,1361,2811,1287,4339,5364,4110,2112,37435,15666,14901,0,2010,3359,1840,40531,66709
14400,29986880,2818,1044,951,0,0,1691,2736,2203,0,400,1024,1614,5058,1557,862,1222,1363,2836,1298,4366,5402,4134,2126,37723,15796,14998,0,2023,3392,1851,40823,67215
14500,30198237,2833,1048,956,0,0,1705,2759,2220,0,403,1038,1624,5093,1570,870,1230,1372,2849,1312,4399,5451,4168,2139,38012,15895,15108,0,2039,3420,1861,41084,67689
14600,30410917,2851,1053,959,0,0,1718,2776,2234,0,407,1046,1637,5127,1577,878,1241,1377,2869,1321,4432,5485,4198,2154,38296,16004,15214,0,2052,3440,1876,41384,68188
14700,30624015,2874,1056,970,0,0,1726,2797,2253,0,409,1061,1646,5161,1584,882,1247,1392,2880,1329,4466,5516,4233,2169,38560,16115,15331,0,2068,3465,1894,41687,68683
14800,30836637,2898,1064,980,0,0,1740,2834,2271,0,412,1072,1656,5203,1593,892,1255,1395,2903,1338,4491,5560,4267,2178,38831,16229,15447,0,2079,3499,1907,41972,69158
14900,31048404,2911,1072,987,0,0,1749,2849,2290,0,415,1079,1669,5242,1606,901,1259,1404,2927,1354,4528,5596,4293,2189,39143,16352,15555,0,2091,3525,1923,42274,69671
15000,31260171,2924,1077,991,0,0,1764,2868,2303,0,418,1086,1684,5278,1615,906,1265,1417,2944,1367,4562,5634,4316,2205,39440,16464,15667,0,2106,3552,1937,42554,70190
15100,31472444,2935,1083,1001,0,0,1772,2881,2320,0,421,1093,1693,5324,1626,917,1274,1431,2972,1369,4585,5660,4340,2223,39709,16570,15771,0,2122,3577,1952,42848,70661
15200,31685002,2957,1090,1011,0,0,1785,2897,2334,0,423,1099,1705,5356,1631,922,1281,1443,2991,1375,4617,5691,4366,2242,39991,16680,15872,0,2143,3601,1958,43145,71135
15300,31897421,2984,1097,1018,0,0,1798,2926,2347,0,430,1109,1715,5395,1642,928,1287,1448,3018,1387,4649,5722,4395,2256,40284,16794,15982,0,2158,3629,1974,43448,71639
15400,32109523,3008,1108,1022,0,0,1815,2939,2362,0,430,1117,1730,5435,1651,937,1299,1460,3039,1396,4673,5755,4420,2278,40536,16910,16098,0,2178,3654,1986,43703,72118
15500,32320703,3030,1115,1028,0,0,1826,2962,2375,0,431,1127,1742,5463,1660,942,1306,1469,3060,1403,4702,5793,4456,2298,40806,17032,16201,0,2194,3682,2001,44040,72609
15600,32532490,3053,1127,1037,0,0,1844,2981,2390,0,433,1135,1749,5504,1663,948,1316,1477,3082,1419,4738,5827,4481,2309,41078,17144,16313,0,2206,3704,2010,44338,73079
15700,32743647,3072,1136,1042,0,0,1855,3001,2399,0,437,1144,1761,5536,1666,955,1330,1482,3098,1427,4763,5855,4499,2324,41359,17246,16414,0,2218,3735,2030,44638,73553
15800,32954737,3092,1144,1051,0,0,1867,3030,2409,0,439,1148,1767,5571,1673,960,1335,1492,3120,1436,4789,5886,4529,2337,41608,17356,16524,0,2231,3761,2049,44942,74021
15900,33166394,3102,1151,1057,0,0,1878,3050,2426,0,440,1151,1779,5609,1679,964,1340,1501,3142,1444,4817,5926,4556,2351,41888,17467,16632,0,2252,3782,2060,45223,74479
16000,33378638,3120,1162,1060,0,0,1886,3071,2440,0,441,1155,1789,5646,1682,969,1352,1512,3160,1454,4838,5961,4588,2370,42193,17581,16736,0,2269,3807,2073,45530,74985
16100,33590764,3146,1166,1070,0,0,1896,3089,2447,0,444,1161,1800,5686,1694,976,1360,1525,3177,1462,4863,6007,4623,2392,42492,17697,16840,0,2281,3833,2081,45826,75452
16200,33802059,3164,1171,1077,0,0,1907,3105,2464,0,444,1168,1812,5725,1701,983,1369,1531,3197,1471,4893,6040,4655,2407,42760,17804,16953,0,2292,3862,2099,46103,75936
16300,34014051,3188,1176,1083,0,0,1913,3126,2481,0,451,1177,1825,5764,1709,985,1383,1539,3210,1480,4935,6078,4690,2419,43040,17913,17065,0,2310,3880,2115,46403,76438
16400,34225308,3209,1184,1087,0,0,1924,3140,2491,0,459,1184,1836,5808,1723,992,1389,1543,3236,1497,4954,6125,4730,2441,43319,18029,17166,0,2329,3897,2126,46702,76865
16500,34437700,3224,1195,1093,0,0,1936,3164,2505,0,461,1192,1843,5843,1737,1001,1401,1550,3260,1511,4985,6167,4770,2450,43564,18123,17282,0,2346,3923,2138,47007,77366
16600,34649748,3248,1204,1100,0,0,1952,3180,2519,0,462,1206,1857,5876,1745,1009,1416,1558,3276,1525,5022,6201,4794,2469,43852,18245,17399,0,2359,3944,2149,47292,77832
16700,34862000,3275,1212,1105,0,0,1962,3204,2536,0,468,1210,1871,5926,1754,1017,1425,1565,3300,1535,5056,6239,4824,2479,44127,18355,17495,0,2378,3963,2158,47611,78294
16800,35073746,3299,1219,1112,0,0,1975,3226,2553,0,471,1213,1886,5971,1763,1021,1432,1572,3322,1543,5085,6270,4862,2491,44391,18471,17608,0,2390,3989,2172,47932,78762
16900,35284962,3329,1228,1118,0,0,1987,3249,2565,0,476,1220,1894,6012,1771,1028,1438,1579,3340,1554,5111,6297,4897,2505,44652,18583,17725,0,2406,4013,2185,48245,79241
17000,35495747,3353,1233,1126,0,0,2003,3270,2584,0,476,1230,1907,6051,1783,1035,1445,1590,3358,1562,5144,6331,4930,2519,44933,18717,17839,0,2430,4040,2198,48551,79750
17100,35708108,3366,1238,1132,0,0,2017,3283,2611,0,478,1238,1918,6081,1792,1044,1452,1601,3377,1571,5173,6358,4957,2532,45215,18828,17956,0,2450,4061,2217,48839,80243
17200,35918974,3392,1247,1137,0,0,2028,3311,2629,0,483,1249,1929,6120,1802,1051,1460,1612,3406,1580,5202,6391,4987,2547,45499,18937,18071,0,2468,4083,2233,49154,80685
17300,36131165,3413,1255,1144,0,0,2042,3326,2647,0,485,1254,1938,6168,1807,1058,1472,1621,3428,1586,5224,6423,5013,2560,45787,19046,18174,0,2483,4099,2246,49424,81168
17400,36343888,3435,1262,1152,0,0,2055,3352,2662,0,490,1259,1946,6199,1816,1064,1477,1626,3458,1593,5262,6459,5041,2576,46064,19137,18272,0,2499,4125,2262,49698,81656
17500,36556215,3461,1273,1159,0,0,2062,3377,2679,0,491,1266,1958,6244,1825,1068,1490,1630,3478,1606,5292,6496,5062,2600,46343,19246,18387,0,2513,4146,2274,49994,82127
17600,36769097,3479,1277,1167,0,0,2070,3390,2693,0,492,1275,1970,6279,1844,1075,1495,1640,3496,1614,5327,6535,5088,2622,46625,19360,18499,0,2527,4166,2289,50268,82625
17700,36981539,3502,1282,1172,0,0,2088,3411,2708,0,496,1279,1982,6315,1858,1080,1505,1652,3512,1624,5360,6572,5112,2640,46897,19486,18617,0,2541,4191,2296,50562,83111
17800,37194150,3522,1289,1183,0,0,2103,3431,2726,0,499,1283,1994,6354,1870,1083,1523,1667,3535,1628,5383,6619,5149,2656,47187,19620,18733,0,2560,4223,2305,50834,83590
17900,37405951,3536,1296,1189,0,0,2112,3448,2742,0,505,1291,2013,6392,1878,1087,1532,1675,3557,1635,5417,6639,5173,2672,47475,19737,18840,0,2580,4251,2322,51130,84067
18000,37618275,3571,1304,1196,0,0,2118,3483,2759,0,506,1299,2031,6429,1889,1091,1542,1687,3577,1645,5440,6671,5206,2686,47730,19850,18955,0,2593,4274,2331,51428,84580
18100,37830087,3597,1311,1205,0,0,2123,3500,2774,0,511,1305,2041,6464,1897,1098,1550,1699,3605,1650,5477,6707,5241,2701,47984,19962,19064,0,2613,4299,2350,51721,85060
18200,38042229,3620,1320,1211,0,0,2136,3520,2783,0,512,1309,2052,6500,1907,1105,1559,1710,3625,1660,5505,6754,5273,2714,48258,20081,19162,0,2626,4332,2366,52027,85534
18300,38255315,3645,1328,1220,0,0,2146,3540,2793,0,514,1314,2066,6540,1918,1110,1566,1717,3643,1669,5536,6789,5311,2725,48492,20206,19270,0,2643,4356,2380,52342,85998
18400,38467822,3670,1336,1226,0,0,2157,3564,2810,0,518,1318,2078,6574,1929,1115,1581,1724,3666,1681,5572,6840,5349,2739,48761,20337,19367,0,2654,4382,2391,52645,86502
18500,38681020,3690,1342,1237,0,0,2167,3583,2827,0,518,1329,2089,6605,1944,1117,1583,1734,3688,1687,5611,6878,5377,2756,49009,20447,19478,0,2669,4409,2405,52929,87000
18600,38893786,3714,1347,1242,0,0,2176,3605,2847,0,518,1334,2097,6648,1957,1120,1593,1746,3716,1693,5641,6912,5410,2772,49287,20570,19589,0,2682,4432,2417,53221,87446
18700,39106921,3742,1353,1246,0,0,2187,3633,2856,0,522,1342,2116,6688,1972,1124,1601,1751,3732,1700,5671,6940,5435,2794,49553,20669,19683,0,2695,4452,2430,53525,87954
18800,39319634,3761,1361,1253,0,0,2191,3649,2875,0,527,1349,2128,6717,1979,1131,1609,1765,3756,1708,5705,6975,5464,2810,49827,20799,19798,0,2707,4484,2443,53872,88479
18900,39531705,3791,1373,1261,0,0,2199,3670,2894,0,529,1355,2138,6753,1992,1136,1616,1772,3773,1717,5721,7015,5496,2823,50105,20923,19896,0,2717,4514,2455,54157,88929
19000,39744320,3818,1385,1266,0,0,2211,3683,2912,0,532,1366,2153,6781,2003,1143,1626,1780,3794,1723,5749,7052,5524,2835,50377,21026,20021,0,2734,4541,2467,54476,89425
19100,39956216,3838,1394,1276,0,0,2221,3700,2923,0,533,1373,2162,6817,2018,1150,1634,1785,3815,1731,5787,7089,5550,2852,50672,21132,20118,0,2747,4564,2479,54781,89929
19200,40167860,3856,1397,1282,0,0,2232,3717,2936,0,534,1383,2172,6864,2029,1158,1641,1791,3837,1735,5825,7129,5583,2864,50907,21227,20237,0,2763,4591,2491,55086,90402
19300,40380149,3878,1403,1286,0,0,2247,3736,2954,0,536,1392,2183,6902,2040,1161,1648,1801,3853,1746,5854,7166,5613,2878,51169,21344,20350,0,2784,4614,2502,55374,90913
19400,40592681,3895,1413,1291,0,0,2262,3756,2971,0,536,1402,2202,6939,2047,1168,1656,1811,3872,1757,5889,7202,5638,2888,51437,21446,20458,0,2794,4643,2516,55658,91453
19500,40805156,3914,1421,1297,0,0,2274,3770,2986,0,536,1412,2213,6978,2059,1173,1666,1819,3893,1765,5919,7245,5665,2908,51715,21547,20564,0,2812,4666,2534,55947,91915
19600,41017275,3930,1425,1302,0,0,2289,3792,3005,0,539,1420,2229,7016,2069,1178,1675,1826,3909,1778,5950,7280,5711,2927,51981,21663,20661,0,2828,4688,2551,56244,92420
19700,41229111,3951,1434,1306,0,0,2304,3808,3020,0,540,1423,2245,7050,2081,1193,1683,1840,3927,1786,5986,7319,5746,2938,52256,21793,20782,0,2842,4715,2566,56528,92904
19800,41441486,3970,1439,1310,0,0,2316,3828,3034,0,541,1434,2254,7090,2093,1199,1688,1854,3948,1796,6019,7347,5778,2953,52518,21913,20884,0,2859,4737,2574,56821,93397
19900,41653746,3990,1446,1316,0,0,2326,3846,3046,0,544,1442,2263,7129,2103,1202,1694,1863,3963,1802,6047,7388,5806,2969,52787,22023,20999,0,2877,4756,2587,57145,93879
20000,41866121,4009,1453,1321,0,0,2337,3862,3059,0,550,1450,2271,7166,2112,1209,1704,1869,3984,1809,6073,7426,5841,2989,53033,22121,21105,0,2887,4784,2609,57452,94390
20100,42079090,4030,1464,1328,0,0,2347,3876,3074,0,553,1455,2284,7198,2123,1218,1713,1885,4009,1818,6100,7461,5870,3008,53293,22242,21218,0,2900,4811,2623,57766,94879
20200,42292228,4048,1472,1332,0,0,2361,3893,3092,0,558,1463,2294,7240,2135,1225,1721,1899,4024,1827,6138,7503,5896,3024,53566,22365,21322,0,2911,4840,2638,58064,95350
20300,42504004,4072,1480,1338,0,0,2376,3912,3099,0,563,1477,2303,7276,2148,1230,1734,1916,4044,1835,6167,7546,5929,3037,53857,22470,21440,0,2925,4860,2650,58345,95837
20400,42715541,4092,1487,1348,0,0,2391,3930,3121,0,566,1480,2314,7322,2162,1238,1741,1925,4063,1842,6207,7580,5967,3054,54143,22583,21543,0,2943,4887,2662,58626,96307
20500,42928087,4112,1493,1354,0,0,2404,3961,3135,0,569,1488,2323,7366,2170,1241,1747,1934,4089,1852,6237,7622,5995,3067,54421,22700,21659,0,2952,4912,2675,58884,96775
20600,43139919,4132,1504,1356,0,0,2415,3986,3144,0,572,1495,2337,7394,2180,1250,1749,1948,4112,1864,6272,7667,6027,3085,54697,22809,21770,0,2966,4938,2687,59172,97305
20700,43352023,4152,1509,1362,0,0,2424,4013,3153,0,574,1499,2350,7446,2190,1254,1763,1959,4128,1870,6304,7701,6054,3098,54963,22916,21870,0,2980,4964,2698,59463,97786
20800,43564927,4173,1518,1366,0,0,2440,4039,3176,0,576,1506,2359,7480,2199,1262,1773,1969,4151,1882,6343,7741,6084,3114,55255,23022,21971,0,2993,4989,2711,59752,98298
20900,43777085,4195,1527,1376,0,0,2454,4056,3191,0,579,1512,2367,7518,2208,1271,1779,1979,4173,1889,6372,7778,6114,3125,55510,23131,22064,0,3005,5016,2725,60056,98805
21000,43989398,4218,1532,1380,0,0,2466,4088,3207,0,579,1520,2380,7556,2218,1276,1789,1989,4200,1898,6398,7815,6139,3137,55766,23268,22180,0,3024,5050,2738,60371,99321
21100,44202065,4236,1538,1387,0,0,2478,4105,3221,0,583,1532,2397,7597,2227,1280,1797,1994,4212,1907,6424,7855,6175,3161,56045,23386,22280,0,3034,5078,2750,60654,99833
21200,44414704,4256,1541,1390,0,0,2493,4122,3236,0,589,1539,2409,7632,2244,1288,1808,2001,4233,1913,6457,7894,6202,3177,56302,23506,22400,0,3053,5097,2760,60969,100320
21300,44627132,4280,1549,1397,0,0,2506,4140,3254,0,591,1544,2420,7666,2256,1291,1819,2014,4250,1921,6492,7929,6240,3196,56596,23623,22514,0,3069,5124,2776,61283,100830
21400,44839548,4304,1559,1401,0,0,2518,4158,3275,0,595,1551,2429,7700,2275,1299,1830,2026,4274,1934,6520,7978,6266,3217,56874,23739,22619,0,3083,5150,2791,61579,101300
21500,45051116,4337,1564,1408,0,0,2528,4178,3291,0,597,1556,2438,7732,2286,1308,1838,2035,4293,1941,6560,8019,6290,3229,57138,23856,22718,0,3097,5170,2806,61876,101817
21600,45262502,4360,1575,1413,0,0,2542,4203,3307,0,600,1562,2445,7762,2297,1315,1848,2049,4311,1949,6586,8053,6322,3245,57419,23968,22825,0,3110,5204,2819,62148,102347
21700,45473174,4382,1584,1424,0,0,2560,4231,3317,0,601,1569,2457,7799,2307,1322,1857,2060,4326,1960,6617,8079,6360,3260,57709,24076,22930,0,3124,5220,2825,62464,102815
21800,45685459,4401,1593,1428,0,0,2571,4249,3327,0,605,1579,2473,7829,2316,1333,1865,2069,4343,1966,6649,8118,6379,3274,58002,24200,23053,0,3136,5237,2838,62707,103295
21900,45897844,4415,1603,1430,0,0,2585,4262,3346,0,607,1585,2479,7864,2328,1338,1877,2078,4357,1977,6683,8160,6410,3288,58265,24303,23161,0,3149,5262,2848,62995,103796
22000,46109971,4440,1614,1436,0,0,2595,4287,3361,0,611,1588,2492,7901,2341,1340,1886,2088,4386,1984,6708,8197,6437,3307,58531,24420,23290,0,3156,5280,2861,63273,104267
22100,46322715,4461,1620,1443,0,0,2607,4310,3378,0,613,1599,2508,7944,2348,1346,1894,2090,4410,1999,6738,8234,6472,3322,58816,24530,23400,0,3164,5302,2870,63552,104735
22200,46535385,4475,1627,1451,0,0,2621,4328,3390,0,615,1608,2527,7979,2358,1349,1904,2104,4433,2006,6771,8269,6503,3341,59083,24634,23510,0,3178,5329,2887,63854,105210
22300,46747482,4500,1631,1460,0,0,2637,4361,3413,0,617,1614,2532,8019,2370,1358,1912,2115,4447,2015,6804,8319,6525,3359,59368,24754,23608,0,3190,5350,2897,64162,105690
22400,46959376,4521,1636,1466,0,0,2644,4373,3426,0,619,1622,2541,8048,2376,1366,1919,2126,4466,2023,6830,8357,6558,3374,59664,24867,23723,0,3205,5378,2912,64448,106156
22500,47171402,4541,1640,1472,0,0,2655,4399,3438,0,625,1627,2555,8073,2384,1370,1931,2136,4486,2035,6858,8395,6585,3385,59929,24973,23827,0,3221,5401,2929,64737,106622
22600,47383424,4557,1645,1481,0,0,2665,4424,3454,0,626,1632,2567,8109,2401,1377,1940,2145,4505,2040,6901,8435,6610,3405,60225,25091,23924,0,3239,5424,2946,65027,107127
22700,47596115,4577,1653,1489,0,0,2674,4447,3469,0,628,1644,2581,8144,2414,1387,1948,2155,4521,2051,6934,8464,6643,3424,60539,25196,24025,0,3260,5450,2960,65336,107604
22800,47807939,4602,1663,1496,0,0,2684,4463,3488,0,630,1648,2588,8173,2424,1392,1956,2163,4546,2057,6971,8494,6671,3439,60823,25302,24144,0,3271,5475,2973,65624,108066
22900,48020901,4627,1672,1503,0,0,2696,4482,3499,0,632,1653,2602,8212,2435,1397,1963,2168,4569,2063,6991,8540,6699,3449,61108,25420,24267,0,3287,5503,2984,65914,108548
23000,48233607,4645,1684,1506,0,0,2712,4502,3517,0,634,1660,2617,8238,2447,1405,1968,2175,4586,2075,7021,8577,6730,3462,61403,25541,24378,0,3296,5528,2995,66198,109032
23100,48446891,4674,1696,1509,0,0,2722,4523,3530,0,639,1667,2624,8267,2459,1408,1977,2184,4605,2088,7051,8607,6757,3484,61669,25677,24477,0,3310,5557,3001,66467,109546
23200,48659215,4695,1708,1517,0,0,2731,4548,3550,0,641,1670,2634,8310,2479,1410,1989,2195,4619,2102,7085,8651,6788,3495,61977,25789,24591,0,3328,5584,3016,66779,110029
23300,48871022,4714,1717,1524,0,0,2740,4568,3565,0,645,1679,2644,8332,2488,1419,1993,2208,4639,2108,7111,8682,6814,3507,62255,25888,24700,0,3342,5611,3028,67078,110529
23400,49082814,4732,1727,1529,0,0,2759,4591,3582,0,649,1683,2656,8367,2496,1421,2006,2216,4661,2119,7140,8723,6842,3521,62513,25989,24805,0,3361,5640,3039,67385,111037
23500,49293905,4756,1731,1544,0,0,2776,4601,3598,0,651,1685,2666,8409,2509,1428,2010,2220,4679,2125,7174,8759,6878,3535,62798,26119,24903,0,3376,5660,3051,67666,111555
23600,49506244,4772,1735,1552,0,0,2792,4619,3618,0,652,1686,2676,8444,2517,1434,2017,2229,4696,2135,7196,8793,6911,3551,63090,26228,25025,0,3389,5689,3068,67931,112022
23700,49718012,4791,1742,1561,0,0,2804,4644,3634,0,656,1696,2682,8489,2531,1440,2028,2239,4721,2144,7223,8837,6935,3571,63372,26344,25154,0,3402,5709,3085,68213,112493
23800,49929631,4811,1748,1568,0,0,2813,4665,3646,0,659,1704,2693,8527,2547,1448,2040,2249,4747,2152,7256,8879,6967,3589,63646,26451,25269,0,3417,5731,3099,68517,112996
23900,50141254,4837,1751,1576,0,0,2818,4686,3655,0,661,1709,2699,8556,2555,1455,2044,2259,4772,2160,7280,8912,7004,3605,63918,26568,25390,0,3428,5758,3113,68818,113488
24000,50353211,4868,1761,1585,0,0,2834,4709,3667,0,663,1718,2715,8591,2570,1461,2048,2270,4795,2169,7306,8957,7039,3630,64201,26687,25493,0,3442,5783,3129,69099,113972
24100,50564289,4884,1764,1596,0,0,2847,4731,3679,0,666,1723,2722,8619,2579,1470,2054,2285,4810,2179,7338,8994,7062,3650,64473,26799,25591,0,3457,5812,3142,69379,114459
24200,50776168,4903,1766,1603,0,0,2861,4752,3692,0,668,1729,2737,8662,2589,1475,2066,2297,4824,2188,7369,9025,7093,3662,64758,26900,25705,0,3470,5832,3146,69671,114963
24300,50986584,4922,1775,1607,0,0,2877,4778,3711,0,671,1738,2745,8698,2599,1481,2072,2312,4841,2197,7402,9063,7123,3678,65050,27007,25818,0,3482,5854,3169,69963,115504
24400,51197975,4955,1785,1617,0,0,2890,4803,3728,0,674,1748,2758,8745,2608,1487,2078,2320,4864,2204,7435,9104,7152,3697,65284,27122,25929,0,3494,5888,3184,70255,116000
24500,51408672,4975,1789,1622,0,0,2898,4821,3740,0,677,1762,2772,8788,2620,1492,2085,2329,4891,2216,7477,9150,7177,3716,65553,27243,26033,0,3506,5908,3196,70535,116463
24600,51619905,4995,1802,1627,0,0,2907,4838,3763,0,678,1772,2785,8820,2635,1498,2095,2345,4908,2225,7508,9190,7209,3731,65829,27349,26150,0,3521,5932,3219,70818,116934
24700,51831786,5024,1806,1633,0,0,2920,4860,3778,0,683,1778,2801,8852,2648,1501,2101,2357,4932,2242,7537,9233,7248,3743,66071,27457,26271,0,3531,5955,3235,71135,117452
24800,52043626,5053,1813,1640,0,0,2934,4874,3789,0,688,1792,2817,8890,2657,1509,2110,2367,4958,2256,7572,9274,7279,3751,66354,27570,26365,0,3547,5976,3245,71391,117920
24900,52255658,5075,1819,1642,0,0,2945,4888,3812,0,690,1800,2825,8935,2672,1515,2117,2376,4980,2265,7613,9311,7305,3770,66598,27699,26467,0,3559,5995,3261,71661,118402
25000,52467558,5098,1823,1649,0,0,2961,4910,3823,0,691,1809,2833,8974,2682,1519,2121,2387,4999,2270,7640,9335,7331,3793,66881,27815,26587,0,3581,6031,3282,71984,118893
25100,52679213,5115,1830,1657,0,0,2969,4930,3838,0,693,1814,2845,9014,2695,1522,2130,2396,5020,2282,7676,9378,7352,3806,67178,27926,26696,0,3598,6056,3290,72294,119390
25200,52891231,5135,1838,1660,0,0,2985,4944,3850,0,696,1817,2859,9057,2704,1531,2133,2408,5043,2294,7706,9413,7379,3822,67450,28029,26802,0,3620,6076,3308,72587,119883
25300,53102500,5156,1843,1670,0,0,2999,4963,3862,0,698,1824,2870,9081,2711,1538,2139,2418,5060,2302,7734,9460,7407,3837,67716,28153,26913,0,3634,6097,3317,72871,120367
25400,53316029,5179,1854,1672,0,0,3014,4984,3876,0,701,1833,2881,9122,2719,1544,2144,2429,5083,2309,7771,9500,7427,3851,67991,28257,27023,0,3650,6121,3335,73153,120822
25500,53528185,5201,1858,1678,0,0,3021,5010,3893,0,703,1843,2891,9158,2729,1549,2155,2441,5104,2315,7804,9558,7448,3872,68262,28367,27138,0,3663,6146,3349,73461,121292
25600,53741105,5225,1865,1686,0,0,3038,5028,3909,0,704,1850,2901,9191,2738,1556,2159,2453,5116,2323,7829,9596,7473,3890,68550,28464,27233,0,3680,6176,3364,73763,121764
25700,53952599,5253,1872,1693,0,0,3046,5047,3921,0,706,1857,2909,9229,2756,1562,2171,2461,5138,2334,7864,9637,7512,3909,68835,28588,27332,0,3697,6197,3384,74072,122241
25800,54162933,5277,1877,1700,0,0,3060,5057,3933,0,708,1864,2920,9259,2769,1572,2183,2472,5159,2342,7896,9668,7542,3925,69113,28697,27448,0,3712,6214,3394,74380,122712
25900,54374015,5295,1886,1709,0,0,3068,5081,3951,0,709,1875,2925,9303,2777,1577,2190,2482,5174,2350,7925,9699,7574,3939,69385,28826,27533,0,3729,6231,3405,74652,123214
26000,54586396,5323,1891,1718,0,0,3082,5104,3968,0,713,1885,2944,9340,2790,1581,2199,2491,5199,2356,7952,9740,7602,3962,69604,28935,27641,0,3743,6254,3426,74940,123674
26100,54799499,5344,1898,1726,0,0,3098,5117,3983,0,718,1892,2955,9379,2803,1584,2203,2503,5219,2365,7980,9781,7636,3979,69869,29052,27737,0,3759,6280,3443,75273,124131
26200,55012187,5371,1904,1733,0,0,3107,5143,4000,0,725,1905,2961,9415,2819,1586,2209,2513,5237,2380,8013,9822,7667,3992,70153,29174,27836,0,3770,6311,3457,75560,124658
26300,55224050,5393,1907,1740,0,0,3116,5161,4018,0,728,1912,2970,9448,2832,1590,2219,2530,5256,2386,8041,9845,7697,4012,70409,29298,27954,0,3788,6342,3469,75866,125159
26400,55436386,5415,1919,1747,0,0,3129,5179,4032,0,732,1917,2986,9486,2841,1598,2226,2539,5276,2392,8078,9880,7731,4027,70684,29411,28071,0,3801,6362,3483,76128,125657
26500,55649523,5434,1928,1750,0,0,3144,5202,4048,0,735,1921,3003,9524,2851,1603,2236,2548,5295,2404,8115,9918,7763,4041,70954,29546,28166,0,3819,6387,3493,76412,126136
26600,55863163,5453,1930,1759,0,0,3163,5230,4068,0,741,1927,3013,9556,2855,1609,2244,2559,5315,2412,8144,9958,7785,4063,71215,29672,28265,0,3829,6414,3508,76709,126601
26700,56075914,5466,1937,1767,0,0,3176,5255,4085,0,745,1937,3023,9584,2864,1616,2257,2568,5333,2417,8179,9993,7815,4078,71500,29785,28373,0,3850,6435,3526,77040,127104
26800,56288442,5482,1944,1776,0,0,3188,5273,4099,0,749,1946,3037,9610,2880,1620,2270,2577,5357,2429,8208,10024,7845,4093,71822,29901,28478,0,3867,6458,3536,77337,127594
26900,56500689,5504,1948,1781,0,0,3198,5290,4112,0,757,1953,3045,9644,2889,1624,2278,2584,5379,2440,8239,10070,7867,4110,72111,30031,28569,0,3880,6478,3547,77653,128084
27000,56712895,5529,1953,1787,0,0,3208,5313,4127,0,760,1959,3062,9685,2895,1627,2284,2594,5401,2453,8271,10110,7907,4125,72351,30143,28675,0,3892,6500,3559,77946,128582
27100,56924360,5550,1965,1792,0,0,3222,5330,4144,0,762,1967,3072,9711,2910,1629,2292,2606,5425,2465,8307,10138,7939,4140,72646,30258,28778,0,3904,6522,3572,78269,129068
27200,57136293,5564,1975,1795,0,0,3236,5356,4155,0,766,1971,3084,9756,2915,1633,2300,2617,5445,2474,8343,10165,7967,4157,72926,30377,28875,0,3917,6540,3581,78563,129559
27300,57348270,5578,1979,1800,0,0,3252,5372,4170,0,769,1977,3097,9781,2926,1640,2309,2627,5455,2480,8376,10202,7997,4166,73214,30476,28986,0,3938,6561,3599,78854,130018
27400,57559400,5595,1987,1805,0,0,3265,5395,4186,0,770,1986,3106,9815,2936,1647,2316,2640,5482,2490,8406,10236,8033,4177,73480,30585,29099,0,3948,6586,3617,79145,130507
27500,57771166,5623,1991,1813,0,0,3281,5420,4201,0,774,1993,3118,9862,2943,1656,2330,2659,5498,2501,8435,10275,8062,4193,73762,30697,29213,0,3966,6607,3625,79434,130996
27600,57983333,5649,1996,1818,0,0,3294,5440,4221,0,780,1997,3132,9891,2954,1664,2337,2665,5520,2509,8469,10305,8098,4210,74030,30794,29322,0,3986,6634,3632,79719,131466
27700,58195490,5666,2003,1827,0,0,3307,5459,4242,0,783,2008,3143,9926,2967,1667,2343,2676,5546,2513,8501,10340,8125,4227,74292,30912,29410,0,4003,6661,3642,80018,131954
27800,58407189,5684,2005,1837,0,0,3319,5485,4252,0,784,2020,3152,9969,2977,1675,2353,2687,5569,2529,8540,10370,8146,4242,74540,31031,29527,0,4016,6688,3655,80336,132437
27900,58618182,5703,2013,1850,0,0,3330,5510,4266,0,786,2025,3164,10004,2986,1682,2362,2697,5591,2540,8578,10423,8180,4264,74831,31138,29643,0,4030,6710,3667,80622,132910
28000,58828696,5719,2026,1853,0,0,3342,5526,4281,0,788,2034,3180,10025,2997,1687,2372,2700,5614,2549,8611,10466,8214,4280,75095,31256,29737,0,4039,6731,3672,80924,133413
28100,59039474,5748,2033,1863,0,0,3354,5554,4297,0,790,2045,3190,10056,3007,1692,2382,2707,5631,2556,8642,10507,8239,4299,75363,31370,29846,0,4049,6748,3684,81243,133922
28200,59250398,5766,2041,1868,0,0,3368,5582,4312,0,794,2056,3206,10093,3021,1700,2389,2719,5647,2564,8672,10535,8266,4307,75634,31484,29956,0,4059,6773,3700,81530,134395
28300,59461814,5800,2051,1875,0,0,3380,5603,4326,0,795,2066,3215,10130,3031,1708,2398,2733,5674,2572,8704,10581,8298,4324,75879,31601,30055,0,4080,6802,3712,81823,134873
28400,59672960,5832,2061,1884,0,0,3386,5625,4342,0,796,2071,3230,10174,3040,1718,2403,2744,5692,2579,8723,10615,8323,4343,76135,31708,30157,0,4096,6832,3732,82129,135355
28500,59883665,5848,2072,1887,0,0,3403,5649,4358,0,799,2082,3237,10209,3049,1723,2419,2754,5710,2585,8766,10652,8357,4364,76426,31815,30282,0,4112,6850,3750,82408,135866
28600,60093994,5870,2084,1892,0,0,3416,5670,4372,0,803,2096,3251,10257,3060,1729,2434,2765,5723,2591,8801,10693,8382,4383,76714,31928,30398,0,4121,6878,3762,82734,136337
28700,60304512,5895,2089,1896,0,0,3426,5691,4388,0,811,2103,3268,10292,3066,1730,2438,2776,5745,2597,8831,10721,8411,4398,77001,32037,30497,0,4136,6907,3769,83045,136785
28800,60515987,5916,2093,1905,0,0,3434,5714,4404,0,817,2109,3277,10333,3076,1734,2449,2782,5769,2607,8865,10766,8438,4420,77279,32166,30587,0,4154,6928,3781,83337,137217
28900,60727082,5938,2099,1913,0,0,3447,5733,4423,0,821,2120,3287,10377,3088,1741,2457,2791,5781,2611,8899,10810,8463,4434,77564,32272,30679,0,4169,6952,3797,83602,137752
29000,60938588,5958,2102,1919,0,0,3459,5751,4437,0,823,2129,3294,10405,3095,1743,2464,2806,5798,2618,8925,10848,8485,4449,77843,32395,30804,0,4178,6975,3806,83897,138246
29100,61150420,5980,2107,1927,0,0,3471,5768,4452,0,823,2138,3306,10429,3111,1749,2473,2816,5812,2626,8954,10880,8505,4467,78115,32493,30919,0,4192,6992,3822,84201,138756
29200,61361976,5994,2115,1937,0,0,3483,5788,4459,0,828,2144,3316,10465,3117,1761,2480,2827,5825,2638,8982,10917,8537,4489,78385,32604,31026,0,4216,7022,3835,84501,139241
29300,61574676,6016,2122,1942,0,0,3499,5808,4468,0,831,2151,3328,10502,3130,1766,2490,2842,5848,2655,9023,10966,8575,4500,78665,32728,31127,0,4229,7037,3846,84779,139729
29400,61786220,6030,2129,1951,0,0,3510,5828,4480,0,832,2164,3335,10542,3143,1773,2504,2859,5869,2665,9045,11009,8601,4515,78916,32842,31260,0,4246,7060,3862,85088,140210
29500,61998760,6054,2136,1955,0,0,3519,5849,4500,0,835,2176,3354,10566,3152,1778,2511,2868,5890,2678,9071,11051,8633,4532,79175,32968,31373,0,4263,7081,3872,85414,140700
29600,62210834,6073,2141,1962,0,0,3527,5864,4522,0,839,2186,3363,10605,3167,1785,2513,2875,5909,2687,9108,11086,8670,4546,79460,33080,31480,0,4279,7097,3882,85691,141174
29700,62422657,6097,2150,1966,0,0,3537,5889,4530,0,843,2193,3373,10655,3176,1795,2520,2885,5934,2699,9138,11129,8701,4558,79744,33184,31588,0,4294,7127,3887,85992,141672
29800,62635049,6112,2160,1971,0,0,3551,5910,4557,0,849,2200,3386,10687,3185,1800,2528,2896,5952,2708,9169,11165,8732,4581,80047,33296,31699,0,4309,7153,3897,86279,142182
29900,62847183,6136,2165,1977,0,0,3562,5927,4571,0,853,2209,3399,10737,3197,1806,2532,2904,5981,2717,9201,11201,8756,4594,80333,33402,31819,0,4322,7180,3907,86559,142688
30000,63058909,6161,2174,1992,0,0,3571,5956,4585,0,857,2216,3410,10783,3210,1813,2540,2916,6000,2726,9226,11243,8779,4604,80605,33524,31930,0,4337,7206,3923,86834,143168
