t , Ki , Mi , Ni , Vxi , Vyi , Vzi , Txi , Tyi , Tzi
0 , 117.722 , 0.0392407 , 3e+21 , 2.54007 , -7.01675 , -3.11208 , 0.0269416 , 0.0255615 , 0.0259594
8.88634e-09 , 117.722 , 0.0392407 , 3e+21 , 2.54007 , -7.01675 , -3.11208 , 0.0269416 , 0.0255615 , 0.0259594
1.77727e-08 , 117.722 , 0.0392407 , 3e+21 , 2.54007 , -7.01675 , -3.11208 , 0.0269416 , 0.0255615 , 0.0259594
2.6659e-08 , 117.722 , 0.0392407 , 3e+21 , 2.54007 , -7.01675 , -3.11208 , 0.0269416 , 0.0255615 , 0.0259594
3.55454e-08 , 117.722 , 0.0392407 , 3e+21 , 2.54007 , -7.01675 , -3.11208 , 0.0269416 , 0.0255615 , 0.0259594
4.44317e-08 , 117.722 , 0.0392407 , 3e+21 , 2.54007 , -7.01675 , -3.11208 , 0.0269416 , 0.0255615 , 0.0259594
5.33181e-08 , 117.722 , 0.0392407 , 3e+21 , 2.54007 , -7.01675 , -3.11208 , 0.0269416 , 0.0255615 , 0.0259594
6.22044e-08 , 117.722 , 0.0392407 , 3e+21 , 2.54007 , -7.01675 , -3.11208 , 0.0269416 , 0.0255615 , 0.0259594
7.10907e-08 , 117.722 , 0.0392407 , 3e+21 , 2.54007 , -7.01675 , -3.11208 , 0.0269416 , 0.0255615 , 0.0259594
7.99771e-08 , 117.722 , 0.0392407 , 3e+21 , 2.54007 , -7.01675 , -3.11208 , 0.0269416 , 0.0255615 , 0.0259594
8.88634e-08 , 117.722 , 0.0392407 , 3e+21 , 2.54007 , -7.01675 , -3.11208 , 0.0269416 , 0.0255615 , 0.0259594
9.77498e-08 , 117.722 , 0.0392407 , 3e+21 , 2.54007 , -7.01675 , -3.11208 , 0.0269416 , 0.0255615 , 0.0259594
1.06636e-07 , 117.722 , 0.0392407 , 3e+21 , 2.54007 , -7.01675 , -3.11208 , 0.0269416 , 0.0255615 , 0.0259594
1.15522e-07 , 117.722 , 0.0392407 , 3e+21 , 2.54007 , -7.01675 , -3.11208 , 0.0269416 , 0.0255615 , 0.0259594
1.24409e-07 , 117.722 , 0.0392407 , 3e+21 , 2.54007 , -7.01675 , -3.11208 , 0.0269416 , 0.0255615 , 0.0259594
1.33295e-07 , 117.722 , 0.0392407 , 3e+21 , 2.54007 , -7.01675 , -3.11208 , 0.0269416 , 0.0255615 , 0.0259594
1.42181e-07 , 117.722 , 0.0392407 , 3e+21 , 2.54007 , -7.01675 , -3.11208 , 0.0269416 , 0.0255615 , 0.0259594
1.51068e-07 , 117.722 , 0.0392407 , 3e+21 , 2.54007 , -7.01675 , -3.11208 , 0.0269416 , 0.0255615 , 0.0259594
1.59954e-07 , 117.722 , 0.0392407 , 3e+21 , 2.54007 , -7.01675 , -3.11208 , 0.0269416 , 0.0255615 , 0.0259594
1.68841e-07 , 117.722 , 0.0392407 , 3e+21 , 2.54007 , -7.01675 , -3.11208 , 0.0269416 , 0.0255615 , 0.0259594
1.77727e-07 , 117.722 , 0.0392407 , 3e+21 , 2.54007 , -7.01675 , -3.11208 , 0.0269416 , 0.0255615 , 0.0259594
1.86613e-07 , 117.722 , 0.0392407 , 3e+21 , 2.54007 , -7.01675 , -3.11208 , 0.0269416 , 0.0255615 , 0.0259594
1.955e-07 , 117.722 , 0.0392407 , 3e+21 , 2.54007 , -7.01675 , -3.11208 , 0.0269416 , 0.0255615 , 0.0259594
2.04386e-07 , 117.722 , 0.0392407 , 3e+21 , 2.54007 , -7.01675 , -3.11208 , 0.0269416 , 0.0255615 , 0.0259594
2.13272e-07 , 117.722 , 0.0392407 , 3e+21 , 2.54007 , -7.01675 , -3.11208 , 0.0269416 , 0.0255615 , 0.0259594
2.22159e-07 , 117.722 , 0.0392407 , 3e+21 , 2.54007 , -7.01675 , -3.11208 , 0.0269416 , 0.0255615 , 0.0259594
2.31045e-07 , 117.722 , 0.0392407 , 3e+21 , 2.54007 , -7.01675 , -3.11208 , 0.0269416 , 0.0255615 , 0.0259594
2.39931e-07 , 117.722 , 0.0392407 , 3e+21 , 2.54007 , -7.01675 , -3.11208 , 0.0269416 , 0.0255615 , 0.0259594
2.48818e-07 , 117.722 , 0.0392407 , 3e+21 , 2.54007 , -7.01675 , -3.11208 , 0.0269416 , 0.0255615 , 0.0259594
2.57704e-07 , 117.722 , 0.0392407 , 3e+21 , 2.54007 , -7.01675 , -3.11208 , 0.0269416 , 0.0255615 , 0.0259594
2.6659e-07 , 117.722 , 0.0392407 , 3e+21 , 2.54007 , -7.01675 , -3.11208 , 0.0269416 , 0.0255615 , 0.0259594
2.75477e-07 , 117.722 , 0.0392407 , 3e+21 , 2.54007 , -7.01675 , -3.11208 , 0.0269416 , 0.0255615 , 0.0259594
2.84363e-07 , 117.722 , 0.0392407 , 3e+21 , 2.54007 , -7.01675 , -3.11208 , 0.0269416 , 0.0255615 , 0.0259594
2.93249e-07 , 117.722 , 0.0392407 , 3e+21 , 2.54007 , -7.01675 , -3.11208 , 0.0269416 , 0.0255615 , 0.0259594
3.02136e-07 , 117.722 , 0.0392407 , 3e+21 , 2.54007 , -7.01675 , -3.11208 , 0.0269416 , 0.0255615 , 0.0259594
3.11022e-07 , 117.722 , 0.0392407 , 3e+21 , 2.54007 , -7.01675 , -3.11208 , 0.0269416 , 0.0255615 , 0.0259594
3.19908e-07 , 117.722 , 0.0392407 , 3e+21 , 2.54007 , -7.01675 , -3.11208 , 0.0269416 , 0.0255615 , 0.0259594
3.28795e-07 , 117.722 , 0.0392407 , 3e+21 , 2.54007 , -7.01675 , -3.11208 , 0.0269416 , 0.0255615 , 0.0259594
3.37681e-07 , 117.722 , 0.0392407 , 3e+21 , 2.54007 , -7.01675 , -3.11208 , 0.0269416 , 0.0255615 , 0.0259594
3.46567e-07 , 117.722 , 0.0392407 , 3e+21 , 2.54007 , -7.01675 , -3.11208 , 0.0269416 , 0.0255615 , 0.0259594
3.55454e-07 , 117.722 , 0.0392407 , 3e+21 , 2.54007 , -7.01675 , -3.11208 , 0.0269416 , 0.0255615 , 0.0259594
3.6434e-07 , 117.722 , 0.0392407 , 3e+21 , 2.54007 , -7.01675 , -3.11208 , 0.0269416 , 0.0255615 , 0.0259594
3.73226e-07 , 117.722 , 0.0392407 , 3e+21 , 2.54007 , -7.01675 , -3.11208 , 0.0269416 , 0.0255615 , 0.0259594
3.82113e-07 , 117.722 , 0.0392407 , 3e+21 , 2.54007 , -7.01675 , -3.11208 , 0.0269416 , 0.0255615 , 0.0259594
3.90999e-07 , 117.722 , 0.0392407 , 3e+21 , 2.54007 , -7.01675 , -3.11208 , 0.0269416 , 0.0255615 , 0.0259594
3.99885e-07 , 117.722 , 0.0392407 , 3e+21 , 2.54007 , -7.01675 , -3.11208 , 0.0269416 , 0.0255615 , 0.0259594
4.08772e-07 , 117.722 , 0.0392407 , 3e+21 , 2.54007 , -7.01675 , -3.11208 , 0.0269416 , 0.0255615 , 0.0259594
4.17658e-07 , 117.722 , 0.0392407 , 3e+21 , 2.54007 , -7.01675 , -3.11208 , 0.0269416 , 0.0255615 , 0.0259594
4.26544e-07 , 117.722 , 0.0392407 , 3e+21 , 2.54007 , -7.01675 , -3.11208 , 0.0269416 , 0.0255615 , 0.0259594
4.35431e-07 , 117.722 , 0.0392407 , 3e+21 , 2.54007 , -7.01675 , -3.11208 , 0.0269416 , 0.0255615 , 0.0259594
4.44317e-07 , 117.722 , 0.0392407 , 3e+21 , 2.54007 , -7.01675 , -3.11208 , 0.0269416 , 0.0255615 , 0.0259594
4.53203e-07 , 117.722 , 0.0392407 , 3e+21 , 2.54007 , -7.01675 , -3.11208 , 0.0269416 , 0.0255615 , 0.0259594
4.6209e-07 , 117.722 , 0.0392407 , 3e+21 , 2.54007 , -7.01675 , -3.11208 , 0.0269416 , 0.0255615 , 0.0259594
4.70976e-07 , 117.722 , 0.0392407 , 3e+21 , 2.54007 , -7.01675 , -3.11208 , 0.0269416 , 0.0255615 , 0.0259594
4.79863e-07 , 117.722 , 0.0392407 , 3e+21 , 2.54007 , -7.01675 , -3.11208 , 0.0269416 , 0.0255615 , 0.0259594
4.88749e-07 , 117.722 , 0.0392407 , 3e+21 , 2.54007 , -7.01675 , -3.11208 , 0.0269416 , 0.0255615 , 0.0259594
4.97635e-07 , 117.722 , 0.0392407 , 3e+21 , 2.54007 , -7.01675 , -3.11208 , 0.0269416 , 0.0255615 , 0.0259594
5.06522e-07 , 117.722 , 0.0392407 , 3e+21 , 2.54007 , -7.01675 , -3.11208 , 0.0269416 , 0.0255615 , 0.0259594
5.15408e-07 , 117.722 , 0.0392407 , 3e+21 , 2.54007 , -7.01675 , -3.11208 , 0.0269416 , 0.0255615 , 0.0259594
5.24294e-07 , 117.722 , 0.0392407 , 3e+21 , 2.54007 , -7.01675 , -3.11208 , 0.0269416 , 0.0255615 , 0.0259594
5.33181e-07 , 117.722 , 0.0392407 , 3e+21 , 2.54007 , -7.01675 , -3.11208 , 0.0269416 , 0.0255615 , 0.0259594
5.42067e-07 , 117.722 , 0.0392407 , 3e+21 , 2.54007 , -7.01675 , -3.11208 , 0.0269416 , 0.0255615 , 0.0259594
5.50953e-07 , 117.722 , 0.0392407 , 3e+21 , 2.54007 , -7.01675 , -3.11208 , 0.0269416 , 0.0255615 , 0.0259594
5.5984e-07 , 117.722 , 0.0392407 , 3e+21 , 2.54007 , -7.01675 , -3.11208 , 0.0269416 , 0.0255615 , 0.0259594
5.68726e-07 , 117.722 , 0.0392407 , 3e+21 , 2.54007 , -7.01675 , -3.11208 , 0.0269416 , 0.0255615 , 0.0259594
5.77612e-07 , 117.722 , 0.0392407 , 3e+21 , 2.54007 , -7.01675 , -3.11208 , 0.0269416 , 0.0255615 , 0.0259594
5.86499e-07 , 117.722 , 0.0392407 , 3e+21 , 2.54007 , -7.01675 , -3.11208 , 0.0269416 , 0.0255615 , 0.0259594
5.95385e-07 , 117.722 , 0.0392407 , 3e+21 , 2.54007 , -7.01675 , -3.11208 , 0.0269416 , 0.0255615 , 0.0259594
6.04271e-07 , 117.722 , 0.0392407 , 3e+21 , 2.54007 , -7.01675 , -3.11208 , 0.0269416 , 0.0255615 , 0.0259594
6.13158e-07 , 117.722 , 0.0392407 , 3e+21 , 2.54007 , -7.01675 , -3.11208 , 0.0269416 , 0.0255615 , 0.0259594
6.22044e-07 , 117.722 , 0.0392407 , 3e+21 , 2.54007 , -7.01675 , -3.11208 , 0.0269416 , 0.0255615 , 0.0259594
6.3093e-07 , 117.722 , 0.0392407 , 3e+21 , 2.54007 , -7.01675 , -3.11208 , 0.0269416 , 0.0255615 , 0.0259594
6.39817e-07 , 117.722 , 0.0392407 , 3e+21 , 2.54007 , -7.01675 , -3.11208 , 0.0269416 , 0.0255615 , 0.0259594
6.48703e-07 , 117.722 , 0.0392407 , 3e+21 , 2.54007 , -7.01675 , -3.11208 , 0.0269416 , 0.0255615 , 0.0259594
6.57589e-07 , 117.722 , 0.0392407 , 3e+21 , 2.54007 , -7.01675 , -3.11208 , 0.0269416 , 0.0255615 , 0.0259594
6.66476e-07 , 117.722 , 0.0392407 , 3e+21 , 2.54007 , -7.01675 , -3.11208 , 0.0269416 , 0.0255615 , 0.0259594
6.75362e-07 , 117.722 , 0.0392407 , 3e+21 , 2.54007 , -7.01675 , -3.11208 , 0.0269416 , 0.0255615 , 0.0259594
6.84248e-07 , 117.722 , 0.0392407 , 3e+21 , 2.54007 , -7.01675 , -3.11208 , 0.0269416 , 0.0255615 , 0.0259594
6.93135e-07 , 117.722 , 0.0392407 , 3e+21 , 2.54007 , -7.01675 , -3.11208 , 0.0269416 , 0.0255615 , 0.0259594
7.02021e-07 , 117.722 , 0.0392407 , 3e+21 , 2.54007 , -7.01675 , -3.11208 , 0.0269416 , 0.0255615 , 0.0259594
7.10907e-07 , 117.722 , 0.0392407 , 3e+21 , 2.54007 , -7.01675 , -3.11208 , 0.0269416 , 0.0255615 , 0.0259594
7.19794e-07 , 117.722 , 0.0392407 , 3e+21 , 2.54007 , -7.01675 , -3.11208 , 0.0269416 , 0.0255615 , 0.0259594
7.2868e-07 , 117.722 , 0.0392407 , 3e+21 , 2.54007 , -7.01675 , -3.11208 , 0.0269416 , 0.0255615 , 0.0259594
7.37566e-07 , 117.722 , 0.0392407 , 3e+21 , 2.54007 , -7.01675 , -3.11208 , 0.0269416 , 0.0255615 , 0.0259594
7.46453e-07 , 117.722 , 0.0392407 , 3e+21 , 2.54007 , -7.01675 , -3.11208 , 0.0269416 , 0.0255615 , 0.0259594
7.55339e-07 , 117.722 , 0.0392407 , 3e+21 , 2.54007 , -7.01675 , -3.11208 , 0.0269416 , 0.0255615 , 0.0259594
7.64225e-07 , 117.722 , 0.0392407 , 3e+21 , 2.54007 , -7.01675 , -3.11208 , 0.0269416 , 0.0255615 , 0.0259594
7.73112e-07 , 117.722 , 0.0392407 , 3e+21 , 2.54007 , -7.01675 , -3.11208 , 0.0269416 , 0.0255615 , 0.0259594
7.81998e-07 , 117.722 , 0.0392407 , 3e+21 , 2.54007 , -7.01675 , -3.11208 , 0.0269416 , 0.0255615 , 0.0259594
7.90884e-07 , 117.722 , 0.0392407 , 3e+21 , 2.54007 , -7.01675 , -3.11208 , 0.0269416 , 0.0255615 , 0.0259594
7.99771e-07 , 117.722 , 0.0392407 , 3e+21 , 2.54007 , -7.01675 , -3.11208 , 0.0269416 , 0.0255615 , 0.0259594
8.08657e-07 , 117.722 , 0.0392407 , 3e+21 , 2.54007 , -7.01675 , -3.11208 , 0.0269416 , 0.0255615 , 0.0259594
8.17544e-07 , 117.722 , 0.0392407 , 3e+21 , 2.54007 , -7.01675 , -3.11208 , 0.0269416 , 0.0255615 , 0.0259594
8.2643e-07 , 117.722 , 0.0392407 , 3e+21 , 2.54007 , -7.01675 , -3.11208 , 0.0269416 , 0.0255615 , 0.0259594
8.35316e-07 , 117.722 , 0.0392407 , 3e+21 , 2.54007 , -7.01675 , -3.11208 , 0.0269416 , 0.0255615 , 0.0259594
8.44203e-07 , 117.722 , 0.0392407 , 3e+21 , 2.54007 , -7.01675 , -3.11208 , 0.0269416 , 0.0255615 , 0.0259594
8.53089e-07 , 117.722 , 0.0392407 , 3e+21 , 2.54007 , -7.01675 , -3.11208 , 0.0269416 , 0.0255615 , 0.0259594
8.61975e-07 , 117.722 , 0.0392407 , 3e+21 , 2.54007 , -7.01675 , -3.11208 , 0.0269416 , 0.0255615 , 0.0259594
8.70862e-07 , 117.722 , 0.0392407 , 3e+21 , 2.54007 , -7.01675 , -3.11208 , 0.0269416 , 0.0255615 , 0.0259594
8.79748e-07 , 117.722 , 0.0392407 , 3e+21 , 2.54007 , -7.01675 , -3.11208 , 0.0269416 , 0.0255615 , 0.0259594
8.88634e-07 , 117.722 , 0.0392407 , 3e+21 , 2.54007 , -7.01675 , -3.11208 , 0.0269416 , 0.0255615 , 0.0259594
8.97521e-07 , 117.722 , 0.0392407 , 3e+21 , 2.54007 , -7.01675 , -3.11208 , 0.0269416 , 0.0255615 , 0.0259594
9.06407e-07 , 117.722 , 0.0392407 , 3e+21 , 2.54007 , -7.01675 , -3.11208 , 0.0269416 , 0.0255615 , 0.0259594
9.15293e-07 , 117.722 , 0.0392407 , 3e+21 , 2.54007 , -7.01675 , -3.11208 , 0.0269416 , 0.0255615 , 0.0259594
9.2418e-07 , 117.722 , 0.0392407 , 3e+21 , 2.54007 , -7.01675 , -3.11208 , 0.0269416 , 0.0255615 , 0.0259594
9.33066e-07 , 117.722 , 0.0392407 , 3e+21 , 2.54007 , -7.01675 , -3.11208 , 0.0269416 , 0.0255615 , 0.0259594
9.41952e-07 , 117.722 , 0.0392407 , 3e+21 , 2.54007 , -7.01675 , -3.11208 , 0.0269416 , 0.0255615 , 0.0259594
9.50839e-07 , 117.722 , 0.0392407 , 3e+21 , 2.54007 , -7.01675 , -3.11208 , 0.0269416 , 0.0255615 , 0.0259594
9.59725e-07 , 117.722 , 0.0392407 , 3e+21 , 2.54007 , -7.01675 , -3.11208 , 0.0269416 , 0.0255615 , 0.0259594
9.68611e-07 , 117.722 , 0.0392407 , 3e+21 , 2.54007 , -7.01675 , -3.11208 , 0.0269416 , 0.0255615 , 0.0259594
9.77498e-07 , 117.722 , 0.0392407 , 3e+21 , 2.54007 , -7.01675 , -3.11208 , 0.0269416 , 0.0255615 , 0.0259594
9.86384e-07 , 117.722 , 0.0392407 , 3e+21 , 2.54007 , -7.01675 , -3.11208 , 0.0269416 , 0.0255615 , 0.0259594
9.9527e-07 , 117.722 , 0.0392407 , 3e+21 , 2.54007 , -7.01675 , -3.11208 , 0.0269416 , 0.0255615 , 0.0259594
1.00416e-06 , 117.722 , 0.0392407 , 3e+21 , 2.54007 , -7.01675 , -3.11208 , 0.0269416 , 0.0255615 , 0.0259594
1.01304e-06 , 117.722 , 0.0392407 , 3e+21 , 2.54007 , -7.01675 , -3.11208 , 0.0269416 , 0.0255615 , 0.0259594
1.02193e-06 , 117.722 , 0.0392407 , 3e+21 , 2.54007 , -7.01675 , -3.11208 , 0.0269416 , 0.0255615 , 0.0259594
1.03082e-06 , 117.722 , 0.0392407 , 3e+21 , 2.54007 , -7.01675 , -3.11208 , 0.0269416 , 0.0255615 , 0.0259594
1.0397e-06 , 117.722 , 0.0392407 , 3e+21 , 2.54007 , -7.01675 , -3.11208 , 0.0269416 , 0.0255615 , 0.0259594
1.04859e-06 , 117.722 , 0.0392407 , 3e+21 , 2.54007 , -7.01675 , -3.11208 , 0.0269416 , 0.0255615 , 0.0259594
1.05747e-06 , 117.722 , 0.0392407 , 3e+21 , 2.54007 , -7.01675 , -3.11208 , 0.0269416 , 0.0255615 , 0.0259594
1.06636e-06 , 117.722 , 0.0392407 , 3e+21 , 2.54007 , -7.01675 , -3.11208 , 0.0269416 , 0.0255615 , 0.0259594
1.07525e-06 , 117.722 , 0.0392407 , 3e+21 , 2.54007 , -7.01675 , -3.11208 , 0.0269416 , 0.0255615 , 0.0259594
1.08413e-06 , 117.722 , 0.0392407 , 3e+21 , 2.54007 , -7.01675 , -3.11208 , 0.0269416 , 0.0255615 , 0.0259594
1.09302e-06 , 117.722 , 0.0392407 , 3e+21 , 2.54007 , -7.01675 , -3.11208 , 0.0269416 , 0.0255615 , 0.0259594
1.10191e-06 , 117.722 , 0.0392407 , 3e+21 , 2.54007 , -7.01675 , -3.11208 , 0.0269416 , 0.0255615 , 0.0259594
1.11079e-06 , 117.722 , 0.0392407 , 3e+21 , 2.54007 , -7.01675 , -3.11208 , 0.0269416 , 0.0255615 , 0.0259594
1.11968e-06 , 117.722 , 0.0392407 , 3e+21 , 2.54007 , -7.01675 , -3.11208 , 0.0269416 , 0.0255615 , 0.0259594
1.12857e-06 , 117.722 , 0.0392407 , 3e+21 , 2.54007 , -7.01675 , -3.11208 , 0.0269416 , 0.0255615 , 0.0259594
1.13745e-06 , 117.722 , 0.0392407 , 3e+21 , 2.54007 , -7.01675 , -3.11208 , 0.0269416 , 0.0255615 , 0.0259594
1.14634e-06 , 117.722 , 0.0392407 , 3e+21 , 2.54007 , -7.01675 , -3.11208 , 0.0269416 , 0.0255615 , 0.0259594
1.15522e-06 , 117.722 , 0.0392407 , 3e+21 , 2.54007 , -7.01675 , -3.11208 , 0.0269416 , 0.0255615 , 0.0259594
1.16411e-06 , 117.722 , 0.0392407 , 3e+21 , 2.54007 , -7.01675 , -3.11208 , 0.0269416 , 0.0255615 , 0.0259594
1.173e-06 , 117.722 , 0.0392407 , 3e+21 , 2.54007 , -7.01675 , -3.11208 , 0.0269416 , 0.0255615 , 0.0259594
1.18188e-06 , 117.722 , 0.0392407 , 3e+21 , 2.54007 , -7.01675 , -3.11208 , 0.0269416 , 0.0255615 , 0.0259594
1.19077e-06 , 117.722 , 0.0392407 , 3e+21 , 2.54007 , -7.01675 , -3.11208 , 0.0269416 , 0.0255615 , 0.0259594
1.19966e-06 , 117.722 , 0.0392407 , 3e+21 , 2.54007 , -7.01675 , -3.11208 , 0.0269416 , 0.0255615 , 0.0259594
1.20854e-06 , 117.722 , 0.0392407 , 3e+21 , 2.54007 , -7.01675 , -3.11208 , 0.0269416 , 0.0255615 , 0.0259594
1.21743e-06 , 117.722 , 0.0392407 , 3e+21 , 2.54007 , -7.01675 , -3.11208 , 0.0269416 , 0.0255615 , 0.0259594
1.22632e-06 , 117.722 , 0.0392407 , 3e+21 , 2.54007 , -7.01675 , -3.11208 , 0.0269416 , 0.0255615 , 0.0259594
1.2352e-06 , 117.722 , 0.0392407 , 3e+21 , 2.54007 , -7.01675 , -3.11208 , 0.0269416 , 0.0255615 , 0.0259594
1.24409e-06 , 117.722 , 0.0392407 , 3e+21 , 2.54007 , -7.01675 , -3.11208 , 0.0269416 , 0.0255615 , 0.0259594
1.25297e-06 , 117.722 , 0.0392407 , 3e+21 , 2.54007 , -7.01675 , -3.11208 , 0.0269416 , 0.0255615 , 0.0259594
1.26186e-06 , 117.722 , 0.0392407 , 3e+21 , 2.54007 , -7.01675 , -3.11208 , 0.0269416 , 0.0255615 , 0.0259594
1.27075e-06 , 117.722 , 0.0392407 , 3e+21 , 2.54007 , -7.01675 , -3.11208 , 0.0269416 , 0.0255615 , 0.0259594
1.27963e-06 , 117.722 , 0.0392407 , 3e+21 , 2.54007 , -7.01675 , -3.11208 , 0.0269416 , 0.0255615 , 0.0259594
1.28852e-06 , 117.722 , 0.0392407 , 3e+21 , 2.54007 , -7.01675 , -3.11208 , 0.0269416 , 0.0255615 , 0.0259594
1.29741e-06 , 117.722 , 0.0392407 , 3e+21 , 2.54007 , -7.01675 , -3.11208 , 0.0269416 , 0.0255615 , 0.0259594
1.30629e-06 , 117.722 , 0.0392407 , 3e+21 , 2.54007 , -7.01675 , -3.11208 , 0.0269416 , 0.0255615 , 0.0259594
1.31518e-06 , 117.722 , 0.0392407 , 3e+21 , 2.54007 , -7.01675 , -3.11208 , 0.0269416 , 0.0255615 , 0.0259594
1.32407e-06 , 117.722 , 0.0392407 , 3e+21 , 2.54007 , -7.01675 , -3.11208 , 0.0269416 , 0.0255615 , 0.0259594
1.33295e-06 , 117.722 , 0.0392407 , 3e+21 , 2.54007 , -7.01675 , -3.11208 , 0.0269416 , 0.0255615 , 0.0259594
1.34184e-06 , 117.722 , 0.0392407 , 3e+21 , 2.54007 , -7.01675 , -3.11208 , 0.0269416 , 0.0255615 , 0.0259594
1.35072e-06 , 117.722 , 0.0392407 , 3e+21 , 2.54007 , -7.01675 , -3.11208 , 0.0269416 , 0.0255615 , 0.0259594
1.35961e-06 , 117.722 , 0.0392407 , 3e+21 , 2.54007 , -7.01675 , -3.11208 , 0.0269416 , 0.0255615 , 0.0259594
1.3685e-06 , 117.722 , 0.0392407 , 3e+21 , 2.54007 , -7.01675 , -3.11208 , 0.0269416 , 0.0255615 , 0.0259594
1.37738e-06 , 117.722 , 0.0392407 , 3e+21 , 2.54007 , -7.01675 , -3.11208 , 0.0269416 , 0.0255615 , 0.0259594
1.38627e-06 , 117.722 , 0.0392407 , 3e+21 , 2.54007 , -7.01675 , -3.11208 , 0.0269416 , 0.0255615 , 0.0259594
1.39516e-06 , 117.722 , 0.0392407 , 3e+21 , 2.54007 , -7.01675 , -3.11208 , 0.0269416 , 0.0255615 , 0.0259594
1.40404e-06 , 117.722 , 0.0392407 , 3e+21 , 2.54007 , -7.01675 , -3.11208 , 0.0269416 , 0.0255615 , 0.0259594
1.41293e-06 , 117.722 , 0.0392407 , 3e+21 , 2.54007 , -7.01675 , -3.11208 , 0.0269416 , 0.0255615 , 0.0259594
1.42181e-06 , 117.722 , 0.0392407 , 3e+21 , 2.54007 , -7.01675 , -3.11208 , 0.0269416 , 0.0255615 , 0.0259594
1.4307e-06 , 117.722 , 0.0392407 , 3e+21 , 2.54007 , -7.01675 , -3.11208 , 0.0269416 , 0.0255615 , 0.0259594
1.43959e-06 , 117.722 , 0.0392407 , 3e+21 , 2.54007 , -7.01675 , -3.11208 , 0.0269416 , 0.0255615 , 0.0259594
1.44847e-06 , 117.722 , 0.0392407 , 3e+21 , 2.54007 , -7.01675 , -3.11208 , 0.0269416 , 0.0255615 , 0.0259594
1.45736e-06 , 117.722 , 0.0392407 , 3e+21 , 2.54007 , -7.01675 , -3.11208 , 0.0269416 , 0.0255615 , 0.0259594
1.46625e-06 , 117.722 , 0.0392407 , 3e+21 , 2.54007 , -7.01675 , -3.11208 , 0.0269416 , 0.0255615 , 0.0259594
1.47513e-06 , 117.722 , 0.0392407 , 3e+21 , 2.54007 , -7.01675 , -3.11208 , 0.0269416 , 0.0255615 , 0.0259594
1.48402e-06 , 117.722 , 0.0392407 , 3e+21 , 2.54007 , -7.01675 , -3.11208 , 0.0269416 , 0.0255615 , 0.0259594
1.49291e-06 , 117.722 , 0.0392407 , 3e+21 , 2.54007 , -7.01675 , -3.11208 , 0.0269416 , 0.0255615 , 0.0259594
1.50179e-06 , 117.722 , 0.0392407 , 3e+21 , 2.54007 , -7.01675 , -3.11208 , 0.0269416 , 0.0255615 , 0.0259594
1.51068e-06 , 117.722 , 0.0392407 , 3e+21 , 2.54007 , -7.01675 , -3.11208 , 0.0269416 , 0.0255615 , 0.0259594
1.51956e-06 , 117.722 , 0.0392407 , 3e+21 , 2.54007 , -7.01675 , -3.11208 , 0.0269416 , 0.0255615 , 0.0259594
1.52845e-06 , 117.722 , 0.0392407 , 3e+21 , 2.54007 , -7.01675 , -3.11208 , 0.0269416 , 0.0255615 , 0.0259594
1.53734e-06 , 117.722 , 0.0392407 , 3e+21 , 2.54007 , -7.01675 , -3.11208 , 0.0269416 , 0.0255615 , 0.0259594
1.54622e-06 , 117.722 , 0.0392407 , 3e+21 , 2.54007 , -7.01675 , -3.11208 , 0.0269416 , 0.0255615 , 0.0259594
1.55511e-06 , 117.722 , 0.0392407 , 3e+21 , 2.54007 , -7.01675 , -3.11208 , 0.0269416 , 0.0255615 , 0.0259594
1.564e-06 , 117.722 , 0.0392407 , 3e+21 , 2.54007 , -7.01675 , -3.11208 , 0.0269416 , 0.0255615 , 0.0259594
1.57288e-06 , 117.722 , 0.0392407 , 3e+21 , 2.54007 , -7.01675 , -3.11208 , 0.0269416 , 0.0255615 , 0.0259594
1.58177e-06 , 117.722 , 0.0392407 , 3e+21 , 2.54007 , -7.01675 , -3.11208 , 0.0269416 , 0.0255615 , 0.0259594
1.59066e-06 , 117.722 , 0.0392407 , 3e+21 , 2.54007 , -7.01675 , -3.11208 , 0.0269416 , 0.0255615 , 0.0259594
1.59954e-06 , 117.722 , 0.0392407 , 3e+21 , 2.54007 , -7.01675 , -3.11208 , 0.0269416 , 0.0255615 , 0.0259594
1.60843e-06 , 117.722 , 0.0392407 , 3e+21 , 2.54007 , -7.01675 , -3.11208 , 0.0269416 , 0.0255615 , 0.0259594
1.61731e-06 , 117.722 , 0.0392407 , 3e+21 , 2.54007 , -7.01675 , -3.11208 , 0.0269416 , 0.0255615 , 0.0259594
1.6262e-06 , 117.722 , 0.0392407 , 3e+21 , 2.54007 , -7.01675 , -3.11208 , 0.0269416 , 0.0255615 , 0.0259594
1.63509e-06 , 117.722 , 0.0392407 , 3e+21 , 2.54007 , -7.01675 , -3.11208 , 0.0269416 , 0.0255615 , 0.0259594
1.64397e-06 , 117.722 , 0.0392407 , 3e+21 , 2.54007 , -7.01675 , -3.11208 , 0.0269416 , 0.0255615 , 0.0259594
1.65286e-06 , 117.722 , 0.0392407 , 3e+21 , 2.54007 , -7.01675 , -3.11208 , 0.0269416 , 0.0255615 , 0.0259594
1.66175e-06 , 117.722 , 0.0392407 , 3e+21 , 2.54007 , -7.01675 , -3.11208 , 0.0269416 , 0.0255615 , 0.0259594
1.67063e-06 , 117.722 , 0.0392407 , 3e+21 , 2.54007 , -7.01675 , -3.11208 , 0.0269416 , 0.0255615 , 0.0259594
1.67952e-06 , 117.722 , 0.0392407 , 3e+21 , 2.54007 , -7.01675 , -3.11208 , 0.0269416 , 0.0255615 , 0.0259594
1.68841e-06 , 117.722 , 0.0392407 , 3e+21 , 2.54007 , -7.01675 , -3.11208 , 0.0269416 , 0.0255615 , 0.0259594
1.69729e-06 , 117.722 , 0.0392407 , 3e+21 , 2.54007 , -7.01675 , -3.11208 , 0.0269416 , 0.0255615 , 0.0259594
1.70618e-06 , 117.722 , 0.0392407 , 3e+21 , 2.54007 , -7.01675 , -3.11208 , 0.0269416 , 0.0255615 , 0.0259594
1.71506e-06 , 117.722 , 0.0392407 , 3e+21 , 2.54007 , -7.01675 , -3.11208 , 0.0269416 , 0.0255615 , 0.0259594
1.72395e-06 , 117.722 , 0.0392407 , 3e+21 , 2.54007 , -7.01675 , -3.11208 , 0.0269416 , 0.0255615 , 0.0259594
1.73284e-06 , 117.722 , 0.0392407 , 3e+21 , 2.54007 , -7.01675 , -3.11208 , 0.0269416 , 0.0255615 , 0.0259594
1.74172e-06 , 117.722 , 0.0392407 , 3e+21 , 2.54007 , -7.01675 , -3.11208 , 0.0269416 , 0.0255615 , 0.0259594
1.75061e-06 , 117.722 , 0.0392407 , 3e+21 , 2.54007 , -7.01675 , -3.11208 , 0.0269416 , 0.0255615 , 0.0259594
1.7595e-06 , 117.722 , 0.0392407 , 3e+21 , 2.54007 , -7.01675 , -3.11208 , 0.0269416 , 0.0255615 , 0.0259594
1.76838e-06 , 117.722 , 0.0392407 , 3e+21 , 2.54007 , -7.01675 , -3.11208 , 0.0269416 , 0.0255615 , 0.0259594
1.77727e-06 , 117.722 , 0.0392407 , 3e+21 , 2.54007 , -7.01675 , -3.11208 , 0.0269416 , 0.0255615 , 0.0259594
1.78615e-06 , 117.722 , 0.0392407 , 3e+21 , 2.54007 , -7.01675 , -3.11208 , 0.0269416 , 0.0255615 , 0.0259594
1.79504e-06 , 117.722 , 0.0392407 , 3e+21 , 2.54007 , -7.01675 , -3.11208 , 0.0269416 , 0.0255615 , 0.0259594
1.80393e-06 , 117.722 , 0.0392407 , 3e+21 , 2.54007 , -7.01675 , -3.11208 , 0.0269416 , 0.0255615 , 0.0259594
1.81281e-06 , 117.722 , 0.0392407 , 3e+21 , 2.54007 , -7.01675 , -3.11208 , 0.0269416 , 0.0255615 , 0.0259594
1.8217e-06 , 117.722 , 0.0392407 , 3e+21 , 2.54007 , -7.01675 , -3.11208 , 0.0269416 , 0.0255615 , 0.0259594
1.83059e-06 , 117.722 , 0.0392407 , 3e+21 , 2.54007 , -7.01675 , -3.11208 , 0.0269416 , 0.0255615 , 0.0259594
1.83947e-06 , 117.722 , 0.0392407 , 3e+21 , 2.54007 , -7.01675 , -3.11208 , 0.0269416 , 0.0255615 , 0.0259594
1.84836e-06 , 117.722 , 0.0392407 , 3e+21 , 2.54007 , -7.01675 , -3.11208 , 0.0269416 , 0.0255615 , 0.0259594
1.85725e-06 , 117.722 , 0.0392407 , 3e+21 , 2.54007 , -7.01675 , -3.11208 , 0.0269416 , 0.0255615 , 0.0259594
1.86613e-06 , 117.722 , 0.0392407 , 3e+21 , 2.54007 , -7.01675 , -3.11208 , 0.0269416 , 0.0255615 , 0.0259594
1.87502e-06 , 117.722 , 0.0392407 , 3e+21 , 2.54007 , -7.01675 , -3.11208 , 0.0269416 , 0.0255615 , 0.0259594
1.8839e-06 , 117.722 , 0.0392407 , 3e+21 , 2.54007 , -7.01675 , -3.11208 , 0.0269416 , 0.0255615 , 0.0259594
1.89279e-06 , 117.722 , 0.0392407 , 3e+21 , 2.54007 , -7.01675 , -3.11208 , 0.0269416 , 0.0255615 , 0.0259594
1.90168e-06 , 117.722 , 0.0392407 , 3e+21 , 2.54007 , -7.01675 , -3.11208 , 0.0269416 , 0.0255615 , 0.0259594
1.91056e-06 , 117.722 , 0.0392407 , 3e+21 , 2.54007 , -7.01675 , -3.11208 , 0.0269416 , 0.0255615 , 0.0259594
1.91945e-06 , 117.722 , 0.0392407 , 3e+21 , 2.54007 , -7.01675 , -3.11208 , 0.0269416 , 0.0255615 , 0.0259594
1.92834e-06 , 117.722 , 0.0392407 , 3e+21 , 2.54007 , -7.01675 , -3.11208 , 0.0269416 , 0.0255615 , 0.0259594
1.93722e-06 , 117.722 , 0.0392407 , 3e+21 , 2.54007 , -7.01675 , -3.11208 , 0.0269416 , 0.0255615 , 0.0259594
1.94611e-06 , 117.722 , 0.0392407 , 3e+21 , 2.54007 , -7.01675 , -3.11208 , 0.0269416 , 0.0255615 , 0.0259594
1.955e-06 , 117.722 , 0.0392407 , 3e+21 , 2.54007 , -7.01675 , -3.11208 , 0.0269416 , 0.0255615 , 0.0259594
1.96388e-06 , 117.722 , 0.0392407 , 3e+21 , 2.54007 , -7.01675 , -3.11208 , 0.0269416 , 0.0255615 , 0.0259594
1.97277e-06 , 117.722 , 0.0392407 , 3e+21 , 2.54007 , -7.01675 , -3.11208 , 0.0269416 , 0.0255615 , 0.0259594
1.98165e-06 , 117.722 , 0.0392407 , 3e+21 , 2.54007 , -7.01675 , -3.11208 , 0.0269416 , 0.0255615 , 0.0259594
1.99054e-06 , 117.722 , 0.0392407 , 3e+21 , 2.54007 , -7.01675 , -3.11208 , 0.0269416 , 0.0255615 , 0.0259594
1.99943e-06 , 117.722 , 0.0392407 , 3e+21 , 2.54007 , -7.01675 , -3.11208 , 0.0269416 , 0.0255615 , 0.0259594
2.00831e-06 , 117.722 , 0.0392407 , 3e+21 , 2.54007 , -7.01675 , -3.11208 , 0.0269416 , 0.0255615 , 0.0259594
2.0172e-06 , 117.722 , 0.0392407 , 3e+21 , 2.54007 , -7.01675 , -3.11208 , 0.0269416 , 0.0255615 , 0.0259594
2.02609e-06 , 117.722 , 0.0392407 , 3e+21 , 2.54007 , -7.01675 , -3.11208 , 0.0269416 , 0.0255615 , 0.0259594
2.03497e-06 , 117.722 , 0.0392407 , 3e+21 , 2.54007 , -7.01675 , -3.11208 , 0.0269416 , 0.0255615 , 0.0259594
2.04386e-06 , 117.722 , 0.0392407 , 3e+21 , 2.54007 , -7.01675 , -3.11208 , 0.0269416 , 0.0255615 , 0.0259594
2.05275e-06 , 117.722 , 0.0392407 , 3e+21 , 2.54007 , -7.01675 , -3.11208 , 0.0269416 , 0.0255615 , 0.0259594
2.06163e-06 , 117.722 , 0.0392407 , 3e+21 , 2.54007 , -7.01675 , -3.11208 , 0.0269416 , 0.0255615 , 0.0259594
2.07052e-06 , 117.722 , 0.0392407 , 3e+21 , 2.54007 , -7.01675 , -3.11208 , 0.0269416 , 0.0255615 , 0.0259594
2.0794e-06 , 117.722 , 0.0392407 , 3e+21 , 2.54007 , -7.01675 , -3.11208 , 0.0269416 , 0.0255615 , 0.0259594
2.08829e-06 , 117.722 , 0.0392407 , 3e+21 , 2.54007 , -7.01675 , -3.11208 , 0.0269416 , 0.0255615 , 0.0259594
2.09718e-06 , 117.722 , 0.0392407 , 3e+21 , 2.54007 , -7.01675 , -3.11208 , 0.0269416 , 0.0255615 , 0.0259594
2.10606e-06 , 117.722 , 0.0392407 , 3e+21 , 2.54007 , -7.01675 , -3.11208 , 0.0269416 , 0.0255615 , 0.0259594
2.11495e-06 , 117.722 , 0.0392407 , 3e+21 , 2.54007 , -7.01675 , -3.11208 , 0.0269416 , 0.0255615 , 0.0259594
2.12384e-06 , 117.722 , 0.0392407 , 3e+21 , 2.54007 , -7.01675 , -3.11208 , 0.0269416 , 0.0255615 , 0.0259594
2.13272e-06 , 117.722 , 0.0392407 , 3e+21 , 2.54007 , -7.01675 , -3.11208 , 0.0269416 , 0.0255615 , 0.0259594
2.14161e-06 , 117.722 , 0.0392407 , 3e+21 , 2.54007 , -7.01675 , -3.11208 , 0.0269416 , 0.0255615 , 0.0259594
2.15049e-06 , 117.722 , 0.0392407 , 3e+21 , 2.54007 , -7.01675 , -3.11208 , 0.0269416 , 0.0255615 , 0.0259594
2.15938e-06 , 117.722 , 0.0392407 , 3e+21 , 2.54007 , -7.01675 , -3.11208 , 0.0269416 , 0.0255615 , 0.0259594
2.16827e-06 , 117.722 , 0.0392407 , 3e+21 , 2.54007 , -7.01675 , -3.11208 , 0.0269416 , 0.0255615 , 0.0259594
2.17715e-06 , 117.722 , 0.0392407 , 3e+21 , 2.54007 , -7.01675 , -3.11208 , 0.0269416 , 0.0255615 , 0.0259594
2.18604e-06 , 117.722 , 0.0392407 , 3e+21 , 2.54007 , -7.01675 , -3.11208 , 0.0269416 , 0.0255615 , 0.0259594
2.19493e-06 , 117.722 , 0.0392407 , 3e+21 , 2.54007 , -7.01675 , -3.11208 , 0.0269416 , 0.0255615 , 0.0259594
2.20381e-06 , 117.722 , 0.0392407 , 3e+21 , 2.54007 , -7.01675 , -3.11208 , 0.0269416 , 0.0255615 , 0.0259594
2.2127e-06 , 117.722 , 0.0392407 , 3e+21 , 2.54007 , -7.01675 , -3.11208 , 0.0269416 , 0.0255615 , 0.0259594
2.22159e-06 , 117.722 , 0.0392407 , 3e+21 , 2.54007 , -7.01675 , -3.11208 , 0.0269416 , 0.0255615 , 0.0259594
2.23047e-06 , 117.722 , 0.0392407 , 3e+21 , 2.54007 , -7.01675 , -3.11208 , 0.0269416 , 0.0255615 , 0.0259594
2.23936e-06 , 117.722 , 0.0392407 , 3e+21 , 2.54007 , -7.01675 , -3.11208 , 0.0269416 , 0.0255615 , 0.0259594
2.24824e-06 , 117.722 , 0.0392407 , 3e+21 , 2.54007 , -7.01675 , -3.11208 , 0.0269416 , 0.0255615 , 0.0259594
2.25713e-06 , 117.722 , 0.0392407 , 3e+21 , 2.54007 , -7.01675 , -3.11208 , 0.0269416 , 0.0255615 , 0.0259594
2.26602e-06 , 117.722 , 0.0392407 , 3e+21 , 2.54007 , -7.01675 , -3.11208 , 0.0269416 , 0.0255615 , 0.0259594
2.2749e-06 , 117.722 , 0.0392407 , 3e+21 , 2.54007 , -7.01675 , -3.11208 , 0.0269416 , 0.0255615 , 0.0259594
2.28379e-06 , 117.722 , 0.0392407 , 3e+21 , 2.54007 , -7.01675 , -3.11208 , 0.0269416 , 0.0255615 , 0.0259594
2.29268e-06 , 117.722 , 0.0392407 , 3e+21 , 2.54007 , -7.01675 , -3.11208 , 0.0269416 , 0.0255615 , 0.0259594
2.30156e-06 , 117.722 , 0.0392407 , 3e+21 , 2.54007 , -7.01675 , -3.11208 , 0.0269416 , 0.0255615 , 0.0259594
2.31045e-06 , 117.722 , 0.0392407 , 3e+21 , 2.54007 , -7.01675 , -3.11208 , 0.0269416 , 0.0255615 , 0.0259594
2.31934e-06 , 117.722 , 0.0392407 , 3e+21 , 2.54007 , -7.01675 , -3.11208 , 0.0269416 , 0.0255615 , 0.0259594
2.32822e-06 , 117.722 , 0.0392407 , 3e+21 , 2.54007 , -7.01675 , -3.11208 , 0.0269416 , 0.0255615 , 0.0259594
2.33711e-06 , 117.722 , 0.0392407 , 3e+21 , 2.54007 , -7.01675 , -3.11208 , 0.0269416 , 0.0255615 , 0.0259594
2.34599e-06 , 117.722 , 0.0392407 , 3e+21 , 2.54007 , -7.01675 , -3.11208 , 0.0269416 , 0.0255615 , 0.0259594
2.35488e-06 , 117.722 , 0.0392407 , 3e+21 , 2.54007 , -7.01675 , -3.11208 , 0.0269416 , 0.0255615 , 0.0259594
2.36377e-06 , 117.722 , 0.0392407 , 3e+21 , 2.54007 , -7.01675 , -3.11208 , 0.0269416 , 0.0255615 , 0.0259594
2.37265e-06 , 117.722 , 0.0392407 , 3e+21 , 2.54007 , -7.01675 , -3.11208 , 0.0269416 , 0.0255615 , 0.0259594
2.38154e-06 , 117.722 , 0.0392407 , 3e+21 , 2.54007 , -7.01675 , -3.11208 , 0.0269416 , 0.0255615 , 0.0259594
2.39043e-06 , 117.722 , 0.0392407 , 3e+21 , 2.54007 , -7.01675 , -3.11208 , 0.0269416 , 0.0255615 , 0.0259594
2.39931e-06 , 117.722 , 0.0392407 , 3e+21 , 2.54007 , -7.01675 , -3.11208 , 0.0269416 , 0.0255615 , 0.0259594
2.4082e-06 , 117.722 , 0.0392407 , 3e+21 , 2.54007 , -7.01675 , -3.11208 , 0.0269416 , 0.0255615 , 0.0259594
2.41709e-06 , 117.722 , 0.0392407 , 3e+21 , 2.54007 , -7.01675 , -3.11208 , 0.0269416 , 0.0255615 , 0.0259594
2.42597e-06 , 117.722 , 0.0392407 , 3e+21 , 2.54007 , -7.01675 , -3.11208 , 0.0269416 , 0.0255615 , 0.0259594
2.43486e-06 , 117.722 , 0.0392407 , 3e+21 , 2.54007 , -7.01675 , -3.11208 , 0.0269416 , 0.0255615 , 0.0259594
2.44374e-06 , 117.722 , 0.0392407 , 3e+21 , 2.54007 , -7.01675 , -3.11208 , 0.0269416 , 0.0255615 , 0.0259594
2.45263e-06 , 117.722 , 0.0392407 , 3e+21 , 2.54007 , -7.01675 , -3.11208 , 0.0269416 , 0.0255615 , 0.0259594
2.46152e-06 , 117.722 , 0.0392407 , 3e+21 , 2.54007 , -7.01675 , -3.11208 , 0.0269416 , 0.0255615 , 0.0259594
2.4704e-06 , 117.722 , 0.0392407 , 3e+21 , 2.54007 , -7.01675 , -3.11208 , 0.0269416 , 0.0255615 , 0.0259594
2.47929e-06 , 117.722 , 0.0392407 , 3e+21 , 2.54007 , -7.01675 , -3.11208 , 0.0269416 , 0.0255615 , 0.0259594
2.48818e-06 , 117.722 , 0.0392407 , 3e+21 , 2.54007 , -7.01675 , -3.11208 , 0.0269416 , 0.0255615 , 0.0259594
2.49706e-06 , 117.722 , 0.0392407 , 3e+21 , 2.54007 , -7.01675 , -3.11208 , 0.0269416 , 0.0255615 , 0.0259594
2.50595e-06 , 117.722 , 0.0392407 , 3e+21 , 2.54007 , -7.01675 , -3.11208 , 0.0269416 , 0.0255615 , 0.0259594
2.51483e-06 , 117.722 , 0.0392407 , 3e+21 , 2.54007 , -7.01675 , -3.11208 , 0.0269416 , 0.0255615 , 0.0259594
2.52372e-06 , 117.722 , 0.0392407 , 3e+21 , 2.54007 , -7.01675 , -3.11208 , 0.0269416 , 0.0255615 , 0.0259594
2.53261e-06 , 117.722 , 0.0392407 , 3e+21 , 2.54007 , -7.01675 , -3.11208 , 0.0269416 , 0.0255615 , 0.0259594
2.54149e-06 , 117.722 , 0.0392407 , 3e+21 , 2.54007 , -7.01675 , -3.11208 , 0.0269416 , 0.0255615 , 0.0259594
2.55038e-06 , 117.722 , 0.0392407 , 3e+21 , 2.54007 , -7.01675 , -3.11208 , 0.0269416 , 0.0255615 , 0.0259594
2.55927e-06 , 117.722 , 0.0392407 , 3e+21 , 2.54007 , -7.01675 , -3.11208 , 0.0269416 , 0.0255615 , 0.0259594
2.56815e-06 , 117.722 , 0.0392407 , 3e+21 , 2.54007 , -7.01675 , -3.11208 , 0.0269416 , 0.0255615 , 0.0259594
2.57704e-06 , 117.722 , 0.0392407 , 3e+21 , 2.54007 , -7.01675 , -3.11208 , 0.0269416 , 0.0255615 , 0.0259594
2.58593e-06 , 117.722 , 0.0392407 , 3e+21 , 2.54007 , -7.01675 , -3.11208 , 0.0269416 , 0.0255615 , 0.0259594
2.59481e-06 , 117.722 , 0.0392407 , 3e+21 , 2.54007 , -7.01675 , -3.11208 , 0.0269416 , 0.0255615 , 0.0259594
2.6037e-06 , 117.722 , 0.0392407 , 3e+21 , 2.54007 , -7.01675 , -3.11208 , 0.0269416 , 0.0255615 , 0.0259594
2.61258e-06 , 117.722 , 0.0392407 , 3e+21 , 2.54007 , -7.01675 , -3.11208 , 0.0269416 , 0.0255615 , 0.0259594
2.62147e-06 , 117.722 , 0.0392407 , 3e+21 , 2.54007 , -7.01675 , -3.11208 , 0.0269416 , 0.0255615 , 0.0259594
2.63036e-06 , 117.722 , 0.0392407 , 3e+21 , 2.54007 , -7.01675 , -3.11208 , 0.0269416 , 0.0255615 , 0.0259594
2.63924e-06 , 117.722 , 0.0392407 , 3e+21 , 2.54007 , -7.01675 , -3.11208 , 0.0269416 , 0.0255615 , 0.0259594
2.64813e-06 , 117.722 , 0.0392407 , 3e+21 , 2.54007 , -7.01675 , -3.11208 , 0.0269416 , 0.0255615 , 0.0259594
2.65702e-06 , 117.722 , 0.0392407 , 3e+21 , 2.54007 , -7.01675 , -3.11208 , 0.0269416 , 0.0255615 , 0.0259594
2.6659e-06 , 117.722 , 0.0392407 , 3e+21 , 2.54007 , -7.01675 , -3.11208 , 0.0269416 , 0.0255615 , 0.0259594
