0,0,0,0,0,0,0,0,0,0,0,0,0,0,0,0,0,0,0,0,0,0,0,0,0,0,0,0,0,0,0,0,0,0
100,26175,0,0,0,0,0,0,0,0,0,0,0,0,0,0,0,0,0,0,0,0,0,0,0,0,0,0,0,0,0,0,0,0
200,188073,0,0,0,0,0,0,0,0,0,0,0,0,0,0,0,0,0,0,0,0,0,0,0,0,0,0,0,0,0,0,0,0
300,418978,0,0,0,0,0,0,0,0,0,0,0,0,0,0,0,0,0,0,0,0,0,0,0,0,0,0,0,0,0,0,0,0
400,698503,0,0,0,0,0,0,0,0,0,0,0,0,0,0,0,0,0,0,0,0,0,0,0,0,0,2,0,0,0,0,0,0
500,1024065,0,0,0,0,0,0,0,0,0,0,0,0,0,0,0,0,0,0,0,1,1,1,1,8,1,11,0,0,0,0,0,0
600,1389430,0,0,0,0,0,0,0,0,0,0,1,0,1,1,0,0,0,0,0,2,6,4,3,22,15,18,0,0,1,0,0,1
700,1787223,0,1,0,0,0,1,1,1,0,1,1,0,7,2,0,0,2,4,0,7,11,6,6,61,37,47,0,0,1,0,8,2
800,2214159,1,1,0,0,0,2,3,3,1,3,1,2,14,5,0,1,4,7,1,21,23,10,11,123,70,94,0,2,8,1,25,6
900,2662543,1,2,1,0,1,3,4,4,2,3,3,4,23,10,1,3,6,15,4,32,33,15,16,200,115,155,0,2,11,6,48,12
1000,3129797,3,2,2,0,1,7,6,8,2,3,5,5,32,16,3,4,10,25,9,46,51,22,26,298,156,214,0,7,16,7,84,19
1100,3611387,7,5,4,0,2,10,8,12,2,5,8,8,50,21,4,5,12,35,15,68,63,34,36,408,233,285,0,9,21,8,126,27
1200,4103927,11,8,4,0,3,12,9,15,2,9,12,10,62,32,8,8,18,50,18,80,72,45,52,530,317,355,0,12,22,16,171,47
1300,4605036,14,10,9,0,3,13,13,19,2,13,13,10,86,37,9,9,21,63,27,89,92,53,66,686,383,435,1,16,28,19,219,74
1400,5111702,17,15,12,0,3,16,15,20,6,18,15,13,94,47,11,12,25,73,33,104,108,71,77,850,459,528,1,24,33,21,277,109
1500,5623182,21,17,15,0,4,17,18,26,8,21,17,15,114,52,16,16,34,92,43,126,122,79,90,1028,551,621,3,30,42,26,331,136
1600,6136713,26,20,16,0,4,22,22,32,9,30,21,20,126,61,16,21,38,103,48,149,143,93,103,1209,631,716,4,36,45,32,391,163
1700,6651788,33,22,16,0,4,25,30,39,10,33,24,22,151,69,16,24,41,112,51,176,167,105,126,1360,724,814,5,41,61,39,460,182
1800,7167862,42,23,18,0,4,29,35,47,11,35,25,23,170,79,22,24,48,126,52,202,185,120,137,1534,816,925,6,47,74,43,514,209
1900,7684155,49,29,22,0,4,30,37,55,12,38,26,33,185,86,25,29,54,145,60,222,209,129,158,1694,922,1041,7,52,86,48,574,238
2000,8202625,55,32,26,0,4,30,39,61,12,39,28,35,201,96,30,31,59,159,64,241,230,148,169,1851,1023,1139,7,60,94,57,623,261
2100,8721772,59,37,27,0,4,36,44,63,12,44,32,39,224,99,31,32,63,175,69,260,259,163,182,2013,1126,1268,10,70,111,63,698,300
2200,9241129,61,40,28,0,4,43,46,65,14,46,38,42,249,111,33,35,66,192,72,274,277,176,195,2188,1210,1388,11,73,114,72,761,332
2300,9761261,66,43,32,0,4,44,49,67,14,49,43,46,269,116,38,38,74,213,75,294,295,188,205,2363,1293,1497,11,78,129,81,815,373
2400,10281316,75,44,34,0,4,49,54,71,16,53,46,49,289,125,38,41,79,229,78,308,316,200,221,2524,1388,1602,11,83,137,84,882,408
2500,10805677,80,47,37,0,5,52,58,78,16,57,47,56,301,133,43,46,93,245,84,318,336,214,245,2689,1477,1703,12,86,147,90,956,440
2600,11330395,89,48,41,0,5,58,66,82,18,64,51,57,324,135,45,48,98,255,91,336,357,231,263,2871,1575,1817,13,90,157,98,1022,465
2700,11851870,92,53,44,0,6,62,71,85,19,68,52,64,336,147,47,51,105,268,96,355,381,250,278,3046,1663,1950,13,95,163,104,1090,508
2800,12372497,97,54,48,0,7,65,77,87,19,71,55,66,353,157,49,52,112,284,101,382,394,264,296,3219,1769,2045,13,98,170,108,1152,551
2900,12893243,103,56,50,0,7,68,79,95,19,73,61,75,372,164,52,54,119,298,108,410,417,283,308,3395,1855,2144,13,104,177,114,1225,578
3000,13412950,113,58,53,0,8,69,85,101,20,75,68,76,394,174,56,55,125,318,111,428,437,301,324,3583,1955,2242,13,112,187,118,1300,612
3100,13932697,116,58,54,0,8,75,91,109,20,77,74,78,410,187,58,58,129,328,118,455,457,317,338,3739,2041,2348,15,116,196,120,1365,656
3200,14452980,122,58,55,0,9,76,95,114,20,79,77,86,436,196,59,62,139,340,124,474,480,332,353,3898,2116,2461,15,122,203,125,1424,700
3300,14972033,127,60,55,0,9,79,104,122,21,81,78,91,460,202,63,62,144,357,132,495,503,349,377,4081,2213,2565,15,128,211,129,1493,741
3400,15490896,137,62,58,0,9,81,111,128,22,85,81,95,487,211,67,63,147,371,138,524,526,368,394,4242,2323,2668,15,136,221,134,1555,770
3500,16010734,141,63,61,0,9,85,113,136,25,89,85,97,503,217,70,67,154,387,141,543,543,393,407,4429,2420,2768,15,141,234,136,1620,795
3600,16531930,149,64,61,0,10,90,116,142,26,92,87,100,529,228,73,72,159,407,143,566,569,413,427,4638,2515,2872,15,146,244,144,1698,831
3700,17053263,152,68,65,0,10,93,122,145,28,94,91,105,553,231,73,79,163,418,145,587,587,432,456,4828,2613,2964,15,153,254,151,1760,863
3800,17572965,157,72,67,0,12,97,128,150,29,95,97,114,572,242,79,80,169,435,151,613,605,443,469,5001,2710,3063,15,159,262,155,1810,891
3900,18093389,167,73,70,0,13,99,132,157,31,98,100,120,586,253,79,80,176,446,152,634,629,454,483,5181,2792,3154,15,168,270,160,1887,929
4000,18615521,175,75,70,0,13,103,138,160,32,101,104,124,609,263,83,83,184,456,158,659,653,476,501,5338,2898,3270,16,175,280,166,1943,967
4100,19136619,179,76,70,0,14,109,143,163,33,104,110,127,632,271,87,86,187,475,169,675,672,497,521,5515,2994,3381,17,181,289,172,2004,1013
4200,19658624,187,78,72,0,15,114,145,172,34,107,112,128,655,280,89,88,191,489,176,700,691,513,537,5688,3090,3480,17,185,301,178,2085,1043
4300,20179662,191,80,78,0,15,116,146,180,34,112,120,129,678,287,94,92,200,507,180,719,713,522,553,5878,3188,3581,17,189,310,185,2149,1085
4400,20698372,198,82,79,0,17,122,149,186,34,113,123,130,695,296,97,94,210,517,188,738,734,532,566,6062,3275,3682,17,192,318,187,2208,1108
4500,21221225,204,84,80,0,18,128,156,190,37,116,126,135,706,306,102,96,216,530,196,756,757,553,583,6223,3362,3786,18,196,325,193,2276,1145
4600,21744791,213,85,81,1,19,130,164,196,39,121,131,139,734,315,106,97,226,546,202,779,779,568,601,6401,3466,3869,18,204,337,197,2343,1180
4700,22267429,221,87,81,2,20,136,171,208,39,126,136,142,764,321,108,100,230,562,204,800,804,581,614,6595,3569,3959,18,211,347,206,2413,1208
4800,22788285,225,89,82,2,22,140,176,209,40,127,140,146,778,328,111,102,235,574,211,821,829,597,625,6745,3664,4073,20,220,360,211,2497,1230
4900,23311046,230,90,83,2,22,142,178,210,40,128,145,150,803,337,112,107,236,582,216,838,850,617,637,6921,3766,4184,20,233,367,216,2560,1271
5000,23834039,236,92,86,2,22,147,183,214,40,131,147,154,827,343,114,109,245,592,224,857,875,626,657,7117,3868,4297,20,240,371,220,2625,1294
5100,24357925,243,93,91,3,23,150,189,221,41,136,151,157,847,350,117,111,250,609,228,883,897,642,670,7288,3957,4401,20,250,376,224,2689,1314
5200,24882059,251,94,93,3,24,151,193,225,41,140,154,162,867,359,118,113,255,626,233,901,915,659,689,7478,4041,4509,22,258,386,227,2745,1350
5300,25405871,253,97,94,3,24,154,201,228,43,144,160,165,888,369,120,116,263,638,239,917,932,676,706,7669,4139,4630,22,268,394,233,2805,1378
5400,25928417,264,99,96,3,24,154,208,236,43,151,162,171,906,380,127,117,265,647,246,942,946,686,727,7863,4234,4753,22,271,405,238,2880,1410
5500,26449728,266,101,98,3,25,160,213,244,43,157,166,175,925,388,130,120,268,659,256,972,969,703,744,8048,4326,4866,22,279,407,241,2954,1441
5600,26971436,272,104,98,4,26,162,216,248,45,160,167,184,951,397,136,122,275,672,263,986,994,718,764,8195,4423,4970,23,286,414,246,3028,1476
5700,27494757,281,107,102,4,26,166,218,259,46,162,175,189,971,405,137,125,282,684,269,1007,1012,731,777,8374,4507,5083,24,295,421,252,3091,1511
5800,28017772,287,108,107,4,27,170,227,264,46,167,180,196,984,416,138,127,293,703,273,1024,1030,746,793,8543,4602,5188,26,302,432,259,3160,1541
5900,28538104,296,111,109,4,28,173,233,273,46,171,185,200,1006,429,144,127,300,713,277,1041,1057,759,812,8698,4698,5299,26,309,437,264,3242,1576
6000,29057457,299,114,112,4,29,176,241,280,48,174,189,205,1025,435,150,129,308,732,283,1060,1082,774,828,8868,4815,5406,27,318,443,271,3301,1606
6100,29575378,304,116,115,4,29,180,243,282,49,178,192,208,1051,443,154,132,314,749,289,1082,1101,784,835,9054,4919,5501,27,322,449,274,3359,1629
6200,30091858,309,118,117,4,29,182,245,287,50,182,199,212,1065,450,156,135,318,768,297,1107,1130,798,855,9231,5013,5614,27,332,461,279,3414,1666
6300,30608979,316,122,120,4,30,189,253,290,50,188,204,217,1082,452,159,139,320,780,306,1128,1153,810,869,9399,5116,5728,27,338,471,282,3483,1703
6400,31124150,323,124,120,4,30,191,258,296,50,192,205,221,1099,457,165,144,322,795,308,1146,1177,829,887,9555,5226,5844,28,344,480,286,3559,1740
6500,31639327,329,125,121,4,32,192,265,299,50,193,210,228,1120,463,167,146,328,810,317,1172,1211,843,903,9731,5318,5945,29,351,487,293,3635,1782
6600,32155961,339,126,122,4,32,196,268,305,50,197,212,234,1142,471,171,146,331,826,325,1192,1234,859,918,9886,5414,6048,29,355,501,300,3699,1821
6700,32674345,343,127,125,4,33,199,275,310,50,199,215,241,1162,479,173,151,336,841,328,1213,1255,876,936,10056,5511,6137,30,359,511,311,3774,1851
6800,33194277,353,129,127,4,34,201,278,317,50,200,219,243,1171,484,176,155,342,858,337,1234,1275,895,958,10223,5588,6246,31,364,521,313,3829,1876
6900,33716334,358,131,131,4,34,207,287,322,52,202,222,248,1191,495,179,157,345,876,343,1259,1300,915,969,10374,5691,6365,31,366,537,316,3891,1899
7000,34239284,366,138,133,4,34,211,292,329,54,205,228,252,1202,513,180,159,350,896,349,1268,1321,923,986,10531,5790,6478,32,370,542,321,3954,1936
7100,34762332,370,142,135,4,35,216,296,337,54,210,230,258,1230,522,182,161,356,910,355,1289,1346,940,995,10697,5886,6585,32,376,545,325,4017,1961
7200,35285471,375,146,137,4,36,220,302,345,56,215,232,263,1257,528,188,164,361,919,364,1308,1372,957,1009,10892,5992,6696,33,380,554,330,4075,1984
7300,35809647,384,152,142,4,36,225,310,350,58,220,237,269,1279,538,192,168,369,933,369,1328,1387,973,1022,11095,6068,6799,34,386,561,335,4136,2020
7400,36333239,396,154,145,4,37,228,316,357,58,223,240,273,1294,543,195,171,373,948,378,1345,1407,984,1029,11265,6166,6898,34,392,573,339,4200,2055
7500,36858531,403,156,147,4,38,230,319,363,58,227,245,279,1315,547,199,177,376,963,381,1370,1429,996,1041,11449,6269,6997,34,398,578,347,4254,2083
7600,37385177,411,158,147,4,38,232,331,371,59,230,252,280,1338,560,200,180,382,977,389,1395,1451,1015,1061,11614,6356,7106,34,404,587,354,4322,2113
7700,37910576,414,159,150,4,38,236,335,377,59,232,252,285,1359,570,202,181,386,990,396,1414,1474,1025,1078,11800,6450,7220,34,411,597,357,4373,2142
7800,38436120,424,162,150,4,38,239,344,382,60,236,254,290,1378,580,205,185,390,1001,398,1434,1501,1040,1093,11979,6545,7320,34,421,609,362,4434,2177
7900,38962575,432,164,151,4,38,243,346,392,62,238,260,298,1396,593,209,191,395,1012,402,1463,1520,1062,1102,12160,6660,7420,34,427,619,366,4500,2216
8000,39488290,437,166,154,4,38,247,350,397,64,243,265,303,1413,600,217,194,404,1027,407,1489,1535,1068,1121,12349,6759,7519,34,432,627,369,4561,2245
8100,40013841,444,172,156,4,39,248,354,403,65,244,270,308,1432,610,219,198,411,1039,413,1512,1551,1079,1135,12531,6849,7617,34,439,636,373,4634,2271
8200,40539407,447,179,158,4,42,255,356,411,66,251,273,310,1447,616,222,200,416,1052,419,1533,1576,1096,1154,12705,6943,7722,35,443,643,377,4695,2301
8300,41063064,457,181,158,4,43,260,359,419,68,260,275,315,1459,630,225,202,422,1063,423,1548,1596,1110,1173,12900,7052,7840,35,453,649,381,4768,2336
8400,41587016,463,182,161,4,43,265,361,425,69,265,277,323,1469,640,228,208,424,1083,432,1569,1619,1122,1186,13061,7135,7938,35,460,662,388,4842,2369
8500,42112144,470,185,162,4,43,269,372,428,70,269,282,326,1489,650,232,215,428,1094,437,1587,1636,1137,1198,13251,7239,8034,35,468,671,398,4903,2403
8600,42637151,474,190,165,4,43,271,375,435,71,271,283,329,1515,654,235,219,435,1109,440,1601,1661,1154,1211,13423,7358,8127,36,477,683,400,4977,2441
8700,43162319,480,193,169,4,43,274,380,440,71,278,288,332,1534,662,242,221,444,1125,444,1617,1680,1172,1230,13610,7454,8228,38,481,698,404,5038,2476
8800,43686772,486,197,170,4,44,278,385,447,71,282,292,336,1559,673,244,224,450,1142,449,1640,1704,1185,1243,13812,7562,8333,38,487,711,405,5097,2516
8900,44211857,495,200,174,4,44,279,392,451,75,284,294,343,1578,679,245,227,458,1152,455,1662,1724,1193,1258,13966,7662,8431,38,495,722,412,5165,2549
9000,44735274,498,203,177,4,44,282,396,454,77,286,297,344,1599,686,251,228,464,1167,458,1685,1746,1204,1278,14120,7761,8526,39,502,731,416,5240,2580
9100,45261282,504,203,180,4,45,287,402,456,79,287,301,348,1622,698,257,230,468,1183,466,1698,1760,1224,1293,14280,7852,8653,40,510,740,421,5300,2618
9200,45786616,508,207,186,4,47,289,411,462,79,291,304,350,1641,705,260,234,471,1200,470,1716,1772,1241,1308,14461,7971,8757,40,515,751,424,5371,2647
9300,46312207,517,211,188,5,49,292,420,465,80,293,308,356,1660,711,260,236,477,1222,481,1732,1797,1255,1325,14653,8072,8854,40,518,762,430,5442,2676
9400,46837387,522,213,191,5,51,294,424,471,81,294,312,362,1690,716,261,240,484,1235,490,1748,1813,1272,1340,14842,8170,8972,41,526,773,436,5516,2711
9500,47362923,525,214,195,5,51,298,428,476,81,296,318,367,1705,725,264,243,494,1252,495,1767,1834,1283,1362,15004,8271,9089,42,534,777,444,5584,2737
9600,47886666,529,217,197,5,53,302,430,482,82,298,320,371,1718,734,269,245,500,1259,504,1793,1857,1299,1380,15178,8379,9211,42,537,784,445,5669,2768
9700,48410783,532,221,201,5,54,305,436,486,83,301,325,375,1727,743,272,246,505,1278,510,1816,1885,1316,1401,15344,8463,9305,43,540,791,450,5734,2810
9800,48934055,541,223,204,5,56,309,444,490,84,305,327,377,1742,752,276,248,511,1293,515,1842,1906,1333,1419,15519,8552,9421,44,548,803,457,5814,2834
9900,49457365,546,228,205,5,56,312,450,497,84,306,332,380,1766,759,278,250,516,1312,521,1866,1924,1349,1435,15710,8642,9522,44,556,811,463,5887,2859
10000,49981073,551,231,209,5,57,319,453,499,85,310,334,384,1787,772,281,254,524,1326,530,1884,1941,1361,1457,15887,8743,9628,44,564,817,470,5949,2890
10100,50503950,559,232,210,5,57,323,457,508,87,314,336,386,1810,781,284,257,529,1341,534,1904,1963,1382,1469,16064,8846,9718,45,570,831,474,6013,2930
10200,51027865,562,236,213,5,57,328,461,513,88,318,338,394,1826,788,286,259,538,1355,537,1932,1982,1404,1482,16237,8934,9818,45,573,836,481,6086,2962
10300,51551149,567,236,217,5,57,333,465,520,89,321,345,398,1846,801,290,264,541,1367,543,1950,2001,1413,1503,16418,9034,9941,45,579,842,482,6150,2998
10400,52073867,571,241,218,5,58,339,469,529,89,322,345,401,1862,813,291,265,546,1384,548,1970,2016,1435,1519,16594,9130,10070,45,588,851,486,6214,3030
10500,52596934,582,244,220,5,58,343,476,534,91,326,348,406,1882,821,295,269,555,1399,553,1997,2039,1459,1540,16749,9214,10167,45,593,854,493,6285,3062
10600,53121955,584,250,223,5,59,347,482,539,91,328,350,407,1895,827,298,272,561,1418,556,2013,2070,1467,1551,16921,9310,10272,46,600,859,500,6367,3083
10700,53647727,590,251,228,5,59,352,487,547,92,332,355,409,1919,837,299,274,565,1432,563,2033,2092,1481,1565,17072,9391,10389,46,604,868,506,6429,3118
10800,54174409,598,251,229,5,59,355,493,556,92,333,357,412,1946,846,301,279,573,1443,566,2061,2115,1495,1572,17228,9488,10488,47,606,881,512,6491,3157
10900,54701112,603,252,232,5,60,358,500,564,93,337,359,416,1967,856,304,285,579,1450,570,2085,2131,1521,1591,17410,9591,10608,47,611,885,519,6554,3190
11000,55224919,614,254,235,5,61,360,506,573,95,340,363,416,1981,863,306,291,588,1467,575,2103,2161,1536,1614,17572,9688,10741,48,618,895,530,6626,3214
11100,55748227,617,256,239,6,61,362,509,575,97,347,366,420,1995,871,310,294,595,1483,576,2118,2179,1550,1627,17745,9786,10842,49,624,902,537,6693,3247
11200,56273758,620,259,242,6,62,367,517,582,97,351,370,423,2013,876,313,296,602,1500,583,2140,2206,1570,1644,17916,9871,10972,51,629,909,547,6760,3277
11300,56795280,625,263,247,6,65,371,525,590,99,352,376,427,2047,883,316,298,609,1515,589,2168,2232,1588,1660,18113,9964,11079,52,637,922,557,6837,3311
11400,57315897,636,265,249,6,66,376,530,598,100,352,379,434,2070,891,319,301,617,1526,595,2181,2264,1609,1678,18284,10055,11182,54,643,932,568,6903,3345
11500,57836523,639,265,251,6,66,378,535,604,101,358,384,442,2083,898,324,302,623,1544,598,2203,2288,1622,1693,18450,10140,11304,55,647,941,572,6971,3378
11600,58355651,644,267,256,6,67,382,540,609,101,360,391,449,2104,906,325,303,627,1556,603,2227,2307,1636,1703,18611,10229,11429,56,656,954,573,7053,3421
11700,58875365,650,269,259,6,68,384,545,616,101,363,395,453,2136,916,325,308,634,1569,609,2250,2334,1649,1718,18782,10330,11527,56,662,965,578,7128,3448
11800,59394473,655,271,262,6,69,389,548,622,101,368,397,460,2156,924,330,309,639,1587,613,2269,2349,1664,1736,18968,10425,11621,56,665,978,586,7190,3466
11900,59913948,660,272,264,6,69,392,554,627,101,370,402,467,2171,937,334,311,648,1600,614,2298,2364,1676,1755,19157,10514,11717,56,671,987,590,7245,3495
12000,60433723,665,275,266,6,69,395,562,634,103,371,410,469,2183,944,338,315,653,1608,621,2321,2386,1685,1775,19329,10605,11816,56,679,1001,596,7311,3523
12100,60952577,671,276,269,6,69,400,564,642,104,374,412,474,2203,952,341,320,661,1623,624,2346,2415,1696,1786,19495,10720,11939,57,686,1013,601,7383,3562
12200,61469739,676,276,275,6,70,405,570,647,104,378,417,477,2228,959,343,323,663,1637,628,2363,2437,1707,1797,19685,10810,12035,57,696,1019,606,7452,3601
12300,61987347,682,282,276,6,70,409,574,651,105,381,420,487,2238,971,345,324,668,1651,635,2380,2456,1723,1814,19848,10894,12135,57,704,1025,609,7514,3633
12400,62505489,691,284,278,6,71,410,576,655,106,381,420,492,2256,976,349,328,673,1669,639,2401,2489,1738,1823,19997,10986,12233,57,709,1032,613,7588,3665
12500,63024507,692,286,279,6,73,415,579,662,108,385,422,496,2278,985,350,333,678,1685,646,2416,2506,1747,1840,20170,11081,12354,57,715,1038,616,7645,3692
12600,63543679,700,288,282,6,74,423,588,664,109,388,423,502,2302,993,352,337,681,1705,652,2436,2531,1763,1857,20350,11166,12469,57,720,1048,622,7719,3722
12700,64062102,713,290,283,6,74,429,591,669,109,391,428,510,2324,1005,357,340,687,1713,661,2456,2547,1777,1870,20518,11266,12565,58,727,1057,628,7787,3757
12800,64581376,718,291,286,6,74,434,599,673,110,391,436,512,2342,1012,358,342,691,1725,664,2478,2570,1791,1887,20700,11379,12650,59,733,1075,638,7851,3783
12900,65103441,725,293,287,6,77,439,606,680,110,392,443,515,2356,1025,361,344,700,1744,670,2508,2595,1805,1900,20862,11469,12744,61,744,1087,643,7920,3803
13000,65624580,732,294,291,6,78,439,608,687,110,394,448,520,2374,1034,364,348,706,1757,677,2537,2623,1815,1916,21063,11566,12846,61,749,1095,650,7972,3841
13100,66147817,738,298,293,6,78,440,615,690,111,397,450,527,2393,1041,368,349,719,1778,681,2570,2642,1831,1928,21245,11650,12952,61,758,1104,653,8030,3874
13200,66671448,746,299,296,6,79,442,625,695,112,401,452,529,2409,1053,372,350,727,1789,690,2585,2651,1853,1941,21435,11733,13053,61,764,1116,657,8093,3906
13300,67193727,755,300,298,6,80,444,629,701,112,404,457,535,2428,1060,375,354,730,1811,693,2596,2666,1870,1957,21613,11847,13156,61,771,1123,662,8146,3940
13400,67718417,760,304,300,6,81,446,636,711,112,408,461,539,2446,1071,378,358,737,1832,698,2613,2693,1883,1966,21785,11929,13252,61,772,1128,667,8218,3985
13500,68245127,766,304,301,6,81,449,641,715,112,411,464,541,2468,1076,381,360,742,1847,701,2638,2706,1900,1985,21971,12025,13373,62,777,1137,675,8276,4016
13600,68770388,768,306,305,6,84,450,647,720,113,415,465,544,2493,1084,385,363,749,1864,707,2657,2730,1928,1996,22163,12097,13484,63,785,1142,681,8351,4043
13700,69293615,772,307,306,6,84,454,654,723,115,417,468,549,2510,1093,386,367,760,1885,715,2681,2752,1944,2011,22329,12194,13590,65,797,1147,686,8422,4092
13800,69815267,780,307,308,6,84,461,661,728,117,426,478,553,2531,1100,388,371,764,1898,719,2700,2772,1956,2023,22518,12270,13686,66,813,1156,693,8493,4136
13900,70336695,789,310,309,6,84,464,666,733,119,429,480,563,2558,1114,392,376,771,1914,727,2724,2791,1971,2038,22707,12359,13781,68,817,1163,698,8546,4176
14000,70857704,797,311,310,6,85,465,671,742,121,430,486,567,2580,1126,396,377,773,1934,734,2750,2804,1983,2052,22861,12451,13900,68,823,1179,702,8612,4205
14100,71378376,806,312,313,6,85,469,677,747,121,435,489,571,2595,1133,399,379,777,1949,738,2768,2829,1995,2069,23047,12567,14005,68,826,1187,709,8677,4246
14200,71898481,813,313,315,6,85,473,681,753,123,441,493,579,2616,1139,403,383,783,1959,744,2803,2845,2013,2090,23210,12664,14110,68,832,1196,715,8744,4282
14300,72421349,815,314,316,6,85,481,684,758,124,442,499,587,2635,1145,406,385,790,1972,747,2829,2868,2025,2105,23381,12763,14209,69,838,1201,723,8798,4311
14400,72944513,819,315,318,6,87,488,693,764,124,446,503,590,2655,1156,408,391,798,1994,753,2849,2890,2042,2122,23557,12851,14313,70,848,1213,729,8859,4338
14500,73466880,823,316,321,6,89,489,697,768,129,450,506,595,2673,1165,410,393,802,2008,758,2867,2922,2052,2131,23753,12953,14411,70,853,1222,735,8922,4363
14600,73990195,830,319,322,6,90,493,704,772,131,454,508,599,2695,1176,411,393,807,2020,765,2889,2938,2067,2149,23953,13048,14497,71,862,1228,743,8992,4392
14700,74515750,835,321,323,6,92,497,710,775,132,459,510,609,2712,1185,414,394,812,2033,768,2909,2959,2079,2160,24130,13149,14606,71,867,1237,747,9072,4431
14800,75040912,838,323,324,6,92,503,710,784,134,463,513,613,2735,1193,417,395,821,2045,772,2943,2985,2097,2169,24298,13245,14729,72,872,1247,754,9124,4474
14900,75563483,844,327,324,6,94,507,714,785,134,465,518,616,2757,1198,418,396,828,2059,778,2973,3007,2109,2183,24477,13349,14846,72,879,1260,761,9192,4505
15000,76086460,853,328,327,6,96,512,723,789,134,466,522,619,2775,1207,426,397,832,2071,781,2987,3026,2128,2204,24654,13446,14951,73,888,1270,767,9247,4539
15100,76607637,863,329,328,6,98,518,730,794,135,470,530,626,2800,1213,432,402,836,2084,790,3011,3049,2141,2225,24817,13534,15047,73,897,1283,773,9327,4568
15200,77130095,870,331,329,6,100,521,738,798,137,476,534,631,2822,1221,435,404,838,2103,793,3031,3072,2163,2241,24983,13635,15145,73,904,1293,779,9379,4597
15300,77653365,876,334,330,6,101,522,743,804,137,478,538,634,2836,1226,436,406,841,2115,797,3046,3094,2175,2257,25162,13717,15249,74,911,1300,787,9452,4629
15400,78176249,881,336,332,6,101,526,749,810,137,482,543,643,2863,1234,437,408,845,2133,806,3064,3113,2192,2272,25356,13828,15347,75,916,1312,790,9517,4666
15500,78699251,885,338,332,6,101,528,753,815,138,487,544,644,2885,1247,442,411,851,2157,810,3092,3142,2213,2290,25512,13932,15460,76,920,1322,793,9570,4707
15600,79221211,891,339,335,6,104,537,757,823,139,495,550,652,2904,1260,446,414,861,2175,819,3113,3162,2227,2303,25686,14042,15554,77,934,1334,797,9629,4736
15700,79744374,896,341,336,6,104,541,762,829,142,495,553,654,2926,1267,448,415,869,2196,823,3138,3191,2244,2322,25867,14117,15651,77,945,1343,799,9709,4774
15800,80267537,899,343,337,6,104,549,766,833,144,498,557,661,2936,1273,452,421,873,2223,828,3155,3207,2259,2335,26030,14192,15750,78,951,1354,800,9772,4814
15900,80790540,909,344,340,6,106,554,773,837,145,501,559,664,2960,1282,453,423,878,2238,831,3174,3229,2272,2354,26228,14297,15862,78,954,1361,804,9837,4848
16000,81312694,913,348,342,6,107,557,778,846,146,506,562,669,2980,1289,458,425,888,2260,834,3194,3252,2291,2366,26388,14394,15980,78,961,1368,805,9915,4870
16100,81833707,921,348,347,6,107,563,786,852,147,511,569,673,2997,1293,460,431,894,2274,838,3219,3276,2305,2377,26579,14492,16100,78,968,1378,815,9979,4909
16200,82355071,927,349,347,6,107,565,799,854,147,512,574,675,3018,1303,462,433,900,2291,848,3248,3298,2325,2391,26749,14576,16209,78,972,1388,823,10046,4928
16300,82876888,930,349,347,6,107,575,807,858,148,515,578,680,3039,1305,463,437,904,2308,853,3266,3322,2336,2407,26951,14671,16325,78,981,1398,831,10111,4966
16400,83396232,938,352,348,6,108,578,811,863,149,517,582,684,3054,1310,464,441,912,2322,857,3285,3340,2357,2425,27133,14751,16440,79,989,1410,834,10202,4999
16500,83914037,940,353,349,6,108,585,817,870,149,527,584,689,3078,1320,466,449,924,2339,859,3313,3358,2377,2442,27312,14868,16552,81,993,1415,838,10277,5029
16600,84430204,948,354,351,6,110,591,821,874,152,529,589,689,3098,1329,471,453,934,2353,867,3333,3391,2397,2451,27481,14955,16637,81,1003,1419,843,10346,5068
16700,84945827,953,356,353,6,111,595,824,880,152,531,594,692,3118,1340,475,457,941,2369,872,3360,3406,2415,2471,27658,15025,16725,81,1010,1431,850,10410,5098
16800,85465934,957,362,355,6,113,599,830,886,153,537,597,695,3134,1346,476,457,946,2382,875,3386,3424,2427,2485,27859,15115,16824,81,1017,1441,857,10470,5129
16900,85987178,963,363,357,6,113,603,835,892,154,539,601,700,3155,1356,478,462,949,2398,882,3413,3444,2445,2498,28051,15193,16913,81,1022,1451,861,10531,5161
17000,86509508,969,364,362,6,114,607,841,897,154,543,606,704,3174,1365,481,467,959,2419,887,3430,3475,2464,2515,28245,15285,17036,81,1030,1460,868,10590,5196
17100,87031001,973,366,362,6,115,617,844,901,154,547,609,710,3202,1370,488,471,961,2443,894,3450,3496,2477,2529,28413,15382,17142,81,1036,1468,872,10650,5230
17200,87551842,974,369,364,6,116,619,847,905,155,552,613,712,3218,1375,492,473,963,2461,899,3471,3520,2498,2538,28600,15474,17260,82,1041,1475,878,10707,5262
17300,88072630,980,370,364,6,116,620,857,910,157,555,615,720,3245,1385,496,475,972,2474,911,3491,3543,2525,2552,28759,15573,17376,83,1046,1481,881,10765,5287
17400,88594349,984,371,367,6,118,626,860,913,159,557,619,722,3271,1399,500,477,975,2489,916,3512,3558,2539,2574,28915,15665,17478,84,1057,1491,886,10834,5317
17500,89116899,986,375,370,6,119,627,865,919,159,562,623,726,3305,1408,503,479,980,2501,922,3526,3572,2559,2590,29083,15746,17592,85,1063,1504,890,10898,5354
17600,89641737,990,376,371,6,120,630,871,926,160,562,625,731,3324,1418,503,480,987,2513,928,3554,3596,2573,2605,29283,15841,17685,85,1082,1514,891,10947,5395
17700,90164998,1003,376,372,6,120,633,878,931,160,562,627,735,3346,1431,506,487,989,2525,938,3581,3615,2584,2617,29471,15933,17791,87,1093,1524,899,11011,5432
17800,90688806,1007,378,375,6,120,636,884,936,161,567,634,740,3366,1440,509,493,994,2534,942,3599,3635,2601,2637,29623,16041,17891,87,1102,1538,902,11069,5464
17900,91211767,1017,379,377,6,120,641,890,938,161,569,641,746,3389,1454,511,497,1000,2547,952,3624,3658,2619,2653,29801,16146,18024,89,1106,1548,906,11135,5499
18000,91734226,1026,381,379,7,121,645,894,944,163,569,645,750,3412,1464,513,502,1009,2567,953,3645,3681,2632,2668,29962,16253,18132,89,1111,1551,908,11215,5517
18100,92256269,1031,383,381,7,122,650,901,948,163,574,647,755,3429,1476,517,504,1012,2580,958,3671,3703,2651,2680,30134,16350,18233,89,1117,1560,912,11275,5551
18200,92780018,1041,385,382,7,123,653,907,950,163,577,653,759,3448,1483,521,507,1021,2598,964,3693,3735,2665,2697,30294,16454,18330,89,1124,1568,929,11348,5583
18300,93305462,1050,386,385,7,126,657,913,954,164,582,657,764,3460,1495,527,511,1027,2618,971,3710,3753,2686,2715,30470,16552,18430,90,1127,1575,933,11415,5619
18400,93827560,1056,391,389,7,127,658,917,958,165,584,659,769,3481,1502,533,511,1031,2630,977,3740,3774,2712,2727,30633,16659,18574,90,1135,1582,940,11481,5657
18500,94347626,1062,395,390,7,127,667,920,964,165,590,659,771,3501,1512,536,515,1038,2646,982,3755,3794,2731,2735,30818,16763,18671,90,1140,1590,944,11551,5693
18600,94867782,1067,398,392,7,127,667,922,971,166,593,663,779,3520,1518,538,520,1044,2657,991,3780,3818,2746,2746,30997,16854,18781,90,1148,1597,948,11621,5722
18700,95388895,1077,400,394,7,128,669,924,973,167,597,663,783,3540,1529,541,523,1050,2668,995,3808,3838,2764,2762,31170,16945,18883,91,1151,1606,953,11684,5755
18800,95911265,1081,406,397,7,129,673,930,977,167,603,667,788,3559,1534,546,527,1056,2686,999,3822,3861,2781,2775,31358,17049,18992,91,1153,1612,961,11765,5778
18900,96431516,1085,407,398,7,129,676,936,983,168,608,671,795,3571,1545,550,528,1062,2697,1007,3852,3873,2799,2787,31528,17151,19099,91,1162,1624,967,11827,5832
19000,96951514,1090,409,400,7,131,685,941,992,169,613,681,797,3598,1553,551,532,1069,2709,1014,3870,3893,2819,2806,31700,17247,19195,91,1168,1636,972,11874,5870
19100,97470331,1095,413,404,7,132,692,949,994,173,614,683,800,3622,1561,553,537,1074,2726,1017,3891,3916,2837,2828,31868,17360,19316,95,1173,1643,978,11939,5903
19200,97989392,1099,417,409,7,132,694,953,998,175,620,687,804,3645,1570,554,540,1078,2745,1024,3914,3932,2852,2842,32039,17438,19416,95,1180,1653,984,12018,5940
19300,98506993,1108,419,414,7,133,699,960,1003,177,624,693,808,3665,1580,557,545,1080,2756,1031,3933,3950,2871,2862,32198,17539,19520,96,1189,1662,991,12081,5969
19400,99024138,1115,423,417,7,134,701,969,1007,178,630,695,816,3684,1592,564,549,1083,2768,1038,3947,3981,2897,2873,32373,17625,19623,97,1194,1680,994,12156,6003
19500,99542086,1125,427,419,7,134,702,979,1012,178,632,699,819,3712,1600,569,551,1085,2787,1046,3971,3997,2914,2892,32558,17725,19735,99,1200,1687,999,12218,6025
19600,100061685,1128,429,420,7,134,711,985,1014,179,636,700,825,3728,1607,571,556,1094,2806,1053,3987,4029,2936,2906,32718,17827,19830,100,1203,1698,1001,12284,6052
19700,100583080,1133,433,422,7,134,716,990,1016,179,641,705,827,3753,1615,574,558,1100,2824,1058,4013,4053,2952,2923,32914,17926,19943,100,1213,1700,1006,12357,6088
19800,101101686,1141,437,424,7,134,718,1001,1020,179,644,709,831,3771,1627,575,561,1106,2834,1064,4029,4085,2963,2936,33079,18027,20031,100,1224,1714,1014,12420,6119
19900,101618966,1148,438,425,7,134,720,1004,1023,179,645,714,836,3790,1631,576,562,1113,2842,1068,4042,4108,2980,2952,33268,18128,20140,100,1230,1722,1021,12491,6150
20000,102138086,1154,438,431,7,134,727,1009,1025,180,649,717,840,3809,1640,577,569,1121,2854,1078,4066,4133,2998,2968,33432,18215,20242,100,1236,1726,1026,12546,6182
20100,102658388,1162,438,431,7,135,729,1012,1029,182,652,722,844,3829,1651,583,571,1124,2868,1080,4088,4158,3013,2990,33596,18304,20343,101,1241,1738,1031,12619,6211
20200,103182703,1169,438,431,7,136,729,1020,1036,182,656,726,847,3848,1655,584,574,1130,2879,1086,4110,4183,3033,3003,33767,18397,20446,102,1247,1745,1039,12685,6241
20300,103708243,1175,441,432,7,136,734,1022,1045,182,658,732,848,3859,1660,585,577,1134,2894,1088,4132,4203,3050,3017,33941,18486,20552,103,1256,1756,1044,12760,6271
20400,104232994,1180,445,435,7,137,738,1032,1048,182,664,736,850,3876,1668,587,581,1138,2903,1090,4149,4229,3068,3034,34125,18587,20649,103,1262,1767,1048,12824,6307
20500,104756719,1191,448,436,7,139,744,1035,1058,183,666,738,857,3893,1679,589,584,1141,2920,1098,4170,4242,3081,3049,34317,18686,20768,104,1269,1776,1055,12885,6337
20600,105279625,1198,448,436,7,139,746,1038,1071,184,669,742,859,3915,1691,593,586,1147,2929,1104,4192,4256,3097,3060,34483,18788,20873,104,1275,1780,1059,12965,6368
20700,105801545,1204,448,440,7,139,753,1043,1076,184,675,744,864,3929,1704,595,587,1156,2938,1112,4215,4279,3114,3077,34656,18905,20983,104,1282,1784,1064,13030,6404
20800,106322731,1212,449,442,7,140,755,1045,1082,184,678,750,872,3953,1708,600,590,1160,2957,1117,4237,4298,3133,3088,34821,19005,21093,105,1288,1790,1070,13091,6444
20900,106843121,1214,453,444,7,141,757,1050,1090,186,681,753,876,3971,1716,602,598,1167,2971,1123,4252,4318,3153,3100,34980,19115,21195,105,1291,1799,1078,13149,6480
21000,107363773,1218,454,446,7,144,759,1054,1096,186,685,754,882,3993,1728,606,599,1179,2983,1129,4278,4342,3161,3113,35160,19203,21308,105,1296,1807,1089,13231,6513
21100,107880106,1225,456,447,7,144,762,1058,1098,186,687,762,885,4012,1732,607,601,1187,2997,1134,4311,4363,3175,3126,35351,19300,21418,106,1303,1813,1102,13306,6542
21200,108398596,1231,458,449,8,144,763,1061,1102,187,691,768,894,4039,1740,607,605,1193,3015,1141,4332,4383,3188,3140,35509,19387,21515,106,1310,1821,1103,13356,6576
21300,108916394,1239,458,451,8,144,770,1067,1108,188,697,772,896,4061,1750,610,607,1197,3024,1148,4361,4408,3200,3160,35683,19489,21616,107,1316,1831,1108,13415,6595
21400,109433680,1242,460,452,8,144,773,1071,1113,192,701,773,902,4076,1761,616,609,1205,3043,1152,4395,4424,3223,3172,35853,19578,21733,107,1322,1843,1114,13480,6624
21500,109953409,1248,465,454,8,145,773,1074,1116,194,701,775,905,4097,1769,617,610,1213,3056,1157,4409,4446,3233,3189,36027,19674,21829,107,1329,1852,1119,13556,6660
21600,110474784,1257,468,454,8,145,779,1083,1119,196,705,777,913,4117,1776,619,614,1218,3073,1167,4428,4467,3243,3203,36183,19774,21936,107,1335,1859,1124,13625,6687
21700,110995310,1258,468,457,8,145,783,1089,1124,198,709,784,916,4138,1787,622,615,1221,3087,1172,4444,4487,3263,3221,36353,19876,22032,107,1339,1870,1128,13690,6720
21800,111515604,1262,472,457,8,145,787,1094,1129,199,713,784,924,4160,1793,624,616,1227,3098,1180,4464,4511,3277,3239,36516,19962,22142,107,1343,1874,1131,13753,6748
21900,112036239,1265,473,460,9,145,789,1101,1136,200,717,786,930,4177,1800,625,619,1232,3111,1189,4483,4540,3295,3257,36701,20062,22250,107,1349,1881,1138,13831,6779
22000,112556459,1273,475,462,9,145,793,1103,1143,201,722,789,935,4195,1808,626,620,1236,3123,1192,4502,4561,3309,3268,36875,20161,22349,107,1356,1892,1147,13905,6823
22100,113076377,1280,478,463,9,146,796,1110,1144,202,729,793,938,4216,1816,630,621,1242,3137,1200,4524,4582,3323,3287,37047,20245,22467,108,1368,1903,1151,13969,6855
22200,113598165,1287,482,463,9,146,803,1120,1153,203,737,796,938,4238,1825,635,623,1246,3148,1211,4540,4598,3342,3305,37198,20335,22571,108,1378,1912,1156,14027,6882
22300,114120230,1294,485,465,9,146,807,1131,1160,204,741,797,939,4257,1838,640,625,1252,3170,1215,4560,4621,3361,3321,37375,20437,22681,108,1384,1928,1158,14097,6927
22400,114642133,1298,486,466,9,146,812,1137,1162,205,746,807,941,4282,1846,643,628,1257,3183,1218,4580,4640,3373,3334,37546,20522,22776,108,1394,1941,1160,14171,6963
22500,115163729,1309,489,469,9,149,815,1142,1169,207,749,811,945,4299,1855,647,631,1265,3204,1223,4605,4659,3397,3350,37728,20613,22880,108,1404,1954,1164,14253,6991
22600,115683789,1317,492,469,10,150,820,1146,1177,209,751,815,948,4319,1861,651,636,1267,3220,1229,4622,4684,3414,3364,37894,20707,23002,108,1409,1961,1165,14316,7028
22700,116204100,1322,494,469,10,151,824,1150,1184,210,756,818,953,4342,1866,652,640,1271,3231,1233,4648,4705,3428,3381,38065,20808,23108,108,1413,1970,1175,14370,7072
22800,116723447,1327,497,469,10,151,828,1162,1192,212,761,826,957,4361,1876,655,642,1276,3241,1240,4661,4719,3438,3398,38264,20900,23212,109,1425,1976,1179,14443,7107
22900,117243374,1334,500,472,10,151,831,1166,1197,212,763,832,959,4374,1887,655,642,1278,3258,1245,4684,4735,3459,3412,38446,20993,23309,109,1433,1983,1185,14494,7140
23000,117764053,1345,501,474,10,152,838,1172,1206,212,765,832,963,4400,1897,656,644,1280,3272,1247,4700,4760,3475,3423,38618,21088,23438,109,1439,1995,1192,14562,7178
23100,118284367,1351,504,477,10,152,839,1181,1209,213,766,835,967,4419,1904,657,650,1284,3290,1249,4720,4779,3485,3441,38791,21168,23554,109,1446,1999,1199,14620,7207
23200,118805860,1361,507,479,10,153,843,1187,1215,214,771,840,972,4444,1916,660,653,1288,3307,1256,4747,4802,3502,3457,38966,21266,23664,109,1454,2005,1204,14690,7239
23300,119325410,1365,509,480,10,154,848,1194,1219,214,775,846,977,4474,1920,665,658,1292,3321,1261,4766,4828,3518,3473,39144,21369,23771,110,1462,2021,1210,14773,7271
23400,119842386,1369,512,484,10,155,851,1200,1221,215,777,852,979,4498,1930,668,660,1303,3338,1268,4790,4845,3538,3486,39329,21467,23888,110,1473,2032,1217,14835,7302
23500,120360150,1374,513,487,10,158,852,1203,1223,216,780,853,981,4516,1937,670,663,1311,3351,1274,4808,4869,3552,3500,39481,21577,23984,111,1479,2038,1220,14901,7341
23600,120879536,1383,515,491,11,159,854,1207,1232,218,783,859,982,4538,1941,671,665,1316,3365,1278,4834,4891,3568,3516,39630,21663,24087,111,1484,2052,1224,14963,7377
23700,121400589,1390,518,494,11,159,859,1212,1237,219,784,862,986,4547,1946,673,670,1317,3387,1286,4851,4904,3582,3530,39798,21764,24204,111,1490,2062,1230,15022,7405
23800,121922509,1394,521,495,11,160,860,1216,1245,219,787,865,991,4569,1959,677,673,1322,3401,1289,4871,4924,3602,3549,39981,21846,24328,113,1493,2070,1235,15101,7437
23900,122443235,1399,522,500,12,161,865,1221,1250,219,791,867,998,4592,1962,680,675,1324,3419,1302,4899,4947,3612,3560,40176,21932,24431,114,1500,2078,1238,15163,7474
24000,122961837,1404,525,502,12,163,870,1221,1253,220,792,873,1001,4610,1966,681,677,1331,3433,1309,4919,4970,3632,3574,40349,22042,24542,115,1507,2086,1241,15224,7507
24100,123482306,1409,525,503,12,164,871,1226,1260,220,794,881,1010,4633,1977,686,679,1340,3449,1312,4937,4989,3644,3588,40507,22146,24638,115,1513,2096,1247,15298,7540
24200,124002015,1416,527,505,12,164,877,1233,1261,220,797,884,1017,4656,1982,686,685,1347,3465,1319,4965,5015,3657,3602,40665,22225,24746,115,1523,2105,1257,15370,7575
24300,124522546,1423,529,506,12,164,881,1242,1269,221,801,889,1018,4681,1984,689,688,1353,3475,1327,4976,5036,3671,3616,40831,22323,24852,115,1531,2114,1264,15446,7612
24400,125042433,1430,529,508,12,164,882,1247,1271,223,804,890,1020,4692,1988,693,691,1359,3490,1328,5001,5056,3688,3641,41021,22414,24956,115,1536,2119,1269,15510,7644
24500,125561569,1436,534,510,12,164,888,1253,1274,225,807,896,1027,4714,1996,696,696,1364,3500,1332,5023,5079,3705,3667,41186,22525,25061,116,1538,2129,1274,15580,7677
24600,126079828,1441,536,513,12,166,892,1260,1277,225,810,901,1032,4731,2004,702,697,1367,3519,1337,5041,5103,3728,3682,41344,22616,25171,117,1540,2138,1282,15648,7713
24700,126599498,1444,539,514,13,166,897,1265,1284,227,813,905,1036,4750,2018,704,701,1375,3531,1348,5062,5123,3736,3697,41504,22704,25281,118,1545,2149,1287,15719,7738
24800,127119632,1450,540,516,13,168,899,1270,1292,227,817,906,1042,4769,2025,708,701,1380,3543,1354,5093,5146,3758,3710,41664,22798,25384,118,1558,2154,1291,15766,7786
24900,127642372,1456,541,517,13,169,901,1275,1296,228,820,909,1046,4790,2031,712,703,1386,3562,1362,5117,5163,3778,3728,41814,22886,25488,119,1563,2167,1298,15825,7819
25000,128163452,1459,543,520,13,171,906,1279,1303,230,822,914,1049,4811,2042,715,705,1389,3578,1364,5136,5180,3793,3741,42001,22976,25595,119,1566,2176,1304,15906,7858
25100,128683554,1462,544,520,13,172,909,1285,1304,230,825,916,1058,4834,2052,719,708,1396,3592,1369,5155,5208,3808,3754,42167,23089,25710,120,1578,2178,1307,15965,7887
25200,129204293,1471,546,525,13,174,916,1291,1311,232,829,918,1061,4852,2061,723,709,1400,3603,1373,5174,5234,3820,3775,42317,23178,25813,120,1586,2189,1312,16023,7919
25300,129725498,1474,546,527,13,174,919,1295,1314,233,833,923,1066,4865,2069,726,712,1408,3613,1378,5194,5255,3839,3790,42489,23261,25926,121,1589,2198,1318,16092,7958
25400,130247959,1485,550,527,13,174,921,1300,1316,236,837,931,1068,4880,2074,727,713,1411,3628,1381,5213,5278,3851,3807,42672,23351,26041,121,1594,2206,1324,16171,7990
25500,130771586,1494,552,531,13,175,926,1303,1320,237,841,934,1077,4900,2083,730,716,1416,3642,1392,5234,5307,3860,3816,42835,23461,26163,122,1605,2217,1329,16239,8024
25600,131292601,1499,555,532,13,176,927,1308,1325,237,848,940,1084,4924,2095,733,716,1418,3651,1396,5258,5329,3873,3824,43029,23544,26263,123,1610,2236,1337,16313,8059
25700,131811180,1507,558,535,13,176,931,1317,1327,240,851,945,1087,4942,2106,736,718,1425,3665,1402,5284,5344,3889,3839,43196,23633,26383,124,1614,2250,1345,16377,8092
25800,132327827,1511,560,536,14,177,935,1321,1334,240,854,950,1089,4968,2114,737,721,1430,3682,1407,5295,5365,3911,3853,43379,23753,26489,124,1620,2254,1356,16435,8135
25900,132844118,1516,562,538,14,178,940,1322,1341,241,862,954,1091,4989,2119,739,723,1432,3693,1413,5318,5386,3925,3873,43544,23839,26601,124,1629,2261,1360,16509,8167
26000,133359765,1524,565,539,14,179,944,1326,1348,242,864,959,1098,5006,2127,742,726,1434,3706,1418,5335,5404,3939,3891,43694,23940,26700,125,1635,2271,1364,16572,8194
26100,133877235,1528,567,542,14,180,947,1336,1351,246,868,966,1103,5026,2135,744,727,1437,3722,1429,5355,5432,3952,3912,43859,24018,26818,126,1638,2279,1369,16640,8229
26200,134396689,1532,569,542,14,181,949,1342,1357,250,871,969,1107,5042,2142,746,732,1445,3736,1433,5375,5462,3975,3929,44015,24112,26917,127,1643,2290,1373,16711,8263
26300,134914274,1537,570,543,14,181,953,1345,1360,252,873,973,1111,5060,2149,747,732,1452,3750,1437,5403,5494,3990,3939,44194,24205,27032,127,1650,2291,1379,16791,8304
26400,135432535,1543,574,547,14,181,956,1347,1365,256,880,975,1115,5083,2158,750,735,1463,3759,1442,5424,5519,4003,3950,44380,24291,27134,127,1654,2299,1384,16860,8334
26500,135951731,1550,578,550,14,182,959,1351,1369,256,882,976,1120,5104,2165,752,738,1473,3771,1447,5446,5541,4022,3965,44577,24399,27233,127,1661,2305,1394,16935,8364
26600,136469961,1553,580,553,14,184,960,1353,1375,257,885,985,1124,5126,2168,754,739,1474,3785,1451,5468,5556,4037,3982,44743,24488,27332,128,1669,2311,1404,16996,8397
26700,136989949,1557,583,555,14,185,963,1355,1382,257,887,987,1126,5149,2174,758,745,1479,3806,1457,5496,5574,4051,3996,44935,24587,27444,128,1675,2322,1407,17058,8422
26800,137507716,1562,587,555,14,187,970,1359,1388,257,889,991,1135,5162,2184,759,748,1486,3821,1463,5521,5593,4064,4011,45122,24684,27557,129,1679,2335,1409,17143,8455
26900,138026135,1569,588,559,14,187,970,1365,1392,257,895,992,1136,5177,2195,762,749,1487,3837,1466,5535,5617,4078,4029,45283,24773,27655,130,1685,2340,1411,17211,8483
27000,138543823,1571,590,560,14,190,975,1371,1398,257,898,997,1139,5200,2205,764,753,1491,3853,1472,5562,5640,4091,4049,45449,24864,27773,130,1692,2347,1416,17281,8504
27100,139063177,1574,593,562,14,192,978,1375,1405,258,902,1003,1144,5227,2211,769,755,1496,3868,1481,5582,5660,4104,4057,45617,24978,27876,130,1699,2354,1418,17338,8523
27200,139583633,1579,595,564,14,192,979,1379,1413,258,905,1007,1151,5245,2219,773,759,1504,3879,1486,5604,5684,4125,4074,45789,25063,27987,130,1704,2365,1423,17403,8548
27300,140105368,1585,599,569,14,193,982,1383,1416,258,906,1013,1155,5268,2225,776,761,1509,3894,1489,5625,5704,4140,4084,45963,25147,28082,131,1711,2376,1427,17483,8575
27400,140627646,1588,604,571,14,193,986,1390,1425,258,913,1022,1161,5288,2233,780,764,1516,3914,1496,5641,5721,4153,4099,46143,25250,28176,131,1712,2383,1434,17549,8612
27500,141149122,1595,605,575,14,194,988,1393,1429,259,916,1023,1167,5313,2243,784,769,1521,3925,1501,5667,5749,4170,4113,46336,25339,28298,131,1719,2390,1444,17623,8632
27600,141670413,1601,609,578,14,194,992,1399,1435,259,919,1025,1170,5328,2249,787,771,1522,3937,1505,5682,5768,4183,4130,46501,25432,28396,131,1727,2409,1447,17692,8659
27700,142192838,1605,611,579,14,194,994,1402,1440,260,922,1030,1178,5349,2263,787,773,1526,3952,1512,5701,5792,4200,4145,46664,25538,28515,134,1734,2416,1451,17766,8692
27800,142712506,1616,613,583,14,194,998,1405,1448,260,927,1034,1181,5369,2270,791,777,1533,3965,1514,5727,5819,4220,4162,46822,25654,28629,134,1743,2429,1457,17820,8732
27900,143232944,1623,614,584,14,195,1000,1409,1449,262,930,1040,1189,5395,2276,793,781,1536,3986,1523,5749,5848,4240,4174,47006,25756,28736,134,1752,2435,1460,17901,8759
28000,143752665,1629,616,586,14,195,1003,1419,1454,266,935,1046,1193,5417,2284,795,784,1539,3995,1530,5774,5863,4256,4196,47152,25856,28838,134,1762,2442,1466,17957,8801
28100,144274889,1637,618,589,14,195,1007,1421,1459,266,941,1051,1197,5437,2296,799,788,1543,4003,1537,5789,5881,4268,4209,47314,25940,28958,135,1769,2451,1471,18036,8835
28200,144796768,1644,622,590,14,196,1011,1425,1465,266,944,1055,1198,5456,2306,802,791,1553,4017,1543,5807,5899,4286,4223,47504,26044,29059,138,1771,2461,1478,18100,8869
28300,145318582,1650,622,590,14,198,1017,1431,1472,268,946,1060,1203,5477,2314,804,792,1558,4032,1546,5830,5915,4307,4241,47685,26152,29164,138,1773,2468,1481,18173,8900
28400,145840569,1655,624,596,14,199,1022,1436,1476,268,949,1064,1208,5489,2326,807,793,1563,4048,1554,5849,5931,4324,4256,47870,26242,29256,138,1777,2474,1488,18235,8936
28500,146362672,1663,625,598,14,199,1026,1441,1480,268,951,1066,1210,5508,2332,808,797,1565,4057,1565,5876,5952,4347,4272,48034,26353,29349,138,1781,2480,1492,18309,8975
28600,146886804,1668,627,601,14,200,1029,1446,1485,268,956,1069,1219,5533,2343,810,799,1572,4076,1567,5895,5960,4360,4291,48217,26443,29447,139,1787,2483,1497,18370,9018
28700,147409998,1675,630,604,14,200,1032,1454,1492,269,958,1074,1221,5558,2350,811,804,1575,4088,1576,5917,5983,4376,4310,48392,26545,29554,140,1793,2494,1501,18433,9064
28800,147932560,1682,632,606,14,200,1035,1457,1497,271,961,1078,1224,5576,2362,816,807,1578,4099,1580,5937,6001,4396,4324,48565,26630,29648,141,1798,2505,1504,18502,9094
28900,148453217,1688,633,607,14,201,1040,1460,1499,274,965,1081,1228,5593,2374,819,810,1582,4120,1590,5956,6018,4410,4341,48737,26726,29745,142,1804,2507,1511,18560,9121
29000,148972884,1695,635,609,14,201,1043,1468,1505,275,965,1083,1231,5612,2381,823,817,1588,4131,1594,5983,6039,4432,4358,48898,26822,29834,142,1810,2516,1518,18633,9157
29100,149493087,1699,635,613,14,202,1047,1475,1506,275,969,1086,1237,5629,2392,825,822,1593,4145,1603,6008,6062,4443,4375,49052,26909,29954,143,1816,2522,1522,18708,9186
29200,150012465,1710,637,617,14,205,1049,1482,1513,278,974,1088,1240,5650,2399,828,825,1598,4160,1607,6023,6080,4465,4392,49230,27000,30052,144,1822,2523,1529,18792,9215
29300,150531893,1714,639,617,14,205,1052,1486,1519,278,977,1092,1245,5673,2410,830,827,1604,4173,1612,6044,6101,4483,4406,49399,27097,30160,144,1824,2537,1532,18855,9249
29400,151052276,1723,643,619,14,205,1060,1494,1521,278,980,1099,1247,5693,2417,834,832,1613,4184,1614,6061,6117,4497,4420,49574,27196,30268,144,1828,2545,1540,18928,9276
29500,151573417,1729,645,621,14,207,1062,1501,1527,279,986,1106,1251,5710,2428,836,833,1618,4197,1615,6083,6135,4513,4443,49744,27287,30374,144,1838,2553,1548,18991,9315
29600,152095823,1738,648,621,14,208,1066,1506,1537,279,991,1110,1253,5727,2438,842,837,1623,4216,1623,6106,6152,4524,4461,49923,27396,30475,146,1842,2561,1557,19062,9345
29700,152618287,1748,651,622,14,210,1069,1514,1541,283,997,1115,1255,5744,2450,844,841,1626,4235,1627,6130,6172,4540,4483,50098,27496,30582,148,1851,2565,1562,19130,9364
29800,153140682,1760,653,624,14,210,1077,1516,1548,285,1001,1119,1263,5762,2457,848,845,1630,4253,1634,6155,6199,4553,4499,50263,27580,30681,148,1856,2577,1564,19199,9391
29900,153661436,1768,654,628,14,211,1080,1522,1553,287,1003,1122,1267,5779,2465,850,848,1638,4271,1642,6182,6213,4575,4518,50438,27686,30793,148,1862,2587,1569,19272,9425
30000,154184082,1772,655,631,14,212,1082,1528,1557,287,1007,1129,1271,5800,2472,851,850,1644,4289,1645,6199,6230,4593,4533,50593,27782,30900,149,1867,2591,1573,19336,9462
