t , Ki , Mi , Ni , Vxi , Vyi , Vzi , Txi , Tyi , Tzi
0 , 116.038 , 0.0386793 , 3e+21 , 3.99177 , -2.88466 , 0.872561 , 0.0259345 , 0.0258865 , 0.0255303
2.96211e-08 , 116.038 , 0.0386793 , 3e+21 , 3.99177 , -2.88466 , 0.872561 , 0.0259345 , 0.0258865 , 0.0255303
5.92423e-08 , 116.038 , 0.0386793 , 3e+21 , 3.99177 , -2.88466 , 0.872561 , 0.0259345 , 0.0258865 , 0.0255303
8.88634e-08 , 116.038 , 0.0386793 , 3e+21 , 3.99177 , -2.88466 , 0.872561 , 0.0259345 , 0.0258865 , 0.0255303
1.18485e-07 , 116.038 , 0.0386793 , 3e+21 , 3.99177 , -2.88466 , 0.872561 , 0.0259345 , 0.0258865 , 0.0255303
1.48106e-07 , 116.038 , 0.0386793 , 3e+21 , 3.99177 , -2.88466 , 0.872561 , 0.0259345 , 0.0258865 , 0.0255303
1.77727e-07 , 116.038 , 0.0386793 , 3e+21 , 3.99177 , -2.88466 , 0.872561 , 0.0259345 , 0.0258865 , 0.0255303
2.07348e-07 , 116.038 , 0.0386793 , 3e+21 , 3.99177 , -2.88466 , 0.872561 , 0.0259345 , 0.0258865 , 0.0255303
2.36969e-07 , 116.038 , 0.0386793 , 3e+21 , 3.99177 , -2.88466 , 0.872561 , 0.0259345 , 0.0258865 , 0.0255303
2.6659e-07 , 116.038 , 0.0386793 , 3e+21 , 3.99177 , -2.88466 , 0.872561 , 0.0259345 , 0.0258865 , 0.0255303
2.96211e-07 , 116.038 , 0.0386793 , 3e+21 , 3.99177 , -2.88466 , 0.872561 , 0.0259345 , 0.0258865 , 0.0255303
3.25833e-07 , 116.038 , 0.0386793 , 3e+21 , 3.99177 , -2.88466 , 0.872561 , 0.0259345 , 0.0258865 , 0.0255303
3.55454e-07 , 116.038 , 0.0386793 , 3e+21 , 3.99177 , -2.88466 , 0.872561 , 0.0259345 , 0.0258865 , 0.0255303
3.85075e-07 , 116.038 , 0.0386793 , 3e+21 , 3.99177 , -2.88466 , 0.872561 , 0.0259345 , 0.0258865 , 0.0255303
4.14696e-07 , 116.038 , 0.0386793 , 3e+21 , 3.99177 , -2.88466 , 0.872561 , 0.0259345 , 0.0258865 , 0.0255303
4.44317e-07 , 116.038 , 0.0386793 , 3e+21 , 3.99177 , -2.88466 , 0.872561 , 0.0259345 , 0.0258865 , 0.0255303
4.73938e-07 , 116.038 , 0.0386793 , 3e+21 , 3.99177 , -2.88466 , 0.872561 , 0.0259345 , 0.0258865 , 0.0255303
5.03559e-07 , 116.038 , 0.0386793 , 3e+21 , 3.99177 , -2.88466 , 0.872561 , 0.0259345 , 0.0258865 , 0.0255303
5.33181e-07 , 116.038 , 0.0386793 , 3e+21 , 3.99177 , -2.88466 , 0.872561 , 0.0259345 , 0.0258865 , 0.0255303
5.62802e-07 , 116.038 , 0.0386793 , 3e+21 , 3.99177 , -2.88466 , 0.872561 , 0.0259345 , 0.0258865 , 0.0255303
5.92423e-07 , 116.038 , 0.0386793 , 3e+21 , 3.99177 , -2.88466 , 0.872561 , 0.0259345 , 0.0258865 , 0.0255303
6.22044e-07 , 116.038 , 0.0386793 , 3e+21 , 3.99177 , -2.88466 , 0.872561 , 0.0259345 , 0.0258865 , 0.0255303
6.51665e-07 , 116.038 , 0.0386793 , 3e+21 , 3.99177 , -2.88466 , 0.872561 , 0.0259345 , 0.0258865 , 0.0255303
6.81286e-07 , 116.038 , 0.0386793 , 3e+21 , 3.99177 , -2.88466 , 0.872561 , 0.0259345 , 0.0258865 , 0.0255303
7.10907e-07 , 116.038 , 0.0386793 , 3e+21 , 3.99177 , -2.88466 , 0.872561 , 0.0259345 , 0.0258865 , 0.0255303
7.40529e-07 , 116.038 , 0.0386793 , 3e+21 , 3.99177 , -2.88466 , 0.872561 , 0.0259345 , 0.0258865 , 0.0255303
7.7015e-07 , 116.038 , 0.0386793 , 3e+21 , 3.99177 , -2.88466 , 0.872561 , 0.0259345 , 0.0258865 , 0.0255303
7.99771e-07 , 116.038 , 0.0386793 , 3e+21 , 3.99177 , -2.88466 , 0.872561 , 0.0259345 , 0.0258865 , 0.0255303
8.29392e-07 , 116.038 , 0.0386793 , 3e+21 , 3.99177 , -2.88466 , 0.872561 , 0.0259345 , 0.0258865 , 0.0255303
8.59013e-07 , 116.038 , 0.0386793 , 3e+21 , 3.99177 , -2.88466 , 0.872561 , 0.0259345 , 0.0258865 , 0.0255303
8.88634e-07 , 116.038 , 0.0386793 , 3e+21 , 3.99177 , -2.88466 , 0.872561 , 0.0259345 , 0.0258865 , 0.0255303
9.18255e-07 , 116.038 , 0.0386793 , 3e+21 , 3.99177 , -2.88466 , 0.872561 , 0.0259345 , 0.0258865 , 0.0255303
9.47877e-07 , 116.038 , 0.0386793 , 3e+21 , 3.99177 , -2.88466 , 0.872561 , 0.0259345 , 0.0258865 , 0.0255303
9.77498e-07 , 116.038 , 0.0386793 , 3e+21 , 3.99177 , -2.88466 , 0.872561 , 0.0259345 , 0.0258865 , 0.0255303
1.00712e-06 , 116.038 , 0.0386793 , 3e+21 , 3.99177 , -2.88466 , 0.872561 , 0.0259345 , 0.0258865 , 0.0255303
1.03674e-06 , 116.038 , 0.0386793 , 3e+21 , 3.99177 , -2.88466 , 0.872561 , 0.0259345 , 0.0258865 , 0.0255303
1.06636e-06 , 116.038 , 0.0386793 , 3e+21 , 3.99177 , -2.88466 , 0.872561 , 0.0259345 , 0.0258865 , 0.0255303
1.09598e-06 , 116.038 , 0.0386793 , 3e+21 , 3.99177 , -2.88466 , 0.872561 , 0.0259345 , 0.0258865 , 0.0255303
1.1256e-06 , 116.038 , 0.0386793 , 3e+21 , 3.99177 , -2.88466 , 0.872561 , 0.0259345 , 0.0258865 , 0.0255303
1.15522e-06 , 116.038 , 0.0386793 , 3e+21 , 3.99177 , -2.88466 , 0.872561 , 0.0259345 , 0.0258865 , 0.0255303
1.18485e-06 , 116.038 , 0.0386793 , 3e+21 , 3.99177 , -2.88466 , 0.872561 , 0.0259345 , 0.0258865 , 0.0255303
1.21447e-06 , 116.038 , 0.0386793 , 3e+21 , 3.99177 , -2.88466 , 0.872561 , 0.0259345 , 0.0258865 , 0.0255303
1.24409e-06 , 116.038 , 0.0386793 , 3e+21 , 3.99177 , -2.88466 , 0.872561 , 0.0259345 , 0.0258865 , 0.0255303
1.27371e-06 , 116.038 , 0.0386793 , 3e+21 , 3.99177 , -2.88466 , 0.872561 , 0.0259345 , 0.0258865 , 0.0255303
1.30333e-06 , 116.038 , 0.0386793 , 3e+21 , 3.99177 , -2.88466 , 0.872561 , 0.0259345 , 0.0258865 , 0.0255303
1.33295e-06 , 116.038 , 0.0386793 , 3e+21 , 3.99177 , -2.88466 , 0.872561 , 0.0259345 , 0.0258865 , 0.0255303
1.36257e-06 , 116.038 , 0.0386793 , 3e+21 , 3.99177 , -2.88466 , 0.872561 , 0.0259345 , 0.0258865 , 0.0255303
1.39219e-06 , 116.038 , 0.0386793 , 3e+21 , 3.99177 , -2.88466 , 0.872561 , 0.0259345 , 0.0258865 , 0.0255303
1.42181e-06 , 116.038 , 0.0386793 , 3e+21 , 3.99177 , -2.88466 , 0.872561 , 0.0259345 , 0.0258865 , 0.0255303
1.45144e-06 , 116.038 , 0.0386793 , 3e+21 , 3.99177 , -2.88466 , 0.872561 , 0.0259345 , 0.0258865 , 0.0255303
1.48106e-06 , 116.038 , 0.0386793 , 3e+21 , 3.99177 , -2.88466 , 0.872561 , 0.0259345 , 0.0258865 , 0.0255303
1.51068e-06 , 116.038 , 0.0386793 , 3e+21 , 3.99177 , -2.88466 , 0.872561 , 0.0259345 , 0.0258865 , 0.0255303
1.5403e-06 , 116.038 , 0.0386793 , 3e+21 , 3.99177 , -2.88466 , 0.872561 , 0.0259345 , 0.0258865 , 0.0255303
1.56992e-06 , 116.038 , 0.0386793 , 3e+21 , 3.99177 , -2.88466 , 0.872561 , 0.0259345 , 0.0258865 , 0.0255303
1.59954e-06 , 116.038 , 0.0386793 , 3e+21 , 3.99177 , -2.88466 , 0.872561 , 0.0259345 , 0.0258865 , 0.0255303
1.62916e-06 , 116.038 , 0.0386793 , 3e+21 , 3.99177 , -2.88466 , 0.872561 , 0.0259345 , 0.0258865 , 0.0255303
1.65878e-06 , 116.038 , 0.0386793 , 3e+21 , 3.99177 , -2.88466 , 0.872561 , 0.0259345 , 0.0258865 , 0.0255303
1.68841e-06 , 116.038 , 0.0386793 , 3e+21 , 3.99177 , -2.88466 , 0.872561 , 0.0259345 , 0.0258865 , 0.0255303
1.71803e-06 , 116.038 , 0.0386793 , 3e+21 , 3.99177 , -2.88466 , 0.872561 , 0.0259345 , 0.0258865 , 0.0255303
1.74765e-06 , 116.038 , 0.0386793 , 3e+21 , 3.99177 , -2.88466 , 0.872561 , 0.0259345 , 0.0258865 , 0.0255303
1.77727e-06 , 116.038 , 0.0386793 , 3e+21 , 3.99177 , -2.88466 , 0.872561 , 0.0259345 , 0.0258865 , 0.0255303
1.80689e-06 , 116.038 , 0.0386793 , 3e+21 , 3.99177 , -2.88466 , 0.872561 , 0.0259345 , 0.0258865 , 0.0255303
1.83651e-06 , 116.038 , 0.0386793 , 3e+21 , 3.99177 , -2.88466 , 0.872561 , 0.0259345 , 0.0258865 , 0.0255303
1.86613e-06 , 116.038 , 0.0386793 , 3e+21 , 3.99177 , -2.88466 , 0.872561 , 0.0259345 , 0.0258865 , 0.0255303
1.89575e-06 , 116.038 , 0.0386793 , 3e+21 , 3.99177 , -2.88466 , 0.872561 , 0.0259345 , 0.0258865 , 0.0255303
1.92537e-06 , 116.038 , 0.0386793 , 3e+21 , 3.99177 , -2.88466 , 0.872561 , 0.0259345 , 0.0258865 , 0.0255303
1.955e-06 , 116.038 , 0.0386793 , 3e+21 , 3.99177 , -2.88466 , 0.872561 , 0.0259345 , 0.0258865 , 0.0255303
1.98462e-06 , 116.038 , 0.0386793 , 3e+21 , 3.99177 , -2.88466 , 0.872561 , 0.0259345 , 0.0258865 , 0.0255303
2.01424e-06 , 116.038 , 0.0386793 , 3e+21 , 3.99177 , -2.88466 , 0.872561 , 0.0259345 , 0.0258865 , 0.0255303
2.04386e-06 , 116.038 , 0.0386793 , 3e+21 , 3.99177 , -2.88466 , 0.872561 , 0.0259345 , 0.0258865 , 0.0255303
2.07348e-06 , 116.038 , 0.0386793 , 3e+21 , 3.99177 , -2.88466 , 0.872561 , 0.0259345 , 0.0258865 , 0.0255303
2.1031e-06 , 116.038 , 0.0386793 , 3e+21 , 3.99177 , -2.88466 , 0.872561 , 0.0259345 , 0.0258865 , 0.0255303
2.13272e-06 , 116.038 , 0.0386793 , 3e+21 , 3.99177 , -2.88466 , 0.872561 , 0.0259345 , 0.0258865 , 0.0255303
2.16234e-06 , 116.038 , 0.0386793 , 3e+21 , 3.99177 , -2.88466 , 0.872561 , 0.0259345 , 0.0258865 , 0.0255303
2.19196e-06 , 116.038 , 0.0386793 , 3e+21 , 3.99177 , -2.88466 , 0.872561 , 0.0259345 , 0.0258865 , 0.0255303
2.22159e-06 , 116.038 , 0.0386793 , 3e+21 , 3.99177 , -2.88466 , 0.872561 , 0.0259345 , 0.0258865 , 0.0255303
2.25121e-06 , 116.038 , 0.0386793 , 3e+21 , 3.99177 , -2.88466 , 0.872561 , 0.0259345 , 0.0258865 , 0.0255303
2.28083e-06 , 116.038 , 0.0386793 , 3e+21 , 3.99177 , -2.88466 , 0.872561 , 0.0259345 , 0.0258865 , 0.0255303
2.31045e-06 , 116.038 , 0.0386793 , 3e+21 , 3.99177 , -2.88466 , 0.872561 , 0.0259345 , 0.0258865 , 0.0255303
2.34007e-06 , 116.038 , 0.0386793 , 3e+21 , 3.99177 , -2.88466 , 0.872561 , 0.0259345 , 0.0258865 , 0.0255303
2.36969e-06 , 116.038 , 0.0386793 , 3e+21 , 3.99177 , -2.88466 , 0.872561 , 0.0259345 , 0.0258865 , 0.0255303
2.39931e-06 , 116.038 , 0.0386793 , 3e+21 , 3.99177 , -2.88466 , 0.872561 , 0.0259345 , 0.0258865 , 0.0255303
2.42893e-06 , 116.038 , 0.0386793 , 3e+21 , 3.99177 , -2.88466 , 0.872561 , 0.0259345 , 0.0258865 , 0.0255303
2.45855e-06 , 116.038 , 0.0386793 , 3e+21 , 3.99177 , -2.88466 , 0.872561 , 0.0259345 , 0.0258865 , 0.0255303
2.48818e-06 , 116.038 , 0.0386793 , 3e+21 , 3.99177 , -2.88466 , 0.872561 , 0.0259345 , 0.0258865 , 0.0255303
2.5178e-06 , 116.038 , 0.0386793 , 3e+21 , 3.99177 , -2.88466 , 0.872561 , 0.0259345 , 0.0258865 , 0.0255303
2.54742e-06 , 116.038 , 0.0386793 , 3e+21 , 3.99177 , -2.88466 , 0.872561 , 0.0259345 , 0.0258865 , 0.0255303
2.57704e-06 , 116.038 , 0.0386793 , 3e+21 , 3.99177 , -2.88466 , 0.872561 , 0.0259345 , 0.0258865 , 0.0255303
2.60666e-06 , 116.038 , 0.0386793 , 3e+21 , 3.99177 , -2.88466 , 0.872561 , 0.0259345 , 0.0258865 , 0.0255303
2.63628e-06 , 116.038 , 0.0386793 , 3e+21 , 3.99177 , -2.88466 , 0.872561 , 0.0259345 , 0.0258865 , 0.0255303
2.6659e-06 , 116.038 , 0.0386793 , 3e+21 , 3.99177 , -2.88466 , 0.872561 , 0.0259345 , 0.0258865 , 0.0255303
2.69552e-06 , 116.038 , 0.0386793 , 3e+21 , 3.99177 , -2.88466 , 0.872561 , 0.0259345 , 0.0258865 , 0.0255303
2.72515e-06 , 116.038 , 0.0386793 , 3e+21 , 3.99177 , -2.88466 , 0.872561 , 0.0259345 , 0.0258865 , 0.0255303
2.75477e-06 , 116.038 , 0.0386793 , 3e+21 , 3.99177 , -2.88466 , 0.872561 , 0.0259345 , 0.0258865 , 0.0255303
2.78439e-06 , 116.038 , 0.0386793 , 3e+21 , 3.99177 , -2.88466 , 0.872561 , 0.0259345 , 0.0258865 , 0.0255303
2.81401e-06 , 116.038 , 0.0386793 , 3e+21 , 3.99177 , -2.88466 , 0.872561 , 0.0259345 , 0.0258865 , 0.0255303
2.84363e-06 , 116.038 , 0.0386793 , 3e+21 , 3.99177 , -2.88466 , 0.872561 , 0.0259345 , 0.0258865 , 0.0255303
2.87325e-06 , 116.038 , 0.0386793 , 3e+21 , 3.99177 , -2.88466 , 0.872561 , 0.0259345 , 0.0258865 , 0.0255303
2.90287e-06 , 116.038 , 0.0386793 , 3e+21 , 3.99177 , -2.88466 , 0.872561 , 0.0259345 , 0.0258865 , 0.0255303
2.93249e-06 , 116.038 , 0.0386793 , 3e+21 , 3.99177 , -2.88466 , 0.872561 , 0.0259345 , 0.0258865 , 0.0255303
2.96211e-06 , 116.038 , 0.0386793 , 3e+21 , 3.99177 , -2.88466 , 0.872561 , 0.0259345 , 0.0258865 , 0.0255303
2.99174e-06 , 116.038 , 0.0386793 , 3e+21 , 3.99177 , -2.88466 , 0.872561 , 0.0259345 , 0.0258865 , 0.0255303
3.02136e-06 , 116.038 , 0.0386793 , 3e+21 , 3.99177 , -2.88466 , 0.872561 , 0.0259345 , 0.0258865 , 0.0255303
3.05098e-06 , 116.038 , 0.0386793 , 3e+21 , 3.99177 , -2.88466 , 0.872561 , 0.0259345 , 0.0258865 , 0.0255303
3.0806e-06 , 116.038 , 0.0386793 , 3e+21 , 3.99177 , -2.88466 , 0.872561 , 0.0259345 , 0.0258865 , 0.0255303
3.11022e-06 , 116.038 , 0.0386793 , 3e+21 , 3.99177 , -2.88466 , 0.872561 , 0.0259345 , 0.0258865 , 0.0255303
3.13984e-06 , 116.038 , 0.0386793 , 3e+21 , 3.99177 , -2.88466 , 0.872561 , 0.0259345 , 0.0258865 , 0.0255303
3.16946e-06 , 116.038 , 0.0386793 , 3e+21 , 3.99177 , -2.88466 , 0.872561 , 0.0259345 , 0.0258865 , 0.0255303
3.19908e-06 , 116.038 , 0.0386793 , 3e+21 , 3.99177 , -2.88466 , 0.872561 , 0.0259345 , 0.0258865 , 0.0255303
3.2287e-06 , 116.038 , 0.0386793 , 3e+21 , 3.99177 , -2.88466 , 0.872561 , 0.0259345 , 0.0258865 , 0.0255303
3.25833e-06 , 116.038 , 0.0386793 , 3e+21 , 3.99177 , -2.88466 , 0.872561 , 0.0259345 , 0.0258865 , 0.0255303
3.28795e-06 , 116.038 , 0.0386793 , 3e+21 , 3.99177 , -2.88466 , 0.872561 , 0.0259345 , 0.0258865 , 0.0255303
3.31757e-06 , 116.038 , 0.0386793 , 3e+21 , 3.99177 , -2.88466 , 0.872561 , 0.0259345 , 0.0258865 , 0.0255303
3.34719e-06 , 116.038 , 0.0386793 , 3e+21 , 3.99177 , -2.88466 , 0.872561 , 0.0259345 , 0.0258865 , 0.0255303
3.37681e-06 , 116.038 , 0.0386793 , 3e+21 , 3.99177 , -2.88466 , 0.872561 , 0.0259345 , 0.0258865 , 0.0255303
3.40643e-06 , 116.038 , 0.0386793 , 3e+21 , 3.99177 , -2.88466 , 0.872561 , 0.0259345 , 0.0258865 , 0.0255303
3.43605e-06 , 116.038 , 0.0386793 , 3e+21 , 3.99177 , -2.88466 , 0.872561 , 0.0259345 , 0.0258865 , 0.0255303
3.46567e-06 , 116.038 , 0.0386793 , 3e+21 , 3.99177 , -2.88466 , 0.872561 , 0.0259345 , 0.0258865 , 0.0255303
3.49529e-06 , 116.038 , 0.0386793 , 3e+21 , 3.99177 , -2.88466 , 0.872561 , 0.0259345 , 0.0258865 , 0.0255303
3.52492e-06 , 116.038 , 0.0386793 , 3e+21 , 3.99177 , -2.88466 , 0.872561 , 0.0259345 , 0.0258865 , 0.0255303
3.55454e-06 , 116.038 , 0.0386793 , 3e+21 , 3.99177 , -2.88466 , 0.872561 , 0.0259345 , 0.0258865 , 0.0255303
3.58416e-06 , 116.038 , 0.0386793 , 3e+21 , 3.99177 , -2.88466 , 0.872561 , 0.0259345 , 0.0258865 , 0.0255303
3.61378e-06 , 116.038 , 0.0386793 , 3e+21 , 3.99177 , -2.88466 , 0.872561 , 0.0259345 , 0.0258865 , 0.0255303
3.6434e-06 , 116.038 , 0.0386793 , 3e+21 , 3.99177 , -2.88466 , 0.872561 , 0.0259345 , 0.0258865 , 0.0255303
3.67302e-06 , 116.038 , 0.0386793 , 3e+21 , 3.99177 , -2.88466 , 0.872561 , 0.0259345 , 0.0258865 , 0.0255303
3.70264e-06 , 116.038 , 0.0386793 , 3e+21 , 3.99177 , -2.88466 , 0.872561 , 0.0259345 , 0.0258865 , 0.0255303
3.73226e-06 , 116.038 , 0.0386793 , 3e+21 , 3.99177 , -2.88466 , 0.872561 , 0.0259345 , 0.0258865 , 0.0255303
3.76189e-06 , 116.038 , 0.0386793 , 3e+21 , 3.99177 , -2.88466 , 0.872561 , 0.0259345 , 0.0258865 , 0.0255303
3.79151e-06 , 116.038 , 0.0386793 , 3e+21 , 3.99177 , -2.88466 , 0.872561 , 0.0259345 , 0.0258865 , 0.0255303
3.82113e-06 , 116.038 , 0.0386793 , 3e+21 , 3.99177 , -2.88466 , 0.872561 , 0.0259345 , 0.0258865 , 0.0255303
3.85075e-06 , 116.038 , 0.0386793 , 3e+21 , 3.99177 , -2.88466 , 0.872561 , 0.0259345 , 0.0258865 , 0.0255303
3.88037e-06 , 116.038 , 0.0386793 , 3e+21 , 3.99177 , -2.88466 , 0.872561 , 0.0259345 , 0.0258865 , 0.0255303
3.90999e-06 , 116.038 , 0.0386793 , 3e+21 , 3.99177 , -2.88466 , 0.872561 , 0.0259345 , 0.0258865 , 0.0255303
3.93961e-06 , 116.038 , 0.0386793 , 3e+21 , 3.99177 , -2.88466 , 0.872561 , 0.0259345 , 0.0258865 , 0.0255303
3.96923e-06 , 116.038 , 0.0386793 , 3e+21 , 3.99177 , -2.88466 , 0.872561 , 0.0259345 , 0.0258865 , 0.0255303
3.99885e-06 , 116.038 , 0.0386793 , 3e+21 , 3.99177 , -2.88466 , 0.872561 , 0.0259345 , 0.0258865 , 0.0255303
4.02848e-06 , 116.038 , 0.0386793 , 3e+21 , 3.99177 , -2.88466 , 0.872561 , 0.0259345 , 0.0258865 , 0.0255303
4.0581e-06 , 116.038 , 0.0386793 , 3e+21 , 3.99177 , -2.88466 , 0.872561 , 0.0259345 , 0.0258865 , 0.0255303
4.08772e-06 , 116.038 , 0.0386793 , 3e+21 , 3.99177 , -2.88466 , 0.872561 , 0.0259345 , 0.0258865 , 0.0255303
4.11734e-06 , 116.038 , 0.0386793 , 3e+21 , 3.99177 , -2.88466 , 0.872561 , 0.0259345 , 0.0258865 , 0.0255303
4.14696e-06 , 116.038 , 0.0386793 , 3e+21 , 3.99177 , -2.88466 , 0.872561 , 0.0259345 , 0.0258865 , 0.0255303
4.17658e-06 , 116.038 , 0.0386793 , 3e+21 , 3.99177 , -2.88466 , 0.872561 , 0.0259345 , 0.0258865 , 0.0255303
4.2062e-06 , 116.038 , 0.0386793 , 3e+21 , 3.99177 , -2.88466 , 0.872561 , 0.0259345 , 0.0258865 , 0.0255303
4.23582e-06 , 116.038 , 0.0386793 , 3e+21 , 3.99177 , -2.88466 , 0.872561 , 0.0259345 , 0.0258865 , 0.0255303
4.26544e-06 , 116.038 , 0.0386793 , 3e+21 , 3.99177 , -2.88466 , 0.872561 , 0.0259345 , 0.0258865 , 0.0255303
4.29507e-06 , 116.038 , 0.0386793 , 3e+21 , 3.99177 , -2.88466 , 0.872561 , 0.0259345 , 0.0258865 , 0.0255303
4.32469e-06 , 116.038 , 0.0386793 , 3e+21 , 3.99177 , -2.88466 , 0.872561 , 0.0259345 , 0.0258865 , 0.0255303
4.35431e-06 , 116.038 , 0.0386793 , 3e+21 , 3.99177 , -2.88466 , 0.872561 , 0.0259345 , 0.0258865 , 0.0255303
4.38393e-06 , 116.038 , 0.0386793 , 3e+21 , 3.99177 , -2.88466 , 0.872561 , 0.0259345 , 0.0258865 , 0.0255303
4.41355e-06 , 116.038 , 0.0386793 , 3e+21 , 3.99177 , -2.88466 , 0.872561 , 0.0259345 , 0.0258865 , 0.0255303
4.44317e-06 , 116.038 , 0.0386793 , 3e+21 , 3.99177 , -2.88466 , 0.872561 , 0.0259345 , 0.0258865 , 0.0255303
4.47279e-06 , 116.038 , 0.0386793 , 3e+21 , 3.99177 , -2.88466 , 0.872561 , 0.0259345 , 0.0258865 , 0.0255303
4.50241e-06 , 116.038 , 0.0386793 , 3e+21 , 3.99177 , -2.88466 , 0.872561 , 0.0259345 , 0.0258865 , 0.0255303
4.53203e-06 , 116.038 , 0.0386793 , 3e+21 , 3.99177 , -2.88466 , 0.872561 , 0.0259345 , 0.0258865 , 0.0255303
4.56166e-06 , 116.038 , 0.0386793 , 3e+21 , 3.99177 , -2.88466 , 0.872561 , 0.0259345 , 0.0258865 , 0.0255303
4.59128e-06 , 116.038 , 0.0386793 , 3e+21 , 3.99177 , -2.88466 , 0.872561 , 0.0259345 , 0.0258865 , 0.0255303
4.6209e-06 , 116.038 , 0.0386793 , 3e+21 , 3.99177 , -2.88466 , 0.872561 , 0.0259345 , 0.0258865 , 0.0255303
4.65052e-06 , 116.038 , 0.0386793 , 3e+21 , 3.99177 , -2.88466 , 0.872561 , 0.0259345 , 0.0258865 , 0.0255303
4.68014e-06 , 116.038 , 0.0386793 , 3e+21 , 3.99177 , -2.88466 , 0.872561 , 0.0259345 , 0.0258865 , 0.0255303
4.70976e-06 , 116.038 , 0.0386793 , 3e+21 , 3.99177 , -2.88466 , 0.872561 , 0.0259345 , 0.0258865 , 0.0255303
4.73938e-06 , 116.038 , 0.0386793 , 3e+21 , 3.99177 , -2.88466 , 0.872561 , 0.0259345 , 0.0258865 , 0.0255303
4.769e-06 , 116.038 , 0.0386793 , 3e+21 , 3.99177 , -2.88466 , 0.872561 , 0.0259345 , 0.0258865 , 0.0255303
4.79863e-06 , 116.038 , 0.0386793 , 3e+21 , 3.99177 , -2.88466 , 0.872561 , 0.0259345 , 0.0258865 , 0.0255303
4.82825e-06 , 116.038 , 0.0386793 , 3e+21 , 3.99177 , -2.88466 , 0.872561 , 0.0259345 , 0.0258865 , 0.0255303
4.85787e-06 , 116.038 , 0.0386793 , 3e+21 , 3.99177 , -2.88466 , 0.872561 , 0.0259345 , 0.0258865 , 0.0255303
4.88749e-06 , 116.038 , 0.0386793 , 3e+21 , 3.99177 , -2.88466 , 0.872561 , 0.0259345 , 0.0258865 , 0.0255303
4.91711e-06 , 116.038 , 0.0386793 , 3e+21 , 3.99177 , -2.88466 , 0.872561 , 0.0259345 , 0.0258865 , 0.0255303
4.94673e-06 , 116.038 , 0.0386793 , 3e+21 , 3.99177 , -2.88466 , 0.872561 , 0.0259345 , 0.0258865 , 0.0255303
4.97635e-06 , 116.038 , 0.0386793 , 3e+21 , 3.99177 , -2.88466 , 0.872561 , 0.0259345 , 0.0258865 , 0.0255303
5.00597e-06 , 116.038 , 0.0386793 , 3e+21 , 3.99177 , -2.88466 , 0.872561 , 0.0259345 , 0.0258865 , 0.0255303
5.03559e-06 , 116.038 , 0.0386793 , 3e+21 , 3.99177 , -2.88466 , 0.872561 , 0.0259345 , 0.0258865 , 0.0255303
5.06522e-06 , 116.038 , 0.0386793 , 3e+21 , 3.99177 , -2.88466 , 0.872561 , 0.0259345 , 0.0258865 , 0.0255303
5.09484e-06 , 116.038 , 0.0386793 , 3e+21 , 3.99177 , -2.88466 , 0.872561 , 0.0259345 , 0.0258865 , 0.0255303
5.12446e-06 , 116.038 , 0.0386793 , 3e+21 , 3.99177 , -2.88466 , 0.872561 , 0.0259345 , 0.0258865 , 0.0255303
5.15408e-06 , 116.038 , 0.0386793 , 3e+21 , 3.99177 , -2.88466 , 0.872561 , 0.0259345 , 0.0258865 , 0.0255303
5.1837e-06 , 116.038 , 0.0386793 , 3e+21 , 3.99177 , -2.88466 , 0.872561 , 0.0259345 , 0.0258865 , 0.0255303
5.21332e-06 , 116.038 , 0.0386793 , 3e+21 , 3.99177 , -2.88466 , 0.872561 , 0.0259345 , 0.0258865 , 0.0255303
5.24294e-06 , 116.038 , 0.0386793 , 3e+21 , 3.99177 , -2.88466 , 0.872561 , 0.0259345 , 0.0258865 , 0.0255303
5.27256e-06 , 116.038 , 0.0386793 , 3e+21 , 3.99177 , -2.88466 , 0.872561 , 0.0259345 , 0.0258865 , 0.0255303
5.30218e-06 , 116.038 , 0.0386793 , 3e+21 , 3.99177 , -2.88466 , 0.872561 , 0.0259345 , 0.0258865 , 0.0255303
5.33181e-06 , 116.038 , 0.0386793 , 3e+21 , 3.99177 , -2.88466 , 0.872561 , 0.0259345 , 0.0258865 , 0.0255303
5.36143e-06 , 116.038 , 0.0386793 , 3e+21 , 3.99177 , -2.88466 , 0.872561 , 0.0259345 , 0.0258865 , 0.0255303
5.39105e-06 , 116.038 , 0.0386793 , 3e+21 , 3.99177 , -2.88466 , 0.872561 , 0.0259345 , 0.0258865 , 0.0255303
5.42067e-06 , 116.038 , 0.0386793 , 3e+21 , 3.99177 , -2.88466 , 0.872561 , 0.0259345 , 0.0258865 , 0.0255303
5.45029e-06 , 116.038 , 0.0386793 , 3e+21 , 3.99177 , -2.88466 , 0.872561 , 0.0259345 , 0.0258865 , 0.0255303
5.47991e-06 , 116.038 , 0.0386793 , 3e+21 , 3.99177 , -2.88466 , 0.872561 , 0.0259345 , 0.0258865 , 0.0255303
5.50953e-06 , 116.038 , 0.0386793 , 3e+21 , 3.99177 , -2.88466 , 0.872561 , 0.0259345 , 0.0258865 , 0.0255303
5.53915e-06 , 116.038 , 0.0386793 , 3e+21 , 3.99177 , -2.88466 , 0.872561 , 0.0259345 , 0.0258865 , 0.0255303
5.56877e-06 , 116.038 , 0.0386793 , 3e+21 , 3.99177 , -2.88466 , 0.872561 , 0.0259345 , 0.0258865 , 0.0255303
5.5984e-06 , 116.038 , 0.0386793 , 3e+21 , 3.99177 , -2.88466 , 0.872561 , 0.0259345 , 0.0258865 , 0.0255303
5.62802e-06 , 116.038 , 0.0386793 , 3e+21 , 3.99177 , -2.88466 , 0.872561 , 0.0259345 , 0.0258865 , 0.0255303
5.65764e-06 , 116.038 , 0.0386793 , 3e+21 , 3.99177 , -2.88466 , 0.872561 , 0.0259345 , 0.0258865 , 0.0255303
5.68726e-06 , 116.038 , 0.0386793 , 3e+21 , 3.99177 , -2.88466 , 0.872561 , 0.0259345 , 0.0258865 , 0.0255303
5.71688e-06 , 116.038 , 0.0386793 , 3e+21 , 3.99177 , -2.88466 , 0.872561 , 0.0259345 , 0.0258865 , 0.0255303
5.7465e-06 , 116.038 , 0.0386793 , 3e+21 , 3.99177 , -2.88466 , 0.872561 , 0.0259345 , 0.0258865 , 0.0255303
5.77612e-06 , 116.038 , 0.0386793 , 3e+21 , 3.99177 , -2.88466 , 0.872561 , 0.0259345 , 0.0258865 , 0.0255303
5.80574e-06 , 116.038 , 0.0386793 , 3e+21 , 3.99177 , -2.88466 , 0.872561 , 0.0259345 , 0.0258865 , 0.0255303
5.83536e-06 , 116.038 , 0.0386793 , 3e+21 , 3.99177 , -2.88466 , 0.872561 , 0.0259345 , 0.0258865 , 0.0255303
5.86499e-06 , 116.038 , 0.0386793 , 3e+21 , 3.99177 , -2.88466 , 0.872561 , 0.0259345 , 0.0258865 , 0.0255303
5.89461e-06 , 116.038 , 0.0386793 , 3e+21 , 3.99177 , -2.88466 , 0.872561 , 0.0259345 , 0.0258865 , 0.0255303
5.92423e-06 , 116.038 , 0.0386793 , 3e+21 , 3.99177 , -2.88466 , 0.872561 , 0.0259345 , 0.0258865 , 0.0255303
5.95385e-06 , 116.038 , 0.0386793 , 3e+21 , 3.99177 , -2.88466 , 0.872561 , 0.0259345 , 0.0258865 , 0.0255303
5.98347e-06 , 116.038 , 0.0386793 , 3e+21 , 3.99177 , -2.88466 , 0.872561 , 0.0259345 , 0.0258865 , 0.0255303
6.01309e-06 , 116.038 , 0.0386793 , 3e+21 , 3.99177 , -2.88466 , 0.872561 , 0.0259345 , 0.0258865 , 0.0255303
6.04271e-06 , 116.038 , 0.0386793 , 3e+21 , 3.99177 , -2.88466 , 0.872561 , 0.0259345 , 0.0258865 , 0.0255303
6.07233e-06 , 116.038 , 0.0386793 , 3e+21 , 3.99177 , -2.88466 , 0.872561 , 0.0259345 , 0.0258865 , 0.0255303
6.10196e-06 , 116.038 , 0.0386793 , 3e+21 , 3.99177 , -2.88466 , 0.872561 , 0.0259345 , 0.0258865 , 0.0255303
6.13158e-06 , 116.038 , 0.0386793 , 3e+21 , 3.99177 , -2.88466 , 0.872561 , 0.0259345 , 0.0258865 , 0.0255303
6.1612e-06 , 116.038 , 0.0386793 , 3e+21 , 3.99177 , -2.88466 , 0.872561 , 0.0259345 , 0.0258865 , 0.0255303
6.19082e-06 , 116.038 , 0.0386793 , 3e+21 , 3.99177 , -2.88466 , 0.872561 , 0.0259345 , 0.0258865 , 0.0255303
6.22044e-06 , 116.038 , 0.0386793 , 3e+21 , 3.99177 , -2.88466 , 0.872561 , 0.0259345 , 0.0258865 , 0.0255303
6.25006e-06 , 116.038 , 0.0386793 , 3e+21 , 3.99177 , -2.88466 , 0.872561 , 0.0259345 , 0.0258865 , 0.0255303
6.27968e-06 , 116.038 , 0.0386793 , 3e+21 , 3.99177 , -2.88466 , 0.872561 , 0.0259345 , 0.0258865 , 0.0255303
6.3093e-06 , 116.038 , 0.0386793 , 3e+21 , 3.99177 , -2.88466 , 0.872561 , 0.0259345 , 0.0258865 , 0.0255303
6.33892e-06 , 116.038 , 0.0386793 , 3e+21 , 3.99177 , -2.88466 , 0.872561 , 0.0259345 , 0.0258865 , 0.0255303
6.36855e-06 , 116.038 , 0.0386793 , 3e+21 , 3.99177 , -2.88466 , 0.872561 , 0.0259345 , 0.0258865 , 0.0255303
6.39817e-06 , 116.038 , 0.0386793 , 3e+21 , 3.99177 , -2.88466 , 0.872561 , 0.0259345 , 0.0258865 , 0.0255303
6.42779e-06 , 116.038 , 0.0386793 , 3e+21 , 3.99177 , -2.88466 , 0.872561 , 0.0259345 , 0.0258865 , 0.0255303
6.45741e-06 , 116.038 , 0.0386793 , 3e+21 , 3.99177 , -2.88466 , 0.872561 , 0.0259345 , 0.0258865 , 0.0255303
6.48703e-06 , 116.038 , 0.0386793 , 3e+21 , 3.99177 , -2.88466 , 0.872561 , 0.0259345 , 0.0258865 , 0.0255303
6.51665e-06 , 116.038 , 0.0386793 , 3e+21 , 3.99177 , -2.88466 , 0.872561 , 0.0259345 , 0.0258865 , 0.0255303
6.54627e-06 , 116.038 , 0.0386793 , 3e+21 , 3.99177 , -2.88466 , 0.872561 , 0.0259345 , 0.0258865 , 0.0255303
6.57589e-06 , 116.038 , 0.0386793 , 3e+21 , 3.99177 , -2.88466 , 0.872561 , 0.0259345 , 0.0258865 , 0.0255303
6.60551e-06 , 116.038 , 0.0386793 , 3e+21 , 3.99177 , -2.88466 , 0.872561 , 0.0259345 , 0.0258865 , 0.0255303
6.63514e-06 , 116.038 , 0.0386793 , 3e+21 , 3.99177 , -2.88466 , 0.872561 , 0.0259345 , 0.0258865 , 0.0255303
6.66476e-06 , 116.038 , 0.0386793 , 3e+21 , 3.99177 , -2.88466 , 0.872561 , 0.0259345 , 0.0258865 , 0.0255303
6.69438e-06 , 116.038 , 0.0386793 , 3e+21 , 3.99177 , -2.88466 , 0.872561 , 0.0259345 , 0.0258865 , 0.0255303
6.724e-06 , 116.038 , 0.0386793 , 3e+21 , 3.99177 , -2.88466 , 0.872561 , 0.0259345 , 0.0258865 , 0.0255303
6.75362e-06 , 116.038 , 0.0386793 , 3e+21 , 3.99177 , -2.88466 , 0.872561 , 0.0259345 , 0.0258865 , 0.0255303
6.78324e-06 , 116.038 , 0.0386793 , 3e+21 , 3.99177 , -2.88466 , 0.872561 , 0.0259345 , 0.0258865 , 0.0255303
6.81286e-06 , 116.038 , 0.0386793 , 3e+21 , 3.99177 , -2.88466 , 0.872561 , 0.0259345 , 0.0258865 , 0.0255303
6.84248e-06 , 116.038 , 0.0386793 , 3e+21 , 3.99177 , -2.88466 , 0.872561 , 0.0259345 , 0.0258865 , 0.0255303
6.8721e-06 , 116.038 , 0.0386793 , 3e+21 , 3.99177 , -2.88466 , 0.872561 , 0.0259345 , 0.0258865 , 0.0255303
6.90173e-06 , 116.038 , 0.0386793 , 3e+21 , 3.99177 , -2.88466 , 0.872561 , 0.0259345 , 0.0258865 , 0.0255303
6.93135e-06 , 116.038 , 0.0386793 , 3e+21 , 3.99177 , -2.88466 , 0.872561 , 0.0259345 , 0.0258865 , 0.0255303
6.96097e-06 , 116.038 , 0.0386793 , 3e+21 , 3.99177 , -2.88466 , 0.872561 , 0.0259345 , 0.0258865 , 0.0255303
6.99059e-06 , 116.038 , 0.0386793 , 3e+21 , 3.99177 , -2.88466 , 0.872561 , 0.0259345 , 0.0258865 , 0.0255303
7.02021e-06 , 116.038 , 0.0386793 , 3e+21 , 3.99177 , -2.88466 , 0.872561 , 0.0259345 , 0.0258865 , 0.0255303
7.04983e-06 , 116.038 , 0.0386793 , 3e+21 , 3.99177 , -2.88466 , 0.872561 , 0.0259345 , 0.0258865 , 0.0255303
7.07945e-06 , 116.038 , 0.0386793 , 3e+21 , 3.99177 , -2.88466 , 0.872561 , 0.0259345 , 0.0258865 , 0.0255303
7.10907e-06 , 116.038 , 0.0386793 , 3e+21 , 3.99177 , -2.88466 , 0.872561 , 0.0259345 , 0.0258865 , 0.0255303
7.1387e-06 , 116.038 , 0.0386793 , 3e+21 , 3.99177 , -2.88466 , 0.872561 , 0.0259345 , 0.0258865 , 0.0255303
7.16832e-06 , 116.038 , 0.0386793 , 3e+21 , 3.99177 , -2.88466 , 0.872561 , 0.0259345 , 0.0258865 , 0.0255303
7.19794e-06 , 116.038 , 0.0386793 , 3e+21 , 3.99177 , -2.88466 , 0.872561 , 0.0259345 , 0.0258865 , 0.0255303
7.22756e-06 , 116.038 , 0.0386793 , 3e+21 , 3.99177 , -2.88466 , 0.872561 , 0.0259345 , 0.0258865 , 0.0255303
7.25718e-06 , 116.038 , 0.0386793 , 3e+21 , 3.99177 , -2.88466 , 0.872561 , 0.0259345 , 0.0258865 , 0.0255303
7.2868e-06 , 116.038 , 0.0386793 , 3e+21 , 3.99177 , -2.88466 , 0.872561 , 0.0259345 , 0.0258865 , 0.0255303
7.31642e-06 , 116.038 , 0.0386793 , 3e+21 , 3.99177 , -2.88466 , 0.872561 , 0.0259345 , 0.0258865 , 0.0255303
7.34604e-06 , 116.038 , 0.0386793 , 3e+21 , 3.99177 , -2.88466 , 0.872561 , 0.0259345 , 0.0258865 , 0.0255303
7.37566e-06 , 116.038 , 0.0386793 , 3e+21 , 3.99177 , -2.88466 , 0.872561 , 0.0259345 , 0.0258865 , 0.0255303
7.40529e-06 , 116.038 , 0.0386793 , 3e+21 , 3.99177 , -2.88466 , 0.872561 , 0.0259345 , 0.0258865 , 0.0255303
7.43491e-06 , 116.038 , 0.0386793 , 3e+21 , 3.99177 , -2.88466 , 0.872561 , 0.0259345 , 0.0258865 , 0.0255303
7.46453e-06 , 116.038 , 0.0386793 , 3e+21 , 3.99177 , -2.88466 , 0.872561 , 0.0259345 , 0.0258865 , 0.0255303
7.49415e-06 , 116.038 , 0.0386793 , 3e+21 , 3.99177 , -2.88466 , 0.872561 , 0.0259345 , 0.0258865 , 0.0255303
7.52377e-06 , 116.038 , 0.0386793 , 3e+21 , 3.99177 , -2.88466 , 0.872561 , 0.0259345 , 0.0258865 , 0.0255303
7.55339e-06 , 116.038 , 0.0386793 , 3e+21 , 3.99177 , -2.88466 , 0.872561 , 0.0259345 , 0.0258865 , 0.0255303
7.58301e-06 , 116.038 , 0.0386793 , 3e+21 , 3.99177 , -2.88466 , 0.872561 , 0.0259345 , 0.0258865 , 0.0255303
7.61263e-06 , 116.038 , 0.0386793 , 3e+21 , 3.99177 , -2.88466 , 0.872561 , 0.0259345 , 0.0258865 , 0.0255303
7.64225e-06 , 116.038 , 0.0386793 , 3e+21 , 3.99177 , -2.88466 , 0.872561 , 0.0259345 , 0.0258865 , 0.0255303
7.67188e-06 , 116.038 , 0.0386793 , 3e+21 , 3.99177 , -2.88466 , 0.872561 , 0.0259345 , 0.0258865 , 0.0255303
7.7015e-06 , 116.038 , 0.0386793 , 3e+21 , 3.99177 , -2.88466 , 0.872561 , 0.0259345 , 0.0258865 , 0.0255303
7.73112e-06 , 116.038 , 0.0386793 , 3e+21 , 3.99177 , -2.88466 , 0.872561 , 0.0259345 , 0.0258865 , 0.0255303
7.76074e-06 , 116.038 , 0.0386793 , 3e+21 , 3.99177 , -2.88466 , 0.872561 , 0.0259345 , 0.0258865 , 0.0255303
7.79036e-06 , 116.038 , 0.0386793 , 3e+21 , 3.99177 , -2.88466 , 0.872561 , 0.0259345 , 0.0258865 , 0.0255303
7.81998e-06 , 116.038 , 0.0386793 , 3e+21 , 3.99177 , -2.88466 , 0.872561 , 0.0259345 , 0.0258865 , 0.0255303
7.8496e-06 , 116.038 , 0.0386793 , 3e+21 , 3.99177 , -2.88466 , 0.872561 , 0.0259345 , 0.0258865 , 0.0255303
7.87922e-06 , 116.038 , 0.0386793 , 3e+21 , 3.99177 , -2.88466 , 0.872561 , 0.0259345 , 0.0258865 , 0.0255303
7.90884e-06 , 116.038 , 0.0386793 , 3e+21 , 3.99177 , -2.88466 , 0.872561 , 0.0259345 , 0.0258865 , 0.0255303
7.93847e-06 , 116.038 , 0.0386793 , 3e+21 , 3.99177 , -2.88466 , 0.872561 , 0.0259345 , 0.0258865 , 0.0255303
7.96809e-06 , 116.038 , 0.0386793 , 3e+21 , 3.99177 , -2.88466 , 0.872561 , 0.0259345 , 0.0258865 , 0.0255303
7.99771e-06 , 116.038 , 0.0386793 , 3e+21 , 3.99177 , -2.88466 , 0.872561 , 0.0259345 , 0.0258865 , 0.0255303
8.02733e-06 , 116.038 , 0.0386793 , 3e+21 , 3.99177 , -2.88466 , 0.872561 , 0.0259345 , 0.0258865 , 0.0255303
8.05695e-06 , 116.038 , 0.0386793 , 3e+21 , 3.99177 , -2.88466 , 0.872561 , 0.0259345 , 0.0258865 , 0.0255303
8.08657e-06 , 116.038 , 0.0386793 , 3e+21 , 3.99177 , -2.88466 , 0.872561 , 0.0259345 , 0.0258865 , 0.0255303
8.11619e-06 , 116.038 , 0.0386793 , 3e+21 , 3.99177 , -2.88466 , 0.872561 , 0.0259345 , 0.0258865 , 0.0255303
8.14581e-06 , 116.038 , 0.0386793 , 3e+21 , 3.99177 , -2.88466 , 0.872561 , 0.0259345 , 0.0258865 , 0.0255303
8.17544e-06 , 116.038 , 0.0386793 , 3e+21 , 3.99177 , -2.88466 , 0.872561 , 0.0259345 , 0.0258865 , 0.0255303
8.20506e-06 , 116.038 , 0.0386793 , 3e+21 , 3.99177 , -2.88466 , 0.872561 , 0.0259345 , 0.0258865 , 0.0255303
8.23468e-06 , 116.038 , 0.0386793 , 3e+21 , 3.99177 , -2.88466 , 0.872561 , 0.0259345 , 0.0258865 , 0.0255303
8.2643e-06 , 116.038 , 0.0386793 , 3e+21 , 3.99177 , -2.88466 , 0.872561 , 0.0259345 , 0.0258865 , 0.0255303
8.29392e-06 , 116.038 , 0.0386793 , 3e+21 , 3.99177 , -2.88466 , 0.872561 , 0.0259345 , 0.0258865 , 0.0255303
8.32354e-06 , 116.038 , 0.0386793 , 3e+21 , 3.99177 , -2.88466 , 0.872561 , 0.0259345 , 0.0258865 , 0.0255303
8.35316e-06 , 116.038 , 0.0386793 , 3e+21 , 3.99177 , -2.88466 , 0.872561 , 0.0259345 , 0.0258865 , 0.0255303
8.38278e-06 , 116.038 , 0.0386793 , 3e+21 , 3.99177 , -2.88466 , 0.872561 , 0.0259345 , 0.0258865 , 0.0255303
8.4124e-06 , 116.038 , 0.0386793 , 3e+21 , 3.99177 , -2.88466 , 0.872561 , 0.0259345 , 0.0258865 , 0.0255303
8.44203e-06 , 116.038 , 0.0386793 , 3e+21 , 3.99177 , -2.88466 , 0.872561 , 0.0259345 , 0.0258865 , 0.0255303
8.47165e-06 , 116.038 , 0.0386793 , 3e+21 , 3.99177 , -2.88466 , 0.872561 , 0.0259345 , 0.0258865 , 0.0255303
8.50127e-06 , 116.038 , 0.0386793 , 3e+21 , 3.99177 , -2.88466 , 0.872561 , 0.0259345 , 0.0258865 , 0.0255303
8.53089e-06 , 116.038 , 0.0386793 , 3e+21 , 3.99177 , -2.88466 , 0.872561 , 0.0259345 , 0.0258865 , 0.0255303
8.56051e-06 , 116.038 , 0.0386793 , 3e+21 , 3.99177 , -2.88466 , 0.872561 , 0.0259345 , 0.0258865 , 0.0255303
8.59013e-06 , 116.038 , 0.0386793 , 3e+21 , 3.99177 , -2.88466 , 0.872561 , 0.0259345 , 0.0258865 , 0.0255303
8.61975e-06 , 116.038 , 0.0386793 , 3e+21 , 3.99177 , -2.88466 , 0.872561 , 0.0259345 , 0.0258865 , 0.0255303
8.64937e-06 , 116.038 , 0.0386793 , 3e+21 , 3.99177 , -2.88466 , 0.872561 , 0.0259345 , 0.0258865 , 0.0255303
8.67899e-06 , 116.038 , 0.0386793 , 3e+21 , 3.99177 , -2.88466 , 0.872561 , 0.0259345 , 0.0258865 , 0.0255303
8.70862e-06 , 116.038 , 0.0386793 , 3e+21 , 3.99177 , -2.88466 , 0.872561 , 0.0259345 , 0.0258865 , 0.0255303
8.73824e-06 , 116.038 , 0.0386793 , 3e+21 , 3.99177 , -2.88466 , 0.872561 , 0.0259345 , 0.0258865 , 0.0255303
8.76786e-06 , 116.038 , 0.0386793 , 3e+21 , 3.99177 , -2.88466 , 0.872561 , 0.0259345 , 0.0258865 , 0.0255303
8.79748e-06 , 116.038 , 0.0386793 , 3e+21 , 3.99177 , -2.88466 , 0.872561 , 0.0259345 , 0.0258865 , 0.0255303
8.8271e-06 , 116.038 , 0.0386793 , 3e+21 , 3.99177 , -2.88466 , 0.872561 , 0.0259345 , 0.0258865 , 0.0255303
8.85672e-06 , 116.038 , 0.0386793 , 3e+21 , 3.99177 , -2.88466 , 0.872561 , 0.0259345 , 0.0258865 , 0.0255303
8.88634e-06 , 116.038 , 0.0386793 , 3e+21 , 3.99177 , -2.88466 , 0.872561 , 0.0259345 , 0.0258865 , 0.0255303
