0.0	0.0
11.723	0.0
11.7231	0.0
11.7279	1.21864e-23
11.7416	2.95929e-23
11.7552	5.03451e-23
11.7688	3.67921e-23
11.7824	3.09666e-23
11.796	2.73747e-23
11.8096	2.41163e-23
11.8232	2.00973e-23
11.8368	1.63529e-23
11.8504	1.71308e-23
11.864	1.78599e-23
11.8776	1.64295e-23
11.8912	1.64353e-23
11.9048	1.66231e-23
11.9184	1.68947e-23
11.932	1.72013e-23
11.9456	1.75147e-23
11.9592	1.77852e-23
11.9728	1.80963e-23
11.9865	1.84045e-23
12.0001	1.87117e-23
12.0137	1.90161e-23
12.0273	1.93258e-23
12.0409	1.96432e-23
12.0545	1.99671e-23
12.0681	2.02988e-23
12.0817	2.06414e-23
12.0953	2.09946e-23
12.1089	2.13618e-23
12.1225	2.17459e-23
12.1361	2.21441e-23
12.1497	2.25539e-23
12.1633	2.2986e-23
12.1769	2.343e-23
12.1905	2.38925e-23
12.2041	2.4371e-23
12.2177	2.48678e-23
12.2314	2.53787e-23
12.245	2.59105e-23
12.2586	2.64525e-23
12.2722	2.70168e-23
12.2858	2.75921e-23
12.2994	2.81825e-23
12.313	2.87931e-23
12.3266	2.94101e-23
12.3402	3.00427e-23
12.3538	3.06923e-23
12.3674	3.13497e-23
12.381	3.2015e-23
12.3946	3.26968e-23
12.4082	3.33888e-23
12.4218	3.4083e-23
12.4354	3.47861e-23
12.449	3.55001e-23
12.4626	3.62206e-23
12.4763	3.69428e-23
12.4899	3.76675e-23
12.5035	3.83954e-23
12.5171	3.91304e-23
12.5307	3.98676e-23
12.5443	4.05989e-23
12.5579	4.1324e-23
12.5715	4.20594e-23
12.5851	4.27895e-23
12.5987	4.35135e-23
12.6123	4.42413e-23
12.6259	4.49404e-23
12.6395	4.56432e-23
12.6531	4.63321e-23
12.6667	4.70165e-23
12.6803	4.76888e-23
12.6939	4.83481e-23
12.7075	4.8989e-23
12.7211	4.961e-23
12.7348	5.02116e-23
12.7484	5.07929e-23
12.762	5.13553e-23
12.7756	5.18942e-23
12.7892	5.24073e-23
12.8028	5.28911e-23
12.8164	5.33441e-23
12.83	5.37631e-23
12.8436	5.41474e-23
12.8572	5.44939e-23
12.8708	5.48022e-23
12.8844	5.507e-23
12.898	5.52931e-23
12.9116	5.54715e-23
12.9252	5.55979e-23
12.9388	5.56678e-23
12.9524	5.56734e-23
12.966	5.56087e-23
12.9797	5.54651e-23
12.9933	5.53489e-23
13.0069	5.4899e-23
13.0205	5.4497e-23
13.0341	5.36787e-23
13.0477	5.27638e-23
13.0613	5.13682e-23
13.0749	4.93263e-23
13.0885	4.51868e-23
13.1021	4.50847e-23
13.1157	4.50628e-23
13.1293	4.69641e-23
13.1429	4.73515e-23
13.1565	4.69191e-23
13.1701	4.54728e-23
13.1837	4.25333e-23
13.1973	3.62545e-23
13.2109	9.12048e-23
13.2246	7.00986e-23
13.2382	6.00998e-23
13.2518	5.69278e-23
13.2654	5.66229e-23
13.279	5.70034e-23
13.2926	5.82359e-23
13.3062	5.96497e-23
13.3198	6.03134e-23
13.3334	6.0767e-23
13.347	6.00233e-23
13.3606	5.90412e-23
13.3742	5.77542e-23
13.3878	5.42431e-23
13.4014	5.09749e-23
13.415	4.84043e-23
13.4286	4.5132e-23
13.4422	4.16455e-23
13.4558	3.89792e-23
13.4695	3.72352e-23
13.4831	3.66921e-23
13.4967	3.56521e-23
13.5103	3.66016e-23
13.5239	3.77939e-23
13.5375	3.90779e-23
13.5511	3.99241e-23
13.5647	4.02308e-23
13.5783	4.54981e-23
13.5919	4.74265e-23
13.6055	4.35769e-23
13.6191	4.0045e-23
13.6327	3.75247e-23
13.6463	3.68222e-23
13.6599	3.64917e-23
13.6735	3.62503e-23
13.6871	3.59449e-23
13.7007	3.54567e-23
13.7144	3.49846e-23
13.728	3.43526e-23
13.7416	3.37572e-23
13.7552	3.32643e-23
13.7688	3.29914e-23
13.7824	3.32153e-23
13.796	3.35548e-23
13.8096	3.43204e-23
13.8232	3.52273e-23
13.8368	3.61809e-23
13.8504	3.70947e-23
13.864	3.79344e-23
13.8776	3.86863e-23
13.8912	3.93399e-23
13.9048	3.99178e-23
13.9184	4.02181e-23
13.932	4.07242e-23
13.9456	4.12794e-23
13.9593	4.24503e-23
13.9729	4.64607e-23
13.9865	4.86868e-23
14.0001	4.58472e-23
14.0137	4.45568e-23
14.0273	4.39704e-23
14.0409	4.36766e-23
14.0545	4.34429e-23
14.0681	4.29927e-23
14.0817	4.13204e-23
14.0953	4.00861e-23
14.1089	3.99176e-23
14.1225	3.92146e-23
14.1361	3.95222e-23
14.1497	3.87439e-23
14.1633	3.82731e-23
14.1769	4.08921e-23
14.1905	4.06671e-23
14.2041	4.42444e-23
14.2178	4.61918e-23
14.2314	4.65003e-23
14.245	4.64973e-23
14.2586	4.65882e-23
14.2722	5.09656e-23
14.2858	5.23732e-23
14.2994	4.87113e-23
14.313	4.48316e-23
14.3266	4.33101e-23
14.3402	4.21311e-23
14.3538	4.0199e-23
14.3674	3.89212e-23
14.381	3.79447e-23
14.3946	3.77224e-23
14.4082	3.74185e-23
14.4218	3.70924e-23
14.4354	3.72355e-23
14.449	3.71043e-23
14.4627	3.83652e-23
14.4763	3.89045e-23
14.4899	3.92893e-23
14.5035	3.92944e-23
14.5171	3.99293e-23
14.5307	3.98946e-23
14.5443	3.9984e-23
14.5579	4.08312e-23
14.5715	3.95725e-23
14.5851	4.0785e-23
14.5987	4.14813e-23
14.6123	4.2131e-23
14.6259	4.25467e-23
14.6395	4.29754e-23
14.6531	4.33749e-23
14.6667	4.38396e-23
14.6803	4.47795e-23
14.6939	4.52672e-23
14.7076	4.55826e-23
14.7212	4.64053e-23
14.7348	4.66767e-23
14.7484	4.61037e-23
14.762	4.45158e-23
14.7756	4.50063e-23
14.7892	4.54026e-23
14.8028	4.51778e-23
14.8164	4.37528e-23
14.83	4.28021e-23
14.8436	4.25715e-23
14.8572	4.23861e-23
14.8708	4.27759e-23
14.8844	4.2641e-23
14.898	4.25406e-23
14.9116	4.16843e-23
14.9252	4.18817e-23
14.9388	4.21079e-23
14.9661	4.1903e-23
14.9797	4.20084e-23
14.9933	4.17753e-23
15.0069	4.198e-23
15.0205	4.22124e-23
15.0341	4.30086e-23
15.0477	4.24585e-23
15.0613	4.34282e-23
15.0749	4.31825e-23
15.0885	4.24614e-23
15.1021	4.22987e-23
15.1157	4.2355e-23
15.1293	4.22819e-23
15.1429	4.43942e-23
15.1565	4.78008e-23
15.1837	4.48782e-23
15.1974	4.57628e-23
15.211	4.52845e-23
15.2246	4.51839e-23
15.2382	4.55828e-23
15.2518	4.58572e-23
15.2654	4.60071e-23
15.279	4.61023e-23
15.2926	4.58407e-23
15.3062	4.64727e-23
15.3198	4.63459e-23
15.3334	4.55111e-23
15.347	4.509e-23
15.3606	4.4758e-23
15.3742	4.58002e-23
15.3878	4.60978e-23
15.415	4.67418e-23
15.4286	4.63871e-23
15.4423	4.8054e-23
15.4559	4.74324e-23
15.4695	4.80726e-23
15.4831	4.96506e-23
15.4967	4.99029e-23
15.5103	4.82402e-23
15.5239	4.79227e-23
15.5375	4.77985e-23
15.5511	4.94602e-23
15.5647	5.07464e-23
15.5783	4.90827e-23
15.5919	5.00712e-23
15.6055	4.90296e-23
15.6191	4.94031e-23
15.6327	4.98091e-23
15.6463	4.95696e-23
15.6599	4.94588e-23
15.6735	4.83381e-23
15.6872	4.87398e-23
15.7008	4.87465e-23
15.7144	4.99194e-23
15.728	5.02468e-23
15.7416	5.0171e-23
15.7552	5.07257e-23
15.7688	4.99818e-23
15.7824	4.89333e-23
15.796	4.84831e-23
15.8096	4.79827e-23
15.8232	4.75739e-23
15.8368	4.66277e-23
16.0001	4.72464e-23
16.7501	5.10612e-23
17.2501	5.28625e-23
17.5001	5.3505e-23
18.0001	5.40565e-23
18.0501	5.10111e-23
18.1001	5.27173e-23
18.1501	5.21338e-23
18.2501	5.00987e-23
19.2501	5.11366e-23
20.0001	4.9615e-23
21.0001	4.19452e-23
22.0001	4.16382e-23
23.0001	3.91506e-23
24.0001	3.66825e-23
25.0001	3.56944e-23
30.0001	2.74179e-23
35.0002	2.05342e-23
40.0002	1.17305e-23
50.0002	5.34754e-24
60.0003	3.60491e-24
70.0003	2.64246e-24
80.0004	1.987e-24
90.0004	1.52794e-24
100.0	1.2289e-24
125.001	6.3834e-25
150.001	3.01568e-25
175.001	1.66773e-25
200.001	1.00287e-25
225.001	6.50242e-26
250.001	4.43783e-26
275.001	3.17509e-26
300.001	2.35927e-26